1 1
1 0.756
1 0.756
1 0.756
1 0.756
1 0.756
1 0.756
1 0.756
1 0.756
1 0.756
1 0.756
1 0.756
1 0.756
1 0.756
1 0.756
1 0.756
1 0.756
1 0.756
1 0.756
1 0.756
1 0.756
1 0.756
1 0.756
1 0.756
1 0.756
1 0.756
1 0.756
1 0.756
1 0.756
1 0.756
1 0.756
1 0.756
1 0.756
1 0.756
1 0.756
1 0.756
1 0.756
1 0.756
1 0.756
1 0.756
1 0.756
1 0.756
1 0.756
1 0.756
1 0.756
1 0.756
1 0.756
1 0.756
1 0.756
1 0.756
1 0.756
1 0.756
1 0.756
1 0.756
1 0.756
1 0.756
1 0.756
1 0.756
1 0.756
1 0.755667
1 0.755667
1 0.755667
1 0.755667
1 0.755667
1 0.755667
1 0.755667
1 0.755667
1 0.755667
1 0.755667
1 0.755667
1 0.755667
1 0.755667
1 0.755667
1 0.755333
1 0.755
1 0.755
1 0.755
1 0.754667
1 0.754667
1 0.754667
1 0.754667
1 0.754667
1 0.754667
1 0.754667
1 0.754667
1 0.754667
1 0.754333
1 0.754333
1 0.754
1 0.754
1 0.754
1 0.754
1 0.754
1 0.754
1 0.754
1 0.754
1 0.753667
1 0.753667
1 0.753667
1 0.753667
1 0.753333
1 0.753333
1 0.753333
1 0.753333
1 0.753333
1 0.753333
1 0.753
1 0.752667
1 0.752667
1 0.752333
1 0.752333
1 0.752333
1 0.752333
1 0.752333
1 0.752333
1 0.752333
1 0.752
1 0.751667
1 0.751667
1 0.751333
1 0.751
1 0.751
1 0.750667
1 0.750667
1 0.750667
1 0.750667
1 0.750667
1 0.750667
1 0.750667
1 0.750667
1 0.750667
1 0.750333
1 0.750333
1 0.750333
1 0.749667
1 0.749667
1 0.749667
1 0.749667
1 0.749667
1 0.749667
1 0.749333
1 0.749333
1 0.749333
1 0.749333
1 0.749333
1 0.749
1 0.749
1 0.748667
1 0.748667
1 0.748667
1 0.748667
1 0.748667
1 0.748667
1 0.748667
1 0.748667
1 0.748667
1 0.748667
1 0.748667
1 0.748667
1 0.748667
1 0.748667
1 0.748667
1 0.748667
1 0.748667
1 0.748333
1 0.748333
1 0.748333
1 0.748333
1 0.748333
1 0.748333
1 0.748333
1 0.748333
1 0.747667
1 0.747667
1 0.747333
1 0.747333
1 0.747333
1 0.747333
1 0.747333
1 0.747
1 0.746667
1 0.746333
1 0.745333
1 0.745333
1 0.745
1 0.745
1 0.744667
1 0.744
1 0.744
1 0.743667
1 0.743333
1 0.743
1 0.742667
1 0.742667
1 0.742667
1 0.742667
1 0.742667
1 0.742333
1 0.742333
1 0.742
1 0.741667
1 0.741333
1 0.741333
1 0.741
1 0.740667
1 0.739667
1 0.739667
1 0.739333
1 0.739333
1 0.739
1 0.739
1 0.739
1 0.738333
1 0.738333
1 0.738
1 0.738
1 0.738
1 0.737667
1 0.737333
1 0.737
1 0.736667
1 0.736667
1 0.736667
1 0.736333
1 0.736333
1 0.736333
1 0.736
1 0.736
1 0.735333
1 0.734667
1 0.734667
1 0.734333
1 0.734333
1 0.734333
1 0.734333
1 0.734
1 0.734
1 0.733667
1 0.733333
1 0.733
1 0.733
1 0.732667
1 0.732667
1 0.732
1 0.732
1 0.732
1 0.731667
1 0.731333
1 0.730667
1 0.730667
1 0.730667
1 0.730333
1 0.730333
1 0.730333
1 0.730333
1 0.73
1 0.73
1 0.729667
1 0.729667
1 0.729667
1 0.729333
1 0.729
1 0.729
1 0.728
1 0.727667
1 0.727333
1 0.727333
1 0.727333
1 0.726667
1 0.726333
1 0.726333
1 0.726333
1 0.726
1 0.725667
1 0.725
1 0.724667
1 0.724667
1 0.724333
1 0.724333
1 0.724333
1 0.724333
1 0.724333
1 0.724
1 0.723667
1 0.722333
1 0.722333
1 0.722333
1 0.722
1 0.721667
1 0.721
1 0.721
1 0.721
1 0.720667
1 0.719333
1 0.718667
1 0.717667
1 0.717
1 0.717
1 0.716333
1 0.716
1 0.715667
1 0.715333
1 0.715
1 0.714667
1 0.714333
1 0.714
1 0.714
1 0.713667
1 0.713333
1 0.713333
1 0.713
1 0.713
1 0.713
1 0.713
1 0.712333
1 0.712333
1 0.712
1 0.712
1 0.711333
1 0.710333
1 0.709333
1 0.709333
1 0.709
1 0.708667
1 0.708333
1 0.708
1 0.708
1 0.708
1 0.707667
1 0.707
1 0.707
1 0.707
1 0.706667
1 0.705333
1 0.705
1 0.704667
1 0.704333
1 0.703667
1 0.703333
1 0.702667
1 0.702667
1 0.702333
1 0.702333
1 0.701333
1 0.701333
1 0.701
1 0.700667
1 0.700667
1 0.700333
1 0.7
1 0.699667
1 0.699667
1 0.698667
1 0.698
1 0.698
1 0.698
1 0.697667
1 0.696667
1 0.696333
1 0.696333
1 0.696333
1 0.696333
1 0.695667
1 0.695
1 0.694333
1 0.693333
1 0.693333
1 0.693333
1 0.693
1 0.692667
1 0.692
1 0.691667
1 0.691333
1 0.691333
1 0.690667
1 0.690333
1 0.689333
1 0.688667
1 0.688333
1 0.688333
1 0.687667
1 0.687333
1 0.687
1 0.687
1 0.686667
1 0.686667
1 0.686667
1 0.686333
1 0.686
1 0.686
1 0.685667
1 0.685333
1 0.685
1 0.684333
1 0.683667
1 0.682333
1 0.682333
1 0.681667
1 0.681667
1 0.681
1 0.680667
1 0.680333
1 0.68
1 0.68
1 0.679333
1 0.678667
1 0.678333
1 0.678333
1 0.678
1 0.677667
1 0.677667
1 0.676667
1 0.676
1 0.675667
1 0.675667
1 0.675667
1 0.674
1 0.673667
1 0.673333
1 0.672333
1 0.671
1 0.670667
1 0.67
1 0.669333
1 0.668333
1 0.668
1 0.667
1 0.665667
1 0.664333
1 0.664
1 0.663667
1 0.663
1 0.662333
1 0.662
1 0.661333
1 0.660667
1 0.66
1 0.659667
1 0.659
1 0.658
1 0.656667
1 0.656
1 0.654667
1 0.654333
1 0.653333
1 0.652667
1 0.651333
1 0.649667
1 0.649333
1 0.648
1 0.647
1 0.646333
1 0.646333
1 0.646333
1 0.645667
1 0.645
1 0.644667
1 0.643667
1 0.643667
1 0.642333
1 0.642
1 0.641
1 0.640667
1 0.640333
1 0.639667
1 0.639333
1 0.639
1 0.638667
1 0.637667
1 0.637667
1 0.637667
1 0.636667
1 0.636333
1 0.635667
1 0.635667
1 0.634667
1 0.634333
1 0.633
1 0.631333
1 0.63
1 0.63
1 0.629
1 0.628
1 0.627333
1 0.626667
1 0.626
1 0.624667
1 0.624333
1 0.624
1 0.623
1 0.622667
1 0.622333
1 0.622333
1 0.621
1 0.62
1 0.619667
1 0.619
0.999667 0.619
0.999667 0.618667
0.999667 0.618
0.999667 0.617333
0.999667 0.616333
0.999667 0.615
0.999667 0.615
0.999667 0.614
0.999667 0.613
0.999667 0.612333
0.999667 0.611333
0.999667 0.610667
0.999667 0.609
0.999667 0.607667
0.999667 0.606667
0.999667 0.606667
0.999667 0.605
0.999667 0.604
0.999667 0.603667
0.999667 0.603333
0.999667 0.602667
0.999667 0.602
0.999667 0.600667
0.999667 0.599667
0.999667 0.597667
0.999667 0.597333
0.999667 0.596
0.999667 0.594667
0.999667 0.594333
0.999667 0.593667
0.999667 0.592333
0.999667 0.592
0.999667 0.590333
0.999667 0.59
0.999667 0.587667
0.999667 0.586
0.999667 0.585667
0.999667 0.585
0.999667 0.584
0.999667 0.582667
0.999667 0.581
0.999667 0.580333
0.999667 0.579333
0.999667 0.579
0.999667 0.578333
0.999667 0.577
0.999667 0.576333
0.999667 0.576333
0.999667 0.575667
0.999667 0.574667
0.999667 0.574
0.999667 0.573
0.999667 0.571333
0.999667 0.571
0.999667 0.57
0.999667 0.568667
0.999667 0.568333
0.999667 0.568
0.999667 0.568
0.999667 0.568
0.999667 0.567667
0.999667 0.566
0.999667 0.565
0.999667 0.564
0.999667 0.564
0.999667 0.562333
0.999667 0.561
0.999667 0.559667
0.999667 0.558667
0.999667 0.557667
0.999333 0.556667
0.999333 0.556
0.999333 0.555333
0.999333 0.555333
0.999333 0.554333
0.999333 0.554
0.999333 0.553
0.999333 0.552
0.999333 0.549333
0.999333 0.549
0.999333 0.547333
0.999333 0.546667
0.999333 0.545667
0.999333 0.544333
0.999333 0.544
0.999333 0.542667
0.999333 0.541333
0.999333 0.540333
0.999333 0.54
0.999333 0.539333
0.999333 0.538667
0.999333 0.537333
0.999333 0.535667
0.999333 0.535
0.999333 0.534667
0.999333 0.534333
0.999333 0.532333
0.999333 0.530667
0.999333 0.529333
0.999333 0.528
0.999333 0.527
0.999333 0.525667
0.999333 0.524667
0.999333 0.524
0.999333 0.522667
0.999333 0.521667
0.999333 0.521333
0.999333 0.521333
0.999333 0.521
0.999333 0.520667
0.999333 0.520333
0.999333 0.520333
0.999333 0.519333
0.999333 0.518
0.999333 0.517333
0.999333 0.516
0.999333 0.514333
0.999333 0.513667
0.999333 0.513
0.999333 0.512
0.999333 0.511333
0.999333 0.51
0.999333 0.509
0.999333 0.508333
0.999333 0.507667
0.999333 0.506333
0.999333 0.505333
0.999333 0.503667
0.999333 0.503333
0.999333 0.502
0.999333 0.500333
0.999333 0.499
0.999333 0.498333
0.999333 0.497667
0.999333 0.495667
0.999333 0.494333
0.999333 0.493
0.999333 0.492
0.999333 0.492
0.999333 0.491
0.999333 0.49
0.999333 0.488
0.999333 0.487333
0.999333 0.487
0.999333 0.486333
0.999333 0.486
0.999333 0.484333
0.999333 0.484
0.999333 0.482
0.999333 0.480667
0.999333 0.479667
0.999333 0.478333
0.999333 0.477667
0.999333 0.475333
0.999333 0.474667
0.999333 0.472667
0.999333 0.471667
0.999333 0.471
0.999333 0.469667
0.999333 0.468
0.999333 0.467333
0.999333 0.467333
0.999333 0.466
0.999333 0.464
0.999333 0.463
0.999333 0.463
0.999333 0.463
0.999333 0.462
0.999333 0.461667
0.999333 0.460667
0.999333 0.459667
0.999333 0.457667
0.999333 0.456667
0.999333 0.455
0.999333 0.454
0.999333 0.453
0.999333 0.452
0.999333 0.449667
0.999333 0.449667
0.999333 0.448333
0.999333 0.447
0.999333 0.446667
0.999333 0.445667
0.999333 0.444667
0.999333 0.443667
0.999333 0.442333
0.999333 0.441333
0.999333 0.439
0.999333 0.438333
0.999333 0.437
0.999333 0.436333
0.999333 0.436
0.999333 0.434333
0.999333 0.432667
0.999333 0.431
0.999333 0.430667
0.999333 0.43
0.999333 0.429333
0.999333 0.428667
0.999333 0.428
0.999333 0.427333
0.999333 0.426333
0.999333 0.424667
0.999333 0.423667
0.999333 0.423
0.999333 0.422667
0.999333 0.422333
0.999333 0.421
0.999333 0.42
0.999333 0.42
0.999333 0.419333
0.999333 0.418667
0.999333 0.417333
0.999333 0.416333
0.999333 0.414667
0.999333 0.414
0.999333 0.411333
0.999333 0.411
0.999333 0.411
0.999333 0.409667
0.999333 0.408667
0.999333 0.408
0.999333 0.407
0.999333 0.407
0.999333 0.405667
0.999333 0.404333
0.999333 0.404
0.999333 0.402333
0.999333 0.400667
0.999333 0.4
0.999333 0.398333
0.999333 0.396
0.999333 0.395333
0.999333 0.394667
0.999333 0.392667
0.999333 0.391667
0.999333 0.390333
0.999333 0.389333
0.999333 0.388333
0.999333 0.387667
0.999333 0.386667
0.999333 0.386333
0.999333 0.385
0.999333 0.384333
0.999333 0.383
0.999333 0.381333
0.999333 0.380667
0.999333 0.380333
0.999333 0.379
0.999333 0.377667
0.999333 0.376333
0.999333 0.375333
0.999333 0.373667
0.999333 0.373
0.999333 0.371333
0.999333 0.37
0.999333 0.369
0.999333 0.367667
0.999333 0.366667
0.999333 0.365
0.999333 0.363333
0.999333 0.362333
0.999333 0.360333
0.999333 0.358667
0.999333 0.356667
0.999333 0.355333
0.999333 0.354333
0.999333 0.351667
0.999333 0.35
0.999333 0.348
0.999333 0.346333
0.999333 0.344667
0.999333 0.344333
0.999333 0.343
0.999333 0.342667
0.999333 0.341333
0.999333 0.340667
0.999333 0.339333
0.999333 0.338
0.999333 0.337
0.999333 0.336
0.999333 0.335333
0.999333 0.334
0.999333 0.333
0.999333 0.332333
0.999333 0.330333
0.999333 0.329667
0.999333 0.328
0.999333 0.326
0.999333 0.325333
0.999 0.323
0.999 0.322667
0.999 0.321
0.999 0.32
0.999 0.319
0.999 0.318
0.999 0.316
0.999 0.315
0.999 0.314333
0.999 0.313333
0.999 0.311667
0.999 0.311
0.999 0.310667
0.999 0.309
0.999 0.308333
0.999 0.307333
0.999 0.306
0.999 0.305333
0.999 0.304333
0.999 0.303667
0.999 0.302667
0.999 0.300333
0.999 0.299
0.999 0.298
0.999 0.298
0.999 0.297333
0.999 0.296
0.999 0.294
0.999 0.292667
0.999 0.292
0.999 0.290667
0.999 0.29
0.999 0.288
0.999 0.287
0.999 0.285667
0.999 0.285
0.999 0.282667
0.999 0.282
0.999 0.281
0.999 0.280333
0.999 0.279
0.999 0.278667
0.999 0.278333
0.999 0.277333
0.999 0.276
0.999 0.274667
0.999 0.273667
0.999 0.272333
0.999 0.271667
0.999 0.271667
0.999 0.270333
0.999 0.269
0.999 0.267667
0.999 0.265333
0.999 0.263333
0.999 0.262333
0.999 0.259667
0.999 0.258667
0.999 0.257
0.999 0.255667
0.999 0.255
0.999 0.253333
0.999 0.252333
0.999 0.251333
0.999 0.25
0.999 0.249333
0.999 0.248667
0.999 0.247667
0.999 0.245667
0.999 0.244333
0.999 0.241333
0.999 0.240333
0.999 0.238667
0.999 0.236667
0.999 0.236
0.999 0.234667
0.999 0.233333
0.999 0.232
0.999 0.231333
0.999 0.231
0.999 0.228667
0.999 0.227667
0.999 0.226333
0.999 0.224667
0.999 0.224
0.999 0.223333
0.999 0.222333
0.999 0.221667
0.999 0.221
0.999 0.221
0.999 0.220333
0.999 0.218333
0.999 0.217
0.999 0.216667
0.999 0.215333
0.999 0.213333
0.999 0.212333
0.999 0.210667
0.999 0.209333
0.999 0.209
0.999 0.207
0.999 0.206
0.999 0.205333
0.999 0.205
0.999 0.203333
0.999 0.201333
0.999 0.201
0.999 0.2
0.999 0.199
0.999 0.197
0.999 0.196
0.999 0.195667
0.999 0.195667
0.999 0.194333
0.999 0.193333
0.999 0.192667
0.999 0.192
0.999 0.190667
0.999 0.189667
0.999 0.188667
0.999 0.186667
0.999 0.184
0.999 0.182667
0.999 0.182667
0.999 0.182333
0.999 0.181
0.999 0.179
0.999 0.178333
0.999 0.178
0.999 0.178
0.999 0.176
0.999 0.175
0.999 0.174
0.999 0.173667
0.999 0.172667
0.999 0.171667
0.999 0.171
0.999 0.169667
0.999 0.169333
0.999 0.168667
0.999 0.167333
0.999 0.166333
0.999 0.164333
0.999 0.163
0.999 0.162
0.999 0.161
0.999 0.159333
0.999 0.158
0.999 0.156
0.999 0.155
0.999 0.154667
0.999 0.153
0.999 0.151333
0.999 0.150667
0.999 0.15
0.999 0.149667
0.999 0.147
0.999 0.146333
0.999 0.144
0.998667 0.143
0.998667 0.141667
0.998667 0.14
0.998667 0.138667
0.998667 0.137
0.998667 0.136
0.998667 0.135667
0.998667 0.134333
0.998667 0.133
0.998667 0.131667
0.998667 0.131333
0.998667 0.129
0.998667 0.128333
0.998667 0.126333
0.998667 0.125667
0.998667 0.124667
0.998667 0.124667
0.998667 0.123667
0.998667 0.121333
0.998667 0.120333
0.998667 0.12
0.998667 0.119667
0.998667 0.119333
0.998667 0.119
0.998667 0.119
0.998667 0.118
0.998667 0.117
0.998667 0.115667
0.998667 0.115333
0.998667 0.114333
0.998667 0.114333
0.998667 0.113667
0.998667 0.113667
0.998667 0.113
0.998667 0.112
0.998667 0.112
0.998667 0.112
0.998667 0.109667
0.998667 0.108333
0.998667 0.106667
0.998667 0.106333
0.998667 0.106
0.998667 0.105667
0.998667 0.105667
0.998667 0.104667
0.998667 0.104333
0.998667 0.103333
0.998333 0.102667
0.998333 0.102333
0.998333 0.101333
0.998333 0.100333
0.998333 0.0996667
0.998333 0.099
0.998333 0.0983333
0.998333 0.097
0.998333 0.0963333
0.998333 0.0953333
0.998333 0.0946667
0.998333 0.0943333
0.998333 0.092
0.998333 0.0916667
0.998333 0.0906667
0.998333 0.0906667
0.998333 0.0906667
0.998333 0.09
0.998333 0.0896667
0.998333 0.0883333
0.998333 0.088
0.998333 0.0876667
0.998333 0.0873333
0.998333 0.0863333
0.998333 0.0856667
0.998333 0.0846667
0.998333 0.0846667
0.998333 0.0836667
0.998333 0.083
0.998333 0.0826667
0.998333 0.0823333
0.998333 0.0823333
0.998333 0.0823333
0.998333 0.0806667
0.998333 0.0803333
0.998333 0.08
0.998333 0.0796667
0.998333 0.0786667
0.998333 0.0783333
0.998333 0.078
0.998333 0.0773333
0.998333 0.077
0.998333 0.0763333
0.998333 0.0756667
0.998333 0.0753333
0.998333 0.075
0.998333 0.0736667
0.998333 0.0736667
0.998333 0.0733333
0.998333 0.073
0.998333 0.0723333
0.998333 0.071
0.998333 0.0703333
0.998333 0.069
0.998333 0.0683333
0.998 0.0676667
0.998 0.0673333
0.998 0.0666667
0.998 0.066
0.998 0.0656667
0.997667 0.0653333
0.997667 0.065
0.997667 0.065
0.997667 0.0643333
0.997667 0.0633333
0.997667 0.0626667
0.997667 0.0616667
0.997333 0.0606667
0.997333 0.0603333
0.997333 0.06
0.997333 0.0596667
0.997333 0.0593333
0.997333 0.059
0.997333 0.0583333
0.997333 0.058
0.997333 0.0576667
0.997333 0.0573333
0.997333 0.0566667
0.997333 0.056
0.997333 0.0556667
0.997333 0.0556667
0.997333 0.055
0.997333 0.0546667
0.997333 0.0543333
0.997333 0.0536667
0.997333 0.0533333
0.997333 0.053
0.997333 0.053
0.997333 0.0526667
0.997 0.052
0.997 0.051
0.997 0.0506667
0.997 0.0506667
0.997 0.0503333
0.997 0.0496667
0.997 0.0496667
0.997 0.0496667
0.997 0.049
0.997 0.049
0.996667 0.049
0.996667 0.0486667
0.996667 0.0486667
0.996667 0.0483333
0.996667 0.0476667
0.996667 0.047
0.996667 0.0456667
0.996667 0.0456667
0.996667 0.0456667
0.996667 0.0456667
0.996667 0.0456667
0.996667 0.0456667
0.996667 0.0453333
0.996667 0.0446667
0.996667 0.0446667
0.996667 0.0443333
0.996667 0.044
0.996667 0.0436667
0.996667 0.0433333
0.996667 0.043
0.996667 0.043
0.996667 0.0426667
0.996667 0.0423333
0.996667 0.042
0.996667 0.0416667
0.996667 0.0403333
0.996667 0.04
0.996667 0.04
0.996667 0.0396667
0.996667 0.0393333
0.996667 0.0393333
0.996667 0.0386667
0.996667 0.0386667
0.996667 0.0383333
0.996667 0.0376667
0.996667 0.0376667
0.996667 0.037
0.996667 0.037
0.996667 0.036
0.996667 0.0346667
0.996667 0.0333333
0.996667 0.0333333
0.996667 0.033
0.996667 0.033
0.996667 0.0323333
0.996667 0.0313333
0.996667 0.0313333
0.996667 0.031
0.996667 0.031
0.996667 0.0306667
0.996667 0.0303333
0.996667 0.029
0.996667 0.028
0.996667 0.028
0.996667 0.028
0.996667 0.0273333
0.996667 0.0266667
0.996667 0.0263333
0.996667 0.0263333
0.996667 0.0263333
0.996667 0.0263333
0.996667 0.0256667
0.996 0.025
0.996 0.025
0.996 0.024
0.996 0.0236667
0.996 0.0236667
0.996 0.0236667
0.996 0.023
0.996 0.023
0.995667 0.0226667
0.995333 0.0223333
0.995333 0.0223333
0.995333 0.0223333
0.995 0.0223333
0.995 0.0223333
0.995 0.0223333
0.995 0.0223333
0.994333 0.022
0.994333 0.022
0.994333 0.0216667
0.994333 0.0213333
0.994333 0.0206667
0.994333 0.02
0.994333 0.02
0.994 0.0196667
0.994 0.0193333
0.993667 0.0193333
0.993667 0.0193333
0.993667 0.0193333
0.993667 0.0193333
0.993667 0.0193333
0.993667 0.0193333
0.993667 0.019
0.993667 0.0186667
0.993667 0.0186667
0.993667 0.018
0.993667 0.018
0.993667 0.018
0.993667 0.018
0.993667 0.0173333
0.993667 0.017
0.993667 0.017
0.993333 0.017
0.993333 0.017
0.993333 0.0166667
0.993333 0.0166667
0.993333 0.0166667
0.993 0.0166667
0.993 0.0166667
0.993 0.016
0.993 0.0156667
0.993 0.0153333
0.993 0.0153333
0.993 0.0153333
0.993 0.015
0.993 0.015
0.993 0.015
0.993 0.014
0.993 0.014
0.993 0.0136667
0.993 0.0136667
0.993 0.0136667
0.993 0.0136667
0.993 0.0133333
0.993 0.0133333
0.993 0.0133333
0.993 0.013
0.993 0.0123333
0.993 0.0123333
0.992667 0.012
0.992667 0.0113333
0.992667 0.0113333
0.992667 0.0113333
0.992667 0.011
0.992667 0.011
0.992667 0.011
0.992667 0.011
0.992667 0.011
0.992667 0.011
0.992667 0.011
0.992667 0.011
0.992667 0.011
0.992667 0.0106667
0.992667 0.0106667
0.992667 0.0106667
0.992667 0.0106667
0.992667 0.0106667
0.992667 0.0106667
0.992667 0.0106667
0.992667 0.0106667
0.992667 0.0103333
0.992667 0.01
0.992667 0.01
0.992667 0.00933333
0.992667 0.009
0.992667 0.009
0.992667 0.00866667
0.992333 0.00866667
0.992 0.00866667
0.992 0.00866667
0.992 0.00866667
0.992 0.00866667
0.991 0.00833333
0.990667 0.00833333
0.990333 0.00833333
0.989667 0.00833333
0.989333 0.00833333
0.989333 0.00833333
0.989333 0.00833333
0.989333 0.008
0.989333 0.008
0.989 0.008
0.988667 0.008
0.988667 0.00766667
0.988667 0.00766667
0.988 0.00766667
0.987667 0.00766667
0.987667 0.00766667
0.987667 0.00766667
0.986667 0.00766667
0.986 0.00766667
0.986 0.00766667
0.986 0.00766667
0.986 0.00766667
0.985667 0.00766667
0.985667 0.00766667
0.985667 0.00733333
0.985667 0.00733333
0.985333 0.00733333
0.985333 0.007
0.985 0.007
0.985 0.007
0.985 0.007
0.984 0.007
0.984 0.00633333
0.984 0.00633333
0.984 0.00633333
0.984 0.00633333
0.984 0.006
0.984 0.006
0.983667 0.006
0.983333 0.006
0.983333 0.006
0.983333 0.006
0.983 0.006
0.983 0.00566667
0.983 0.00533333
0.983 0.00533333
0.983 0.00533333
0.983 0.005
0.982333 0.005
0.982 0.00466667
0.982 0.00466667
0.982 0.00466667
0.982 0.00466667
0.981667 0.00466667
0.981 0.00466667
0.981 0.00466667
0.981 0.00433333
0.981 0.00433333
0.980667 0.00433333
0.980667 0.00433333
0.980333 0.00433333
0.98 0.00433333
0.979333 0.00433333
0.979 0.00433333
0.978667 0.004
0.978333 0.004
0.978 0.004
0.978 0.004
0.978 0.00366667
0.977667 0.00366667
0.977333 0.00366667
0.976333 0.00366667
0.976 0.00366667
0.976 0.00333333
0.975667 0.00333333
0.975 0.00333333
0.974667 0.00333333
0.974 0.00333333
0.973333 0.00333333
0.973333 0.00333333
0.972667 0.00333333
0.972667 0.00333333
0.972667 0.00333333
0.972 0.00333333
0.972 0.00333333
0.972 0.00333333
0.972 0.00333333
0.971667 0.00333333
0.971333 0.00333333
0.971 0.003
0.970667 0.00266667
0.970333 0.00266667
0.969667 0.00266667
0.969333 0.00233333
0.969333 0.00233333
0.969 0.00233333
0.968333 0.00233333
0.967333 0.00233333
0.967333 0.00233333
0.967 0.00233333
0.967 0.00233333
0.966 0.00233333
0.966 0.00233333
0.965333 0.002
0.964667 0.002
0.964667 0.002
0.964 0.002
0.963667 0.002
0.963667 0.002
0.963333 0.00166667
0.962667 0.00166667
0.962667 0.00166667
0.962333 0.00166667
0.961333 0.00166667
0.961 0.00166667
0.960667 0.00166667
0.96 0.00166667
0.959 0.00166667
0.958667 0.00166667
0.957667 0.00166667
0.956667 0.00166667
0.956667 0.00166667
0.956333 0.00166667
0.955333 0.00166667
0.955333 0.00133333
0.954333 0.00133333
0.953667 0.00133333
0.953333 0.00133333
0.952667 0.00133333
0.952 0.00133333
0.951667 0.00133333
0.951333 0.00133333
0.951 0.00133333
0.951 0.00133333
0.95 0.00133333
0.949667 0.00133333
0.949333 0.00133333
0.949 0.00133333
0.948667 0.00133333
0.948667 0.00133333
0.948 0.00133333
0.947667 0.00133333
0.946 0.00133333
0.944667 0.00133333
0.944 0.00133333
0.943667 0.00133333
0.942667 0.00133333
0.942667 0.00133333
0.941667 0.00133333
0.940667 0.00133333
0.940333 0.00133333
0.94 0.00133333
0.94 0.001
0.939333 0.001
0.938667 0.001
0.938333 0.001
0.938 0.001
0.938 0.001
0.937 0.001
0.935333 0.001
0.935 0.001
0.934 0.001
0.932667 0.001
0.931667 0.001
0.930667 0.001
0.929333 0.000666667
0.928667 0.000666667
0.927667 0.000666667
0.926667 0.000666667
0.926667 0.000666667
0.926333 0.000666667
0.926333 0.000666667
0.926 0.000333333
0.924 0.000333333
0.923333 0.000333333
0.922667 0.000333333
0.922 0.000333333
0.921667 0.000333333
0.92 0.000333333
0.919333 0.000333333
0.919333 0.000333333
0.919 0.000333333
0.917667 0.000333333
0.917 0.000333333
0.916 0.000333333
0.914333 0.000333333
0.914 0.000333333
0.913333 0.000333333
0.912667 0.000333333
0.911667 0.000333333
0.910667 0.000333333
0.910667 0.000333333
0.909333 0.000333333
0.908333 0.000333333
0.907333 0.000333333
0.906667 0.000333333
0.905333 0.000333333
0.904667 0.000333333
0.903333 0.000333333
0.901667 0.000333333
0.900333 0.000333333
0.899 0.000333333
0.897333 0.000333333
0.896333 0.000333333
0.895667 0.000333333
0.894667 0.000333333
0.894 0.000333333
0.892667 0.000333333
0.892333 0.000333333
0.892 0.000333333
0.890667 0.000333333
0.890667 0.000333333
0.889 0.000333333
0.888667 0.000333333
0.887333 0.000333333
0.886667 0.000333333
0.886667 0.000333333
0.885 0.000333333
0.883667 0.000333333
0.883 0.000333333
0.882667 0.000333333
0.881667 0.000333333
0.881333 0.000333333
0.880333 0.000333333
0.879667 0.000333333
0.878333 0.000333333
0.877667 0.000333333
0.876333 0.000333333
0.876 0.000333333
0.873 0.000333333
0.872667 0.000333333
0.871667 0.000333333
0.870667 0.000333333
0.868667 0.000333333
0.867333 0.000333333
0.866667 0.000333333
0.864333 0.000333333
0.863 0.000333333
0.863 0.000333333
0.861667 0.000333333
0.860667 0.000333333
0.859667 0.000333333
0.859 0.000333333
0.858667 0.000333333
0.857667 0.000333333
0.855667 0.000333333
0.855333 0.000333333
0.854 0.000333333
0.852333 0.000333333
0.851 0.000333333
0.85 0.000333333
0.848667 0.000333333
0.847333 0.000333333
0.846 0.000333333
0.844333 0.000333333
0.842333 0.000333333
0.841667 0.000333333
0.840333 0.000333333
0.839 0.000333333
0.837333 0.000333333
0.836 0.000333333
0.835 0.000333333
0.834333 0.000333333
0.833333 0.000333333
0.832333 0.000333333
0.83 0.000333333
0.828 0.000333333
0.826 0.000333333
0.824333 0.000333333
0.822333 0.000333333
0.821 0.000333333
0.819667 0.000333333
0.819 0.000333333
0.817667 0.000333333
0.815667 0.000333333
0.815 0.000333333
0.812667 0.000333333
0.811667 0.000333333
0.81 0.000333333
0.809 0.000333333
0.806667 0.000333333
0.803333 0.000333333
0.800667 0.000333333
0.799333 0.000333333
0.796333 0.000333333
0.794667 0.000333333
0.793333 0.000333333
0.791333 0.000333333
0.789667 0.000333333
0.787333 0.000333333
0.786333 0.000333333
0.784667 0.000333333
0.783333 0.000333333
0.781333 0.000333333
0.779333 0.000333333
0.778667 0.000333333
0.776 0.000333333
0.775 0.000333333
0.773 0.000333333
0.770667 0.000333333
0.769333 0.000333333
0.766667 0.000333333
0.764667 0.000333333
0.762333 0.000333333
0.760667 0.000333333
0.758333 0.000333333
0.756667 0.000333333
0.755667 0.000333333
0.753 0.000333333
0.751667 0.000333333
0.751 0.000333333
0.748 0.000333333
0.747 0.000333333
0.744333 0.000333333
0.741667 0.000333333
0.740667 0.000333333
0.737333 0.000333333
0.736 0.000333333
0.733667 0.000333333
0.732 0.000333333
0.73 0.000333333
0.727333 0.000333333
0.724667 0.000333333
0.722333 0.000333333
0.720667 0.000333333
0.719333 0.000333333
0.719 0.000333333
0.716667 0.000333333
0.714333 0.000333333
0.712 0.000333333
0.710667 0.000333333
0.709 0.000333333
0.707667 0.000333333
0.705667 0.000333333
0.702667 0.000333333
0.701 0.000333333
0.7 0.000333333
0.697667 0.000333333
0.696 0.000333333
0.694333 0.000333333
0.689667 0.000333333
0.686667 0.000333333
0.684333 0.000333333
0.683 0.000333333
0.68 0.000333333
0.677667 0.000333333
0.674 0.000333333
0.673 0.000333333
0.669333 0.000333333
0.666667 0.000333333
0.666 0.000333333
0.663333 0.000333333
0.66 0.000333333
0.657667 0.000333333
0.655667 0.000333333
0.654 0.000333333
0.650333 0.000333333
0.649 0.000333333
0.646333 0.000333333
0.644 0.000333333
0.642 0.000333333
0.64 0.000333333
0.637 0.000333333
0.634 0.000333333
0.631667 0.000333333
0.629667 0.000333333
0.626333 0.000333333
0.621 0.000333333
0.618667 0.000333333
0.616 0.000333333
0.613 0.000333333
0.611 0.000333333
0.609 0.000333333
0.606 0.000333333
0.604 0.000333333
0.600667 0.000333333
0.597333 0.000333333
0.595333 0.000333333
0.591333 0
0.588667 0
0.586 0
0.583 0
0.579333 0
0.576 0
0.573667 0
0.571333 0
0.57 0
0.568333 0
0.565333 0
0.562333 0
0.558667 0
0.556667 0
0.555667 0
0.553 0
0.549333 0
0.548333 0
0.544667 0
0.539667 0
0.535 0
0.532667 0
0.531 0
0.528667 0
0.525333 0
0.522333 0
0.521333 0
0.518333 0
0.514667 0
0.511667 0
0.509333 0
0.506667 0
0.504667 0
0.502333 0
0.498667 0
0.495333 0
0.492667 0
0.490333 0
0.486 0
0.484 0
0.480667 0
0.477333 0
0.476667 0
0.473667 0
0.473 0
0.47 0
0.466667 0
0.463 0
0.46 0
0.458 0
0.455667 0
0.452 0
0.448333 0
0.445333 0
0.44 0
0.437333 0
0.434667 0
0.432333 0
0.428667 0
0.426 0
0.423 0
0.420333 0
0.416667 0
0.413333 0
0.411333 0
0.41 0
0.408 0
0.404667 0
0.401333 0
0.397667 0
0.395333 0
0.392333 0
0.388 0
0.384333 0
0.38 0
0.377 0
0.372667 0
0.369667 0
0.366333 0
0.364333 0
0.362 0
0.358667 0
0.357 0
0.355333 0
0.353 0
0.349667 0
0.345667 0
0.342 0
0.339 0
0.336333 0
0.332 0
0.330333 0
0.326333 0
0.325 0
0.322 0
0.317667 0
0.315 0
0.314333 0
0.311667 0
0.308 0
0.305333 0
0.302667 0
0.3 0
0.298 0
0.294333 0
0.292 0
0.289667 0
0.285667 0
0.282333 0
0.281 0
0.277667 0
0.275 0
0.271333 0
0.266667 0
0.264667 0
0.262667 0
0.260667 0
0.258 0
0.256 0
0.253667 0
0.25 0
0.248 0
0.245 0
0.243333 0
0.24 0
0.238333 0
0.234333 0
0.231667 0
0.227667 0
0.225 0
0.221333 0
0.220667 0
0.217333 0
0.216 0
0.213667 0
0.211333 0
0.208667 0
0.206667 0
0.202667 0
0.199333 0
0.196333 0
0.194667 0
0.193667 0
0.189333 0
0.187667 0
0.185333 0
0.183 0
0.182 0
0.18 0
0.177 0
0.174333 0
0.171333 0
0.169667 0
0.167 0
0.164 0
0.160667 0
0.159667 0
0.158667 0
0.157667 0
0.155 0
0.153333 0
0.150667 0
0.149667 0
0.148333 0
0.145333 0
0.142667 0
0.14 0
0.138667 0
0.137 0
0.134333 0
0.132333 0
0.13 0
0.129 0
0.125667 0
0.123333 0
0.121667 0
0.119333 0
0.118667 0
0.117667 0
0.115 0
0.113 0
0.111333 0
0.11 0
0.109 0
0.107333 0
0.106 0
0.103667 0
0.102 0
0.0996667 0
0.0983333 0
0.0953333 0
0.094 0
0.0913333 0
0.0893333 0
0.0883333 0
0.0863333 0
0.0836667 0
0.082 0
0.081 0
0.0796667 0
0.0776667 0
0.075 0
0.0743333 0
0.0733333 0
0.0716667 0
0.0703333 0
0.0686667 0
0.0683333 0
0.0676667 0
0.0666667 0
0.0636667 0
0.062 0
0.0606667 0
0.06 0
0.06 0
0.0593333 0
0.0576667 0
0.0546667 0
0.0536667 0
0.0526667 0
0.0523333 0
0.0513333 0
0.05 0
0.0483333 0
0.0476667 0
0.0476667 0
0.047 0
0.046 0
0.0456667 0
0.043 0
0.043 0
0.042 0
0.042 0
0.041 0
0.0396667 0
0.0393333 0
0.039 0
0.0383333 0
0.038 0
0.0376667 0
0.0376667 0
0.037 0
0.0363333 0
0.0356667 0
0.0356667 0
0.0353333 0
0.0346667 0
0.0343333 0
0.0326667 0
0.031 0
0.0296667 0
0.0293333 0
0.0283333 0
0.0273333 0
0.0263333 0
0.025 0
0.0243333 0
0.0233333 0
0.023 0
0.0223333 0
0.0216667 0
0.021 0
0.0193333 0
0.0183333 0
0.0176667 0
0.017 0
0.017 0
0.0166667 0
0.0163333 0
0.0156667 0
0.015 0
0.0146667 0
0.0146667 0
0.0136667 0
0.0133333 0
0.012 0
0.0116667 0
0.0113333 0
0.0113333 0
0.011 0
0.0106667 0
0.0103333 0
0.00966667 0
0.00966667 0
0.00933333 0
0.00866667 0
0.008 0
0.00766667 0
0.00733333 0
0.007 0
0.007 0
0.007 0
0.007 0
0.007 0
0.00666667 0
0.00666667 0
0.00666667 0
0.00633333 0
0.00566667 0
0.00566667 0
0.00566667 0
0.00566667 0
0.005 0
0.005 0
0.005 0
0.00466667 0
0.00466667 0
0.00433333 0
0.004 0
0.004 0
0.00366667 0
0.00366667 0
0.00366667 0
0.00366667 0
0.00366667 0
0.00333333 0
0.003 0
0.003 0
0.003 0
0.00266667 0
0.00266667 0
0.00266667 0
0.00266667 0
0.00266667 0
0.00266667 0
0.00233333 0
0.00233333 0
0.00233333 0
0.002 0
0.002 0
0.002 0
0.002 0
0.002 0
0.002 0
0.00133333 0
0.00133333 0
0.00133333 0
0.00133333 0
0.00133333 0
0.00133333 0
0.001 0
0.001 0
0.001 0
0.001 0
0.001 0
0.001 0
0.001 0
0.001 0
0.001 0
0.001 0
0.000666667 0
0.000666667 0
0.000666667 0
0.000666667 0
0.000333333 0
0.000333333 0
0.000333333 0
0.000333333 0
0.000333333 0
0.000333333 0
0.000333333 0
0.000333333 0
0.000333333 0
0.000333333 0
0.000333333 0
0.000333333 0
0.000333333 0

