0.000000 0.000000
0.000000 0.000000
0.000000 0.000000
0.000000 0.000000
0.000000 0.000000
0.000000 0.000333
0.000000 0.000333
0.000000 0.001000
0.000000 0.001333
0.000000 0.001333
0.000000 0.002000
0.000000 0.002333
0.000000 0.003667
0.000000 0.005667
0.000000 0.008667
0.000000 0.011667
0.000000 0.013667
0.000000 0.015000
0.000000 0.019333
0.000000 0.024000
0.000000 0.030333
0.000000 0.034333
0.000000 0.040000
0.000000 0.046667
0.000000 0.056000
0.000000 0.065667
0.000000 0.073667
0.000000 0.084667
0.000000 0.094667
0.000000 0.104000
0.000000 0.120667
0.000000 0.134000
0.000000 0.147667
0.000000 0.160000
0.000000 0.181333
0.000000 0.197667
0.000000 0.216667
0.000000 0.236333
0.000000 0.251667
0.000000 0.272667
0.000000 0.295667
0.000000 0.318667
0.000000 0.341667
0.000000 0.362000
0.000000 0.384000
0.000000 0.406000
0.000000 0.424000
0.000000 0.443333
0.000000 0.470000
0.000000 0.488333
0.000000 0.503667
0.000000 0.524667
0.000000 0.545000
0.000000 0.566667
0.000000 0.587667
0.000000 0.606333
0.000000 0.624000
0.000000 0.641000
0.000000 0.658333
0.000000 0.672333
0.000000 0.687000
0.000000 0.701667
0.000000 0.714333
0.000000 0.728333
0.000000 0.742000
0.000000 0.750000
0.000000 0.764000
0.000000 0.773667
0.000000 0.785000
0.000000 0.802000
0.000000 0.811667
0.000000 0.822667
0.000000 0.836333
0.000000 0.842333
0.000000 0.848667
0.000000 0.860000
0.000000 0.869000
0.000000 0.877333
0.000000 0.883667
0.000000 0.890333
0.000000 0.896333
0.000000 0.904333
0.000000 0.908000
0.000000 0.912667
0.000000 0.916667
0.000000 0.921000
0.000000 0.925667
0.000000 0.930333
0.000000 0.934667
0.000000 0.937667
0.000000 0.941667
0.000000 0.945000
0.000000 0.948000
0.000000 0.950333
0.000000 0.952333
0.000000 0.955667
0.000000 0.957667
0.000000 0.959667
0.000000 0.961000
0.000000 0.963667
0.000000 0.966667
0.000000 0.968667
0.000000 0.969667
0.000000 0.971667
0.000000 0.973333
0.000000 0.975000
0.000000 0.976333
0.000000 0.977333
0.000000 0.978667
0.000000 0.980000
0.000000 0.981000
0.000000 0.981333
0.000000 0.982000
0.000000 0.983000
0.000000 0.983667
0.000000 0.984667
0.000000 0.985000
0.000000 0.985333
0.000333 0.987000
0.000333 0.988000
0.000333 0.988667
0.000333 0.989000
0.000333 0.990000
0.000333 0.990333
0.000333 0.990333
0.000333 0.990667
0.000333 0.991333
0.000333 0.991667
0.000333 0.991667
0.000333 0.991667
0.000333 0.991667
0.000333 0.992000
0.000333 0.992000
0.000333 0.992333
0.000333 0.993000
0.000333 0.993667
0.000333 0.993667
0.000333 0.994333
0.000333 0.995000
0.000333 0.995333
0.000667 0.995667
0.000667 0.995667
0.000667 0.996000
0.001000 0.996000
0.001000 0.996333
0.001000 0.996667
0.001000 0.997333
0.001000 0.997333
0.001333 0.997333
0.001667 0.997333
0.002000 0.997333
0.002667 0.997333
0.004000 0.997667
0.004000 0.997667
0.004667 0.997667
0.005333 0.997667
0.006000 0.997667
0.006667 0.997667
0.007667 0.997667
0.008000 0.997667
0.009000 0.997667
0.010333 0.997667
0.012333 0.997667
0.015333 0.997667
0.016667 0.997667
0.018667 0.998000
0.022000 0.998000
0.023333 0.998333
0.026667 0.998333
0.029667 0.998333
0.034000 0.998333
0.037000 0.998333
0.043667 0.998333
0.046667 0.998333
0.052000 0.998333
0.059333 0.998333
0.066333 0.998333
0.073667 0.998333
0.081333 0.998667
0.088000 0.998667
0.099333 0.998667
0.115333 0.998667
0.126333 0.998667
0.139667 0.998667
0.155667 0.998667
0.167333 0.998667
0.184000 0.998667
0.203667 0.998667
0.220000 0.998667
0.240333 0.998667
0.261333 0.998667
0.284000 0.998667
0.307333 0.998667
0.331333 0.999000
0.352667 0.999333
0.378333 0.999333
0.401333 0.999333
0.429333 0.999333
0.455000 0.999333
0.487333 0.999333
0.515667 0.999333
0.538667 0.999333
0.567333 0.999333
0.591667 0.999333
0.612000 0.999667
0.635333 0.999667
0.661000 0.999667
0.684333 0.999667
0.712000 0.999667
0.736000 0.999667
0.756667 0.999667
0.775333 0.999667
0.789667 0.999667
0.812667 0.999667
0.831000 0.999667
0.844667 0.999667
0.860000 1.000000
0.875667 1.000000
0.890000 1.000000
0.900333 1.000000
0.913000 1.000000
0.923000 1.000000
0.934333 1.000000
0.943000 1.000000
0.949000 1.000000
0.955000 1.000000
0.961667 1.000000
0.966333 1.000000
0.972000 1.000000
0.975000 1.000000
0.979000 1.000000
0.982000 1.000000
0.985667 1.000000
0.988333 1.000000
0.991333 1.000000
0.992333 1.000000
0.994333 1.000000
0.994667 1.000000
0.996333 1.000000
0.996333 1.000000
0.996333 1.000000
0.996667 1.000000
0.997000 1.000000
0.997667 1.000000
0.998333 1.000000
0.998667 1.000000
0.999000 1.000000
0.999000 1.000000
0.999000 1.000000
0.999333 1.000000
0.999333 1.000000
0.999333 1.000000
0.999333 1.000000
0.999667 1.000000
1.000000 1.000000
1.000000 1.000000
1.000000 1.000000
1.000000 1.000000
1.000000 1.000000
1.000000 1.000000
1.000000 1.000000
1.000000 1.000000
1.000000 1.000000
1.000000 1.000000
1.000000 1.000000
1.000000 1.000000
1.000000 1.000000
1.000000 1.000000
1.000000 1.000000
1.000000 1.000000
1.000000 1.000000
1.000000 1.000000
1.000000 1.000000
1.000000 1.000000
1.000000 1.000000
1.000000 1.000000
1.000000 1.000000
1.000000 1.000000
1.000000 1.000000
1.000000 1.000000
1.000000 1.000000
1.000000 1.000000
1.000000 1.000000
1.000000 1.000000
1.000000 1.000000
1.000000 1.000000
1.000000 1.000000
1.000000 1.000000
1.000000 1.000000
1.000000 1.000000
1.000000 1.000000
1.000000 1.000000
1.000000 1.000000
1.000000 1.000000
1.000000 1.000000
1.000000 1.000000
1.000000 1.000000
1.000000 1.000000
1.000000 1.000000
1.000000 1.000000
1.000000 1.000000
1.000000 1.000000
1.000000 1.000000
1.000000 1.000000
1.000000 1.000000
1.000000 1.000000
1.000000 1.000000
1.000000 1.000000
1.000000 1.000000
1.000000 1.000000
1.000000 1.000000
1.000000 1.000000
1.000000 1.000000
1.000000 1.000000
1.000000 1.000000
1.000000 1.000000
1.000000 1.000000
1.000000 1.000000
1.000000 1.000000
1.000000 1.000000
1.000000 1.000000
1.000000 1.000000
1.000000 1.000000
1.000000 1.000000
1.000000 1.000000
1.000000 1.000000
1.000000 1.000000
1.000000 1.000000
1.000000 1.000000
1.000000 1.000000
1.000000 1.000000
1.000000 1.000000
1.000000 1.000000
1.000000 1.000000
1.000000 1.000000
1.000000 1.000000
1.000000 1.000000
1.000000 1.000000
1.000000 1.000000
1.000000 1.000000
1.000000 1.000000
1.000000 1.000000
1.000000 1.000000
1.000000 1.000000
1.000000 1.000000
1.000000 1.000000
1.000000 1.000000
1.000000 1.000000
1.000000 1.000000
1.000000 1.000000
1.000000 1.000000
1.000000 1.000000
1.000000 1.000000
1.000000 1.000000
1.000000 1.000000
1.000000 1.000000
1.000000 1.000000
1.000000 1.000000
1.000000 1.000000
1.000000 1.000000
1.000000 1.000000
1.000000 1.000000
1.000000 1.000000
1.000000 1.000000
1.000000 1.000000
1.000000 1.000000
1.000000 1.000000
1.000000 1.000000
1.000000 1.000000
1.000000 1.000000
1.000000 1.000000
1.000000 1.000000
1.000000 1.000000
1.000000 1.000000
1.000000 1.000000
1.000000 1.000000
1.000000 1.000000
1.000000 1.000000
1.000000 1.000000
1.000000 1.000000
1.000000 1.000000
1.000000 1.000000
1.000000 1.000000
1.000000 1.000000
1.000000 1.000000
1.000000 1.000000
1.000000 1.000000
1.000000 1.000000
1.000000 1.000000
1.000000 1.000000
1.000000 1.000000
1.000000 1.000000
1.000000 1.000000
1.000000 1.000000
1.000000 1.000000
1.000000 1.000000
1.000000 1.000000
1.000000 1.000000
1.000000 1.000000
1.000000 1.000000
