0.000000 0.000000
0.000000 0.000000
0.000000 0.000000
0.000000 0.000000
0.000000 0.000000
0.000000 0.000000
0.000000 0.000000
0.000000 0.000000
0.000000 0.000000
0.000000 0.000000
0.000000 0.000000
0.000000 0.000000
0.000000 0.000000
0.000000 0.000000
0.000000 0.000000
0.000000 0.000000
0.000000 0.000000
0.000000 0.000000
0.000000 0.000000
0.000000 0.000000
0.000000 0.000000
0.000000 0.000000
0.000000 0.000000
0.000000 0.000000
0.000000 0.000000
0.000000 0.000000
0.000000 0.000000
0.000000 0.000000
0.000000 0.000000
0.000000 0.000000
0.000333 0.000000
0.000333 0.000000
0.000333 0.000000
0.000333 0.000000
0.000333 0.000000
0.000333 0.000000
0.000333 0.000000
0.000333 0.000000
0.000333 0.000000
0.000333 0.000000
0.000667 0.000000
0.000667 0.000000
0.000667 0.000000
0.001000 0.000000
0.001000 0.000000
0.001000 0.000000
0.001000 0.000000
0.001000 0.000000
0.001000 0.000000
0.001333 0.000000
0.001667 0.000000
0.001667 0.000000
0.001667 0.000000
0.001667 0.000000
0.002000 0.000000
0.002000 0.000000
0.002000 0.000000
0.002333 0.000000
0.002333 0.000000
0.002667 0.000000
0.003000 0.000000
0.003000 0.000000
0.003333 0.000000
0.003333 0.000000
0.003667 0.000000
0.003667 0.000000
0.003667 0.000000
0.003667 0.000000
0.004000 0.000000
0.004000 0.000000
0.004000 0.000000
0.004000 0.000000
0.004000 0.000000
0.004000 0.000000
0.004000 0.000000
0.004000 0.000000
0.004333 0.000000
0.005333 0.000000
0.005333 0.000000
0.005333 0.000000
0.005333 0.000000
0.005333 0.000000
0.005333 0.000000
0.005333 0.000000
0.005667 0.000000
0.006000 0.000000
0.006333 0.000000
0.006333 0.000000
0.007000 0.000000
0.007667 0.000000
0.008667 0.000000
0.008667 0.000000
0.009000 0.000000
0.009000 0.000000
0.009333 0.000000
0.010333 0.000000
0.010667 0.000000
0.011667 0.000000
0.012000 0.000000
0.012667 0.000000
0.012667 0.000000
0.013333 0.000000
0.014333 0.000000
0.014333 0.000000
0.015333 0.000000
0.015333 0.000000
0.016333 0.000000
0.017333 0.000000
0.017333 0.000000
0.018333 0.000000
0.019000 0.000000
0.019000 0.000000
0.020000 0.000000
0.020667 0.000000
0.021667 0.000000
0.022667 0.000000
0.023000 0.000000
0.023667 0.000000
0.025000 0.000000
0.026000 0.000000
0.026333 0.000000
0.027333 0.000000
0.027667 0.000000
0.029000 0.000000
0.029333 0.000000
0.030333 0.000000
0.031667 0.000000
0.032333 0.000000
0.033000 0.000000
0.033667 0.000000
0.035000 0.000000
0.036333 0.000000
0.036667 0.000000
0.038667 0.000000
0.040667 0.000000
0.042000 0.000000
0.044333 0.000000
0.046000 0.000000
0.046667 0.000000
0.048667 0.000000
0.050333 0.000000
0.051333 0.000000
0.052333 0.000000
0.054000 0.000000
0.055667 0.000000
0.057333 0.000000
0.058333 0.000000
0.060000 0.000000
0.061333 0.000000
0.062333 0.000000
0.063667 0.000000
0.065333 0.000000
0.067333 0.000000
0.069667 0.000000
0.074000 0.000000
0.077000 0.000000
0.078667 0.000000
0.080667 0.000000
0.083667 0.000000
0.085000 0.000000
0.088667 0.000000
0.092667 0.000000
0.094667 0.000000
0.096667 0.000000
0.098667 0.000000
0.101333 0.000000
0.102333 0.000000
0.104333 0.000000
0.107333 0.000000
0.110000 0.000000
0.113667 0.000000
0.116000 0.000000
0.117667 0.000000
0.120333 0.000000
0.124333 0.000000
0.126667 0.000000
0.130000 0.000000
0.133333 0.000000
0.136333 0.000000
0.137667 0.000000
0.139333 0.000000
0.141000 0.000000
0.144333 0.000000
0.147667 0.000000
0.150000 0.000000
0.152667 0.000000
0.156667 0.000000
0.159667 0.000000
0.163333 0.000000
0.167667 0.000000
0.172000 0.000000
0.176333 0.000000
0.180667 0.000000
0.185000 0.000000
0.190000 0.000000
0.192667 0.000000
0.196000 0.000000
0.201333 0.000000
0.205667 0.000000
0.208667 0.000000
0.212333 0.000000
0.215667 0.000000
0.218333 0.000000
0.222000 0.000000
0.225333 0.000000
0.229667 0.000000
0.233333 0.000000
0.237333 0.000000
0.241000 0.000000
0.246000 0.000000
0.250667 0.000000
0.254000 0.000000
0.258333 0.000000
0.262667 0.000000
0.265667 0.000000
0.269000 0.000000
0.273333 0.000000
0.277667 0.000000
0.284333 0.000000
0.288333 0.000000
0.293000 0.000000
0.295667 0.000000
0.301667 0.000000
0.306000 0.000000
0.311000 0.000000
0.314333 0.000000
0.318333 0.000000
0.323000 0.000000
0.326333 0.000000
0.330667 0.000000
0.334000 0.000000
0.336667 0.000000
0.339667 0.000000
0.344333 0.000000
0.349667 0.000000
0.353000 0.000000
0.356667 0.000000
0.363000 0.000000
0.365667 0.000000
0.371667 0.000000
0.376000 0.000000
0.382667 0.000000
0.387667 0.000000
0.393667 0.000000
0.397333 0.000000
0.401333 0.000000
0.404333 0.000000
0.409000 0.000000
0.412000 0.000000
0.416333 0.000000
0.420667 0.000000
0.425000 0.000000
0.431000 0.000000
0.435667 0.000000
0.444333 0.000000
0.448667 0.000000
0.453000 0.000000
0.456333 0.000000
0.460333 0.000000
0.465667 0.000000
0.470667 0.000000
0.477667 0.000000
0.482000 0.000000
0.485667 0.000000
0.491333 0.000000
0.494000 0.000000
0.497333 0.000000
0.501333 0.000000
0.504000 0.000000
0.508000 0.000000
0.511333 0.000000
0.515667 0.000000
0.520000 0.000000
0.524333 0.000000
0.528667 0.000000
0.535000 0.000000
0.540000 0.000000
0.545333 0.000000
0.548333 0.000000
0.552000 0.000000
0.557000 0.000000
0.561333 0.000000
0.565333 0.000000
0.568667 0.000000
0.573333 0.000000
0.577000 0.000000
0.583000 0.000000
0.587000 0.000000
0.591000 0.000000
0.597333 0.000000
0.602333 0.000000
0.605000 0.000000
0.607333 0.000000
0.610000 0.000000
0.616333 0.000000
0.622000 0.000000
0.627000 0.000000
0.635000 0.000000
0.637333 0.000000
0.641333 0.000000
0.645667 0.000000
0.650667 0.000000
0.654667 0.000000
0.660000 0.000000
0.663000 0.000000
0.666000 0.000000
0.668667 0.000000
0.675333 0.000000
0.678333 0.000000
0.681333 0.000000
0.684000 0.000000
0.687000 0.000000
0.691667 0.000000
0.696333 0.000000
0.700000 0.000000
0.702333 0.000000
0.705333 0.000000
0.709000 0.000000
0.712000 0.000000
0.715333 0.000000
0.718667 0.000000
0.721000 0.000000
0.723667 0.000000
0.727000 0.000000
0.729333 0.000000
0.735000 0.000000
0.737667 0.000000
0.739000 0.000000
0.742000 0.000000
0.745000 0.000000
0.748333 0.000000
0.750667 0.000000
0.755000 0.000000
0.758000 0.000000
0.763333 0.000000
0.766000 0.000000
0.768000 0.000000
0.771667 0.000000
0.773000 0.000000
0.775333 0.000000
0.775667 0.000000
0.780000 0.000000
0.782667 0.000000
0.786333 0.000000
0.789667 0.000000
0.793333 0.000000
0.795333 0.000000
0.798000 0.000000
0.800667 0.000000
0.804333 0.000000
0.808000 0.000000
0.810000 0.000000
0.814333 0.000000
0.818000 0.000000
0.820333 0.000000
0.822667 0.000000
0.824667 0.000000
0.827333 0.000000
0.830000 0.000000
0.832667 0.000000
0.833333 0.000000
0.836333 0.000000
0.839333 0.000000
0.841333 0.000000
0.844000 0.000000
0.846333 0.000000
0.848333 0.000000
0.851000 0.000000
0.853667 0.000000
0.854667 0.000000
0.857000 0.000000
0.859667 0.000000
0.860667 0.000000
0.863333 0.000000
0.864000 0.000000
0.865333 0.000000
0.868000 0.000000
0.871667 0.000000
0.873333 0.000000
0.875333 0.000000
0.877000 0.000000
0.879000 0.000000
0.881000 0.000000
0.882667 0.000000
0.884333 0.000000
0.886000 0.000000
0.887667 0.000000
0.889000 0.000000
0.890667 0.000000
0.892667 0.000000
0.894667 0.000000
0.895333 0.000000
0.896000 0.000000
0.896667 0.000000
0.898667 0.000000
0.901000 0.000000
0.902333 0.000000
0.903333 0.000000
0.904667 0.000000
0.906333 0.000000
0.907333 0.000000
0.908333 0.000000
0.910333 0.000000
0.911333 0.000000
0.911667 0.000000
0.913000 0.000000
0.915667 0.000000
0.917333 0.000000
0.918000 0.000000
0.919000 0.000000
0.919333 0.000000
0.922333 0.000000
0.923333 0.000000
0.924333 0.000000
0.925333 0.000000
0.926667 0.000000
0.927667 0.000000
0.928000 0.000000
0.929667 0.000000
0.931333 0.000000
0.932667 0.000000
0.933333 0.000000
0.934333 0.000000
0.935000 0.000000
0.936000 0.000000
0.936667 0.000000
0.937333 0.000000
0.938667 0.000000
0.940333 0.000000
0.940667 0.000000
0.941333 0.000000
0.941667 0.000000
0.942333 0.000000
0.943667 0.000000
0.945000 0.000000
0.946333 0.000000
0.947333 0.000000
0.948000 0.000000
0.948667 0.000000
0.949667 0.000000
0.950000 0.000000
0.950000 0.000000
0.950667 0.000000
0.951667 0.000000
0.952000 0.000000
0.952333 0.000000
0.952667 0.000000
0.953333 0.000000
0.953667 0.000000
0.954000 0.000000
0.954667 0.000000
0.955667 0.000000
0.955667 0.000000
0.956333 0.000000
0.956667 0.000000
0.957000 0.000000
0.957667 0.000000
0.958000 0.000000
0.958333 0.000000
0.958667 0.000000
0.959667 0.000000
0.960333 0.000000
0.960333 0.000000
0.961333 0.000000
0.961333 0.000000
0.961667 0.000000
0.962000 0.000000
0.963333 0.000000
0.963667 0.000000
0.964333 0.000000
0.964333 0.000000
0.965000 0.000000
0.965333 0.000000
0.966000 0.000000
0.966667 0.000000
0.966667 0.000000
0.966667 0.000000
0.966667 0.000000
0.967667 0.000000
0.968000 0.000000
0.968000 0.000000
0.968333 0.000000
0.968667 0.000000
0.969000 0.000000
0.969667 0.000000
0.969667 0.000000
0.970000 0.000000
0.970333 0.000000
0.971000 0.000000
0.971333 0.000000
0.971667 0.000000
0.972000 0.000000
0.973000 0.000000
0.973000 0.000000
0.973000 0.000000
0.973333 0.000000
0.975000 0.000000
0.975000 0.000000
0.975667 0.000000
0.976333 0.000000
0.977000 0.000000
0.977333 0.000000
0.977667 0.000000
0.977667 0.000000
0.978333 0.000000
0.978333 0.000000
0.978333 0.000000
0.978667 0.000000
0.979333 0.000000
0.979333 0.000000
0.979333 0.000000
0.979667 0.000000
0.980000 0.000000
0.980000 0.000000
0.980333 0.000000
0.981000 0.000000
0.981000 0.000000
0.981667 0.000000
0.981667 0.000000
0.982000 0.000000
0.982000 0.000000
0.982000 0.000000
0.982667 0.000000
0.983000 0.000000
0.983000 0.000000
0.983333 0.000000
0.983667 0.000000
0.983667 0.000000
0.983667 0.000000
0.983667 0.000000
0.983667 0.000000
0.983667 0.000000
0.984000 0.000000
0.984000 0.000000
0.984333 0.000000
0.984333 0.000000
0.984333 0.000000
0.984333 0.000000
0.984333 0.000000
0.984333 0.000000
0.984667 0.000000
0.984667 0.000000
0.985000 0.000000
0.985333 0.000000
0.985333 0.000000
0.985667 0.000000
0.985667 0.000000
0.985667 0.000000
0.986000 0.000000
0.986667 0.000000
0.986667 0.000000
0.986667 0.000000
0.986667 0.000000
0.986667 0.000000
0.987000 0.000000
0.987000 0.000000
0.987000 0.000000
0.987000 0.000000
0.987667 0.000000
0.987667 0.000000
0.987667 0.000000
0.987667 0.000000
0.987667 0.000000
0.987667 0.000000
0.987667 0.000000
0.988000 0.000000
0.988000 0.000000
0.988000 0.000000
0.988667 0.000000
0.989000 0.000000
0.989667 0.000000
0.989667 0.000000
0.989667 0.000000
0.990333 0.000000
0.990667 0.000000
0.991333 0.000000
0.991333 0.000000
0.991667 0.000000
0.991667 0.000000
0.991667 0.000000
0.992000 0.000000
0.992000 0.000000
0.992000 0.000000
0.992000 0.000000
0.992000 0.000000
0.992000 0.000000
0.992000 0.000000
0.992000 0.000000
0.992000 0.000000
0.992333 0.000000
0.992333 0.000000
0.992333 0.000000
0.992333 0.000000
0.992333 0.000000
0.992333 0.000000
0.992667 0.000000
0.992667 0.000000
0.992667 0.000000
0.992667 0.000000
0.992667 0.000000
0.992667 0.000000
0.992667 0.000000
0.992667 0.000000
0.992667 0.000000
0.992667 0.000000
0.992667 0.000000
0.992667 0.000000
0.993000 0.000000
0.993333 0.000000
0.993667 0.000000
0.993667 0.000000
0.994000 0.000000
0.994000 0.000000
0.994333 0.000000
0.994333 0.000000
0.994333 0.000000
0.994333 0.000000
0.994333 0.000000
0.994333 0.000000
0.994333 0.000000
0.994333 0.000000
0.994333 0.000000
0.994333 0.000000
0.994333 0.000000
0.994667 0.000000
0.994667 0.000000
0.994667 0.000000
0.994667 0.000000
0.995000 0.000000
0.995333 0.000000
0.995333 0.000000
0.995333 0.000000
0.995333 0.000000
0.995333 0.000000
0.995333 0.000000
0.995333 0.000000
0.995333 0.000000
0.995333 0.000000
0.995333 0.000000
0.995333 0.000000
0.995667 0.000000
0.995667 0.000000
0.995667 0.000000
0.995667 0.000000
0.995667 0.000000
0.995667 0.000000
0.995667 0.000000
0.995667 0.000000
0.995667 0.000000
0.996000 0.000000
0.996000 0.000000
0.996000 0.000000
0.996000 0.000000
0.996333 0.000000
0.996333 0.000000
0.996333 0.000000
0.996333 0.000000
0.996333 0.000000
0.996333 0.000000
0.996333 0.000000
0.996333 0.000000
0.996333 0.000000
0.996667 0.000000
0.996667 0.000000
0.996667 0.000000
0.996667 0.000000
0.996667 0.000000
0.996667 0.000000
0.996667 0.000000
0.996667 0.000000
0.996667 0.000000
0.996667 0.000000
0.996667 0.000000
0.997000 0.000000
0.997000 0.000000
0.997000 0.000000
0.997000 0.000000
0.997000 0.000000
0.997000 0.000000
0.997000 0.000000
0.997000 0.000000
0.997000 0.000000
0.997000 0.000000
0.997000 0.000000
0.997000 0.000000
0.997000 0.000000
0.997000 0.000000
0.997000 0.000000
0.997000 0.000000
0.997000 0.000000
0.997000 0.000000
0.997000 0.000000
0.997000 0.000000
0.997000 0.000000
0.997000 0.000000
0.997000 0.000000
0.997000 0.000000
0.997000 0.000000
0.997000 0.000000
0.997000 0.000000
0.997000 0.000000
0.997000 0.000000
0.997000 0.000000
0.997000 0.000000
0.997000 0.000000
0.997000 0.000000
0.997333 0.000000
0.997333 0.000000
0.997333 0.000333
0.997333 0.000333
0.997333 0.000333
0.997333 0.000333
0.997333 0.000333
0.997333 0.000333
0.997333 0.000333
0.997333 0.000333
0.997333 0.000333
0.997333 0.000333
0.997333 0.000333
0.997333 0.000333
0.997333 0.000667
0.997333 0.000667
0.997333 0.000667
0.997333 0.000667
0.997333 0.000667
0.997333 0.000667
0.997333 0.000667
0.997333 0.000667
0.997333 0.000667
0.997333 0.000667
0.997333 0.000667
0.997333 0.000667
0.997333 0.000667
0.997333 0.000667
0.997333 0.000667
0.997333 0.000667
0.997333 0.000667
0.997333 0.000667
0.997333 0.000667
0.997333 0.000667
0.997333 0.000667
0.997333 0.000667
0.997333 0.000667
0.997333 0.000667
0.997333 0.000667
0.997333 0.001000
0.997333 0.001000
0.997333 0.001000
0.997333 0.001000
0.997333 0.001000
0.997333 0.001000
0.997333 0.001000
0.997333 0.001000
0.997333 0.001000
0.997667 0.001000
0.997667 0.001000
0.997667 0.001000
0.997667 0.001000
0.997667 0.001000
0.997667 0.001333
0.997667 0.001333
0.997667 0.001333
0.997667 0.001333
0.997667 0.001667
0.997667 0.001667
0.997667 0.001667
0.997667 0.001667
0.997667 0.002000
0.997667 0.002333
0.997667 0.002333
0.997667 0.002333
0.997667 0.002667
0.997667 0.003000
0.997667 0.003000
0.997667 0.003000
0.997667 0.003333
0.997667 0.003333
0.997667 0.003333
0.997667 0.003333
0.997667 0.003333
0.997667 0.003667
0.997667 0.004000
0.997667 0.004000
0.997667 0.004000
0.997667 0.004000
0.997667 0.004000
0.997667 0.004000
0.997667 0.004000
0.997667 0.004000
0.997667 0.004000
0.997667 0.004000
0.997667 0.004000
0.997667 0.004000
0.997667 0.004000
0.997667 0.004333
0.997667 0.004333
0.997667 0.004333
0.997667 0.004333
0.997667 0.004333
0.997667 0.005000
0.997667 0.005000
0.997667 0.005333
0.997667 0.005333
0.997667 0.005667
0.997667 0.006000
0.997667 0.006000
0.997667 0.007000
0.997667 0.007000
0.997667 0.007000
0.997667 0.007000
0.997667 0.007333
0.997667 0.008000
0.997667 0.009000
0.997667 0.009333
0.997667 0.009333
0.997667 0.009333
0.997667 0.010000
0.997667 0.011000
0.997667 0.012000
0.997667 0.012667
0.997667 0.013000
0.997667 0.013333
0.997667 0.013333
0.997667 0.014333
0.997667 0.014667
0.997667 0.014667
0.997667 0.015000
0.997667 0.015000
0.997667 0.015000
0.997667 0.015667
0.997667 0.016667
0.997667 0.018667
0.997667 0.019000
0.997667 0.020333
0.997667 0.021000
0.997667 0.021667
0.997667 0.022000
0.997667 0.022333
0.997667 0.022667
0.997667 0.023333
0.997667 0.023333
0.997667 0.024000
0.997667 0.024333
0.997667 0.026333
0.997667 0.027000
0.998000 0.028333
0.998333 0.029000
0.998333 0.030000
0.998333 0.030000
0.998333 0.030667
0.998333 0.031333
0.998333 0.032667
0.998333 0.034667
0.998333 0.036333
0.998333 0.037667
0.998333 0.038333
0.998333 0.038667
0.998333 0.040000
0.998333 0.040333
0.998333 0.041333
0.998333 0.043000
0.998333 0.044000
0.998333 0.044000
0.998333 0.044667
0.998333 0.046000
0.998333 0.047333
0.998333 0.049000
0.998333 0.052000
0.998333 0.053333
0.998333 0.054000
0.998333 0.055000
0.998333 0.056000
0.998333 0.057333
0.998333 0.059333
0.998333 0.060333
0.998333 0.061667
0.998333 0.064000
0.998333 0.065333
0.998333 0.066333
0.998333 0.068333
0.998333 0.071667
0.998333 0.073333
0.998333 0.075667
0.998333 0.078667
0.998333 0.079333
0.998333 0.081333
0.998333 0.082667
0.998333 0.085333
0.998333 0.087000
0.998333 0.089667
0.998333 0.090000
0.998333 0.092333
0.998333 0.094000
0.998333 0.096000
0.998333 0.099333
0.998333 0.101333
0.998333 0.104333
0.998333 0.105000
0.998667 0.106000
0.998667 0.109333
0.998667 0.110333
0.998667 0.114000
0.998667 0.115333
0.998667 0.117000
0.998667 0.117667
0.998667 0.120333
0.998667 0.122333
0.998667 0.124667
0.998667 0.129667
0.998667 0.133333
0.999000 0.137333
0.999000 0.141000
0.999000 0.143000
0.999000 0.145333
0.999000 0.148333
0.999000 0.150333
0.999000 0.154000
0.999000 0.156667
0.999000 0.160667
0.999000 0.164667
0.999000 0.168000
0.999000 0.170667
0.999000 0.173333
0.999000 0.174333
0.999000 0.177667
0.999000 0.179667
0.999000 0.181333
0.999000 0.184333
0.999000 0.190000
0.999000 0.192667
0.999000 0.196000
0.999000 0.197667
0.999000 0.201000
0.999000 0.203333
0.999000 0.207667
0.999000 0.211333
0.999000 0.214000
0.999000 0.219333
0.999000 0.223000
0.999000 0.228000
0.999000 0.230333
0.999000 0.234667
0.999000 0.239667
0.999000 0.245333
0.999000 0.247000
0.999000 0.251000
0.999333 0.257333
0.999333 0.259667
0.999333 0.263667
0.999333 0.266667
0.999333 0.272333
0.999333 0.277667
0.999333 0.281000
0.999333 0.286000
0.999333 0.290000
0.999333 0.294000
0.999333 0.299000
0.999333 0.304333
0.999333 0.308000
0.999333 0.313000
0.999333 0.317000
0.999333 0.322333
0.999333 0.325667
0.999333 0.330667
0.999333 0.335000
0.999333 0.340333
0.999333 0.345000
0.999333 0.350667
0.999333 0.355667
0.999333 0.359000
0.999333 0.363000
0.999333 0.367000
0.999333 0.374000
0.999333 0.376333
0.999333 0.382667
0.999333 0.387333
0.999333 0.391333
0.999333 0.398000
0.999333 0.403667
0.999667 0.408333
0.999667 0.413333
1.000000 0.415333
1.000000 0.420667
1.000000 0.426333
1.000000 0.433000
1.000000 0.438333
1.000000 0.440333
1.000000 0.443667
1.000000 0.449000
1.000000 0.454333
1.000000 0.458333
1.000000 0.463667
1.000000 0.467333
1.000000 0.470333
1.000000 0.475667
1.000000 0.479667
1.000000 0.483667
1.000000 0.488667
1.000000 0.493667
1.000000 0.498667
1.000000 0.504000
1.000000 0.509667
1.000000 0.515667
1.000000 0.520667
1.000000 0.525333
1.000000 0.528333
1.000000 0.534667
1.000000 0.541333
1.000000 0.544667
1.000000 0.549667
1.000000 0.556667
1.000000 0.563000
1.000000 0.567667
1.000000 0.572667
1.000000 0.578333
1.000000 0.583333
1.000000 0.588667
1.000000 0.594333
1.000000 0.598333
1.000000 0.603333
1.000000 0.608333
1.000000 0.615667
1.000000 0.621667
1.000000 0.625667
1.000000 0.628000
1.000000 0.631667
1.000000 0.636667
1.000000 0.642000
1.000000 0.644667
1.000000 0.648333
1.000000 0.651000
1.000000 0.656333
1.000000 0.660000
1.000000 0.666333
1.000000 0.672000
1.000000 0.678000
1.000000 0.684333
1.000000 0.687000
1.000000 0.689333
1.000000 0.693333
1.000000 0.697333
1.000000 0.702667
1.000000 0.707000
1.000000 0.712000
1.000000 0.716667
1.000000 0.720667
1.000000 0.726000
1.000000 0.730000
1.000000 0.735333
1.000000 0.739667
1.000000 0.744333
1.000000 0.747333
1.000000 0.752333
1.000000 0.759000
1.000000 0.762667
1.000000 0.766333
1.000000 0.768333
1.000000 0.772333
1.000000 0.777667
1.000000 0.784667
1.000000 0.790000
1.000000 0.792667
1.000000 0.798667
1.000000 0.802333
1.000000 0.805333
1.000000 0.808333
1.000000 0.810333
1.000000 0.814000
1.000000 0.817000
1.000000 0.820000
1.000000 0.824667
1.000000 0.827333
1.000000 0.831667
1.000000 0.834000
1.000000 0.836667
1.000000 0.839333
1.000000 0.843000
1.000000 0.845667
1.000000 0.850000
1.000000 0.851667
1.000000 0.855667
1.000000 0.858000
1.000000 0.862667
1.000000 0.865333
1.000000 0.868667
1.000000 0.871333
1.000000 0.876667
1.000000 0.879000
1.000000 0.884000
1.000000 0.886667
1.000000 0.889667
1.000000 0.893000
1.000000 0.895000
1.000000 0.898333
1.000000 0.900667
1.000000 0.901667
1.000000 0.904000
1.000000 0.907000
1.000000 0.909667
1.000000 0.912667
1.000000 0.915333
1.000000 0.917333
1.000000 0.918667
1.000000 0.920000
1.000000 0.921667
1.000000 0.923333
1.000000 0.925000
1.000000 0.926000
1.000000 0.927667
1.000000 0.929667
1.000000 0.931333
1.000000 0.933667
1.000000 0.935333
1.000000 0.936000
1.000000 0.937667
1.000000 0.939333
1.000000 0.941000
1.000000 0.941667
1.000000 0.942667
1.000000 0.944333
1.000000 0.946333
1.000000 0.947667
1.000000 0.949667
1.000000 0.951000
1.000000 0.952667
1.000000 0.953000
1.000000 0.954333
1.000000 0.954667
1.000000 0.957000
1.000000 0.957000
1.000000 0.957667
1.000000 0.958667
1.000000 0.959667
1.000000 0.960000
1.000000 0.960667
1.000000 0.962000
1.000000 0.963333
1.000000 0.965667
1.000000 0.966000
1.000000 0.967333
1.000000 0.968000
1.000000 0.968000
1.000000 0.969333
1.000000 0.970667
1.000000 0.972000
1.000000 0.973000
1.000000 0.973667
1.000000 0.975000
1.000000 0.975333
1.000000 0.976333
1.000000 0.976667
1.000000 0.978333
1.000000 0.979000
1.000000 0.980000
1.000000 0.981667
1.000000 0.982667
1.000000 0.983333
1.000000 0.983667
1.000000 0.984000
1.000000 0.984000
1.000000 0.984333
1.000000 0.984667
1.000000 0.984667
1.000000 0.985000
1.000000 0.985667
1.000000 0.986667
1.000000 0.987333
1.000000 0.988333
1.000000 0.989000
1.000000 0.989333
1.000000 0.990000
1.000000 0.990000
1.000000 0.990000
1.000000 0.990667
1.000000 0.991333
1.000000 0.992667
1.000000 0.992667
1.000000 0.993000
1.000000 0.993333
1.000000 0.993333
1.000000 0.994000
1.000000 0.994000
1.000000 0.994000
1.000000 0.994000
1.000000 0.994000
1.000000 0.994000
1.000000 0.994333
1.000000 0.994333
1.000000 0.994333
1.000000 0.994667
1.000000 0.994667
1.000000 0.994667
1.000000 0.994667
1.000000 0.995333
1.000000 0.995667
1.000000 0.996000
1.000000 0.996000
1.000000 0.996333
1.000000 0.996333
1.000000 0.996333
1.000000 0.996333
1.000000 0.997000
1.000000 0.997333
1.000000 0.997333
1.000000 0.997333
1.000000 0.997667
1.000000 0.998000
1.000000 0.998000
1.000000 0.998667
1.000000 0.998667
1.000000 0.998667
1.000000 0.998667
1.000000 0.998667
1.000000 0.998667
1.000000 0.998667
1.000000 0.998667
1.000000 0.998667
1.000000 0.998667
1.000000 0.998667
1.000000 0.999333
1.000000 0.999333
1.000000 0.999333
1.000000 0.999333
1.000000 0.999333
1.000000 0.999667
1.000000 0.999667
1.000000 1.000000
1.000000 1.000000
1.000000 1.000000
1.000000 1.000000
1.000000 1.000000
1.000000 1.000000
1.000000 1.000000
1.000000 1.000000
1.000000 1.000000
1.000000 1.000000
1.000000 1.000000
1.000000 1.000000
1.000000 1.000000
1.000000 1.000000
1.000000 1.000000
1.000000 1.000000
1.000000 1.000000
1.000000 1.000000
1.000000 1.000000
1.000000 1.000000
1.000000 1.000000
1.000000 1.000000
1.000000 1.000000
1.000000 1.000000
1.000000 1.000000
1.000000 1.000000
1.000000 1.000000
1.000000 1.000000
1.000000 1.000000
1.000000 1.000000
1.000000 1.000000
1.000000 1.000000
1.000000 1.000000
1.000000 1.000000
1.000000 1.000000
1.000000 1.000000
1.000000 1.000000
1.000000 1.000000
1.000000 1.000000
1.000000 1.000000
1.000000 1.000000
1.000000 1.000000
1.000000 1.000000
1.000000 1.000000
1.000000 1.000000
1.000000 1.000000
1.000000 1.000000
1.000000 1.000000
1.000000 1.000000
1.000000 1.000000
1.000000 1.000000
1.000000 1.000000
1.000000 1.000000
1.000000 1.000000
1.000000 1.000000
1.000000 1.000000
1.000000 1.000000
1.000000 1.000000
1.000000 1.000000
1.000000 1.000000
1.000000 1.000000
1.000000 1.000000
1.000000 1.000000
1.000000 1.000000
1.000000 1.000000
1.000000 1.000000
1.000000 1.000000
1.000000 1.000000
1.000000 1.000000
1.000000 1.000000
1.000000 1.000000
1.000000 1.000000
1.000000 1.000000
1.000000 1.000000
1.000000 1.000000
1.000000 1.000000
1.000000 1.000000
1.000000 1.000000
1.000000 1.000000
1.000000 1.000000
1.000000 1.000000
1.000000 1.000000
1.000000 1.000000
1.000000 1.000000
1.000000 1.000000
1.000000 1.000000
1.000000 1.000000
1.000000 1.000000
1.000000 1.000000
1.000000 1.000000
1.000000 1.000000
1.000000 1.000000
1.000000 1.000000
1.000000 1.000000
1.000000 1.000000
1.000000 1.000000
1.000000 1.000000
1.000000 1.000000
1.000000 1.000000
1.000000 1.000000
1.000000 1.000000
1.000000 1.000000
1.000000 1.000000
1.000000 1.000000
1.000000 1.000000
1.000000 1.000000
1.000000 1.000000
1.000000 1.000000
1.000000 1.000000
1.000000 1.000000
1.000000 1.000000
1.000000 1.000000
1.000000 1.000000
1.000000 1.000000
1.000000 1.000000
1.000000 1.000000
1.000000 1.000000
1.000000 1.000000
1.000000 1.000000
1.000000 1.000000
1.000000 1.000000
1.000000 1.000000
1.000000 1.000000
1.000000 1.000000
1.000000 1.000000
1.000000 1.000000
1.000000 1.000000
1.000000 1.000000
1.000000 1.000000
1.000000 1.000000
1.000000 1.000000
1.000000 1.000000
1.000000 1.000000
1.000000 1.000000
1.000000 1.000000
1.000000 1.000000
1.000000 1.000000
1.000000 1.000000
1.000000 1.000000
1.000000 1.000000
1.000000 1.000000
1.000000 1.000000
1.000000 1.000000
1.000000 1.000000
1.000000 1.000000
1.000000 1.000000
1.000000 1.000000
1.000000 1.000000
1.000000 1.000000
1.000000 1.000000
1.000000 1.000000
1.000000 1.000000
1.000000 1.000000
1.000000 1.000000
1.000000 1.000000
1.000000 1.000000
1.000000 1.000000
1.000000 1.000000
1.000000 1.000000
1.000000 1.000000
1.000000 1.000000
1.000000 1.000000
1.000000 1.000000
1.000000 1.000000
1.000000 1.000000
1.000000 1.000000
1.000000 1.000000
1.000000 1.000000
1.000000 1.000000
1.000000 1.000000
1.000000 1.000000
1.000000 1.000000
1.000000 1.000000
1.000000 1.000000
1.000000 1.000000
1.000000 1.000000
1.000000 1.000000
1.000000 1.000000
1.000000 1.000000
1.000000 1.000000
1.000000 1.000000
1.000000 1.000000
1.000000 1.000000
1.000000 1.000000
1.000000 1.000000
1.000000 1.000000
1.000000 1.000000
1.000000 1.000000
1.000000 1.000000
1.000000 1.000000
1.000000 1.000000
1.000000 1.000000
1.000000 1.000000
1.000000 1.000000
1.000000 1.000000
1.000000 1.000000
1.000000 1.000000
1.000000 1.000000
1.000000 1.000000
1.000000 1.000000
1.000000 1.000000
1.000000 1.000000
1.000000 1.000000
1.000000 1.000000
1.000000 1.000000
1.000000 1.000000
1.000000 1.000000
1.000000 1.000000
1.000000 1.000000
1.000000 1.000000
1.000000 1.000000
1.000000 1.000000
1.000000 1.000000
1.000000 1.000000
1.000000 1.000000
1.000000 1.000000
1.000000 1.000000
1.000000 1.000000
1.000000 1.000000
1.000000 1.000000
1.000000 1.000000
1.000000 1.000000
1.000000 1.000000
1.000000 1.000000
1.000000 1.000000
1.000000 1.000000
1.000000 1.000000
1.000000 1.000000
1.000000 1.000000
1.000000 1.000000
1.000000 1.000000
1.000000 1.000000
1.000000 1.000000
1.000000 1.000000
1.000000 1.000000
1.000000 1.000000
1.000000 1.000000
1.000000 1.000000
1.000000 1.000000
1.000000 1.000000
1.000000 1.000000
1.000000 1.000000
1.000000 1.000000
1.000000 1.000000
1.000000 1.000000
1.000000 1.000000
1.000000 1.000000
1.000000 1.000000
1.000000 1.000000
1.000000 1.000000
1.000000 1.000000
1.000000 1.000000
1.000000 1.000000
1.000000 1.000000
1.000000 1.000000
1.000000 1.000000
1.000000 1.000000
1.000000 1.000000
1.000000 1.000000
1.000000 1.000000
1.000000 1.000000
1.000000 1.000000
1.000000 1.000000
1.000000 1.000000
1.000000 1.000000
1.000000 1.000000
1.000000 1.000000
1.000000 1.000000
1.000000 1.000000
1.000000 1.000000
1.000000 1.000000
1.000000 1.000000
1.000000 1.000000
1.000000 1.000000
1.000000 1.000000
1.000000 1.000000
1.000000 1.000000
1.000000 1.000000
1.000000 1.000000
1.000000 1.000000
1.000000 1.000000
1.000000 1.000000
1.000000 1.000000
1.000000 1.000000
1.000000 1.000000
1.000000 1.000000
1.000000 1.000000
1.000000 1.000000
1.000000 1.000000
1.000000 1.000000
1.000000 1.000000
1.000000 1.000000
1.000000 1.000000
1.000000 1.000000
1.000000 1.000000
1.000000 1.000000
1.000000 1.000000
1.000000 1.000000
1.000000 1.000000
1.000000 1.000000
1.000000 1.000000
1.000000 1.000000
1.000000 1.000000
1.000000 1.000000
1.000000 1.000000
1.000000 1.000000
1.000000 1.000000
1.000000 1.000000
1.000000 1.000000
1.000000 1.000000
1.000000 1.000000
1.000000 1.000000
1.000000 1.000000
1.000000 1.000000
1.000000 1.000000
1.000000 1.000000
1.000000 1.000000
1.000000 1.000000
1.000000 1.000000
1.000000 1.000000
1.000000 1.000000
1.000000 1.000000
1.000000 1.000000
1.000000 1.000000
1.000000 1.000000
1.000000 1.000000
1.000000 1.000000
1.000000 1.000000
1.000000 1.000000
1.000000 1.000000
1.000000 1.000000
1.000000 1.000000
1.000000 1.000000
1.000000 1.000000
1.000000 1.000000
1.000000 1.000000
1.000000 1.000000
1.000000 1.000000
1.000000 1.000000
1.000000 1.000000
1.000000 1.000000
1.000000 1.000000
1.000000 1.000000
1.000000 1.000000
1.000000 1.000000
1.000000 1.000000
1.000000 1.000000
1.000000 1.000000
1.000000 1.000000
1.000000 1.000000
1.000000 1.000000
1.000000 1.000000
1.000000 1.000000
1.000000 1.000000
1.000000 1.000000
1.000000 1.000000
1.000000 1.000000
1.000000 1.000000
1.000000 1.000000
1.000000 1.000000
1.000000 1.000000
1.000000 1.000000
1.000000 1.000000
1.000000 1.000000
1.000000 1.000000
1.000000 1.000000
1.000000 1.000000
1.000000 1.000000
1.000000 1.000000
1.000000 1.000000
1.000000 1.000000
1.000000 1.000000
1.000000 1.000000
1.000000 1.000000
1.000000 1.000000
1.000000 1.000000
1.000000 1.000000
1.000000 1.000000
1.000000 1.000000
1.000000 1.000000
1.000000 1.000000
1.000000 1.000000
1.000000 1.000000
1.000000 1.000000
1.000000 1.000000
1.000000 1.000000
1.000000 1.000000
1.000000 1.000000
1.000000 1.000000
1.000000 1.000000
1.000000 1.000000
1.000000 1.000000
1.000000 1.000000
1.000000 1.000000
1.000000 1.000000
1.000000 1.000000
1.000000 1.000000
1.000000 1.000000
1.000000 1.000000
1.000000 1.000000
1.000000 1.000000
1.000000 1.000000
1.000000 1.000000
1.000000 1.000000
1.000000 1.000000
1.000000 1.000000
1.000000 1.000000
1.000000 1.000000
1.000000 1.000000
1.000000 1.000000
1.000000 1.000000
1.000000 1.000000
1.000000 1.000000
1.000000 1.000000
1.000000 1.000000
1.000000 1.000000
1.000000 1.000000
1.000000 1.000000
1.000000 1.000000
1.000000 1.000000
1.000000 1.000000
1.000000 1.000000
1.000000 1.000000
1.000000 1.000000
1.000000 1.000000
1.000000 1.000000
1.000000 1.000000
1.000000 1.000000
1.000000 1.000000
1.000000 1.000000
1.000000 1.000000
1.000000 1.000000
1.000000 1.000000
1.000000 1.000000
1.000000 1.000000
1.000000 1.000000
1.000000 1.000000
1.000000 1.000000
1.000000 1.000000
1.000000 1.000000
1.000000 1.000000
1.000000 1.000000
1.000000 1.000000
1.000000 1.000000
1.000000 1.000000
1.000000 1.000000
1.000000 1.000000
1.000000 1.000000
1.000000 1.000000
1.000000 1.000000
1.000000 1.000000
1.000000 1.000000
1.000000 1.000000
1.000000 1.000000
1.000000 1.000000
1.000000 1.000000
1.000000 1.000000
1.000000 1.000000
1.000000 1.000000
1.000000 1.000000
1.000000 1.000000
1.000000 1.000000
1.000000 1.000000
1.000000 1.000000
1.000000 1.000000
1.000000 1.000000
1.000000 1.000000
1.000000 1.000000
1.000000 1.000000
1.000000 1.000000
1.000000 1.000000
1.000000 1.000000
1.000000 1.000000
1.000000 1.000000
1.000000 1.000000
1.000000 1.000000
1.000000 1.000000
1.000000 1.000000
1.000000 1.000000
1.000000 1.000000
1.000000 1.000000
1.000000 1.000000
1.000000 1.000000
1.000000 1.000000
1.000000 1.000000
1.000000 1.000000
1.000000 1.000000
1.000000 1.000000
1.000000 1.000000
1.000000 1.000000
1.000000 1.000000
1.000000 1.000000
1.000000 1.000000
1.000000 1.000000
1.000000 1.000000
1.000000 1.000000
1.000000 1.000000
1.000000 1.000000
1.000000 1.000000
1.000000 1.000000
1.000000 1.000000
1.000000 1.000000
1.000000 1.000000
1.000000 1.000000
1.000000 1.000000
1.000000 1.000000
1.000000 1.000000
1.000000 1.000000
1.000000 1.000000
1.000000 1.000000
1.000000 1.000000
1.000000 1.000000
1.000000 1.000000
1.000000 1.000000
1.000000 1.000000
1.000000 1.000000
1.000000 1.000000
1.000000 1.000000
1.000000 1.000000
1.000000 1.000000
1.000000 1.000000
1.000000 1.000000
1.000000 1.000000
1.000000 1.000000
1.000000 1.000000
1.000000 1.000000
1.000000 1.000000
1.000000 1.000000
1.000000 1.000000
1.000000 1.000000
1.000000 1.000000
1.000000 1.000000
1.000000 1.000000
1.000000 1.000000
1.000000 1.000000
1.000000 1.000000
1.000000 1.000000
1.000000 1.000000
1.000000 1.000000
1.000000 1.000000
1.000000 1.000000
1.000000 1.000000
1.000000 1.000000
1.000000 1.000000
1.000000 1.000000
1.000000 1.000000
1.000000 1.000000
1.000000 1.000000
1.000000 1.000000
1.000000 1.000000
1.000000 1.000000
1.000000 1.000000
1.000000 1.000000
1.000000 1.000000
1.000000 1.000000
1.000000 1.000000
1.000000 1.000000
1.000000 1.000000
1.000000 1.000000
1.000000 1.000000
1.000000 1.000000
1.000000 1.000000
1.000000 1.000000
1.000000 1.000000
1.000000 1.000000
1.000000 1.000000
1.000000 1.000000
1.000000 1.000000
1.000000 1.000000
1.000000 1.000000
1.000000 1.000000
1.000000 1.000000
1.000000 1.000000
1.000000 1.000000
1.000000 1.000000
1.000000 1.000000
1.000000 1.000000
1.000000 1.000000
1.000000 1.000000
1.000000 1.000000
1.000000 1.000000
1.000000 1.000000
1.000000 1.000000
1.000000 1.000000
1.000000 1.000000
1.000000 1.000000
1.000000 1.000000
1.000000 1.000000
1.000000 1.000000
1.000000 1.000000
1.000000 1.000000
1.000000 1.000000
1.000000 1.000000
1.000000 1.000000
1.000000 1.000000
1.000000 1.000000
1.000000 1.000000
1.000000 1.000000
1.000000 1.000000
1.000000 1.000000
1.000000 1.000000
1.000000 1.000000
1.000000 1.000000
1.000000 1.000000
1.000000 1.000000
1.000000 1.000000
1.000000 1.000000
1.000000 1.000000
1.000000 1.000000
1.000000 1.000000
1.000000 1.000000
1.000000 1.000000
1.000000 1.000000
1.000000 1.000000
1.000000 1.000000
1.000000 1.000000
1.000000 1.000000
1.000000 1.000000
1.000000 1.000000
1.000000 1.000000
1.000000 1.000000
1.000000 1.000000
1.000000 1.000000
1.000000 1.000000
1.000000 1.000000
1.000000 1.000000
1.000000 1.000000
1.000000 1.000000
1.000000 1.000000
1.000000 1.000000
1.000000 1.000000
1.000000 1.000000
1.000000 1.000000
1.000000 1.000000
1.000000 1.000000
1.000000 1.000000
1.000000 1.000000
1.000000 1.000000
1.000000 1.000000
1.000000 1.000000
1.000000 1.000000
1.000000 1.000000
1.000000 1.000000
1.000000 1.000000
1.000000 1.000000
1.000000 1.000000
1.000000 1.000000
1.000000 1.000000
1.000000 1.000000
1.000000 1.000000
1.000000 1.000000
1.000000 1.000000
1.000000 1.000000
1.000000 1.000000
1.000000 1.000000
1.000000 1.000000
1.000000 1.000000
1.000000 1.000000
1.000000 1.000000
1.000000 1.000000
1.000000 1.000000
1.000000 1.000000
1.000000 1.000000
1.000000 1.000000
1.000000 1.000000
1.000000 1.000000
1.000000 1.000000
1.000000 1.000000
1.000000 1.000000
1.000000 1.000000
1.000000 1.000000
1.000000 1.000000
1.000000 1.000000
1.000000 1.000000
1.000000 1.000000
1.000000 1.000000
1.000000 1.000000
1.000000 1.000000
1.000000 1.000000
1.000000 1.000000
1.000000 1.000000
1.000000 1.000000
1.000000 1.000000
1.000000 1.000000
1.000000 1.000000
1.000000 1.000000
1.000000 1.000000
1.000000 1.000000
1.000000 1.000000
1.000000 1.000000
1.000000 1.000000
1.000000 1.000000
1.000000 1.000000
1.000000 1.000000
1.000000 1.000000
1.000000 1.000000
1.000000 1.000000
1.000000 1.000000
1.000000 1.000000
1.000000 1.000000
1.000000 1.000000
1.000000 1.000000
1.000000 1.000000
1.000000 1.000000
1.000000 1.000000
1.000000 1.000000
1.000000 1.000000
1.000000 1.000000
1.000000 1.000000
1.000000 1.000000
1.000000 1.000000
1.000000 1.000000
1.000000 1.000000
1.000000 1.000000
1.000000 1.000000
1.000000 1.000000
1.000000 1.000000
1.000000 1.000000
1.000000 1.000000
1.000000 1.000000
1.000000 1.000000
1.000000 1.000000
1.000000 1.000000
1.000000 1.000000
1.000000 1.000000
1.000000 1.000000
1.000000 1.000000
1.000000 1.000000
1.000000 1.000000
1.000000 1.000000
1.000000 1.000000
1.000000 1.000000
1.000000 1.000000
1.000000 1.000000
1.000000 1.000000
1.000000 1.000000
1.000000 1.000000
1.000000 1.000000
1.000000 1.000000
1.000000 1.000000
1.000000 1.000000
1.000000 1.000000
1.000000 1.000000
1.000000 1.000000
1.000000 1.000000
1.000000 1.000000
1.000000 1.000000
1.000000 1.000000
1.000000 1.000000
1.000000 1.000000
1.000000 1.000000
1.000000 1.000000
1.000000 1.000000
1.000000 1.000000
1.000000 1.000000
1.000000 1.000000
1.000000 1.000000
1.000000 1.000000
1.000000 1.000000
1.000000 1.000000
1.000000 1.000000
1.000000 1.000000
1.000000 1.000000
1.000000 1.000000
1.000000 1.000000
1.000000 1.000000
1.000000 1.000000
1.000000 1.000000
1.000000 1.000000
1.000000 1.000000
1.000000 1.000000
1.000000 1.000000
1.000000 1.000000
1.000000 1.000000
