0 0
0 0
0 0
0 0
0 0
0 0
0 0
0 0
0 0
0 0
0 0
0 0
0 0
0 0
0 0
0 0
0 0
0 0
0 0
0 0
0 0
0 0
0 0
0 0
0 0
0 0
0 0
0 0
0 0
0 0
0 0
0 0
0 0
0 0
0 0
0 0
0 0
0 0
0 0
0 0
0 0
0 0
0 0
0 0
0 0
0 0
0 0
0 0
0 0
0 0
0 0
0 0
0 0
0 0
0 0
0 0
0 0
0 0
0 0
0 0
0 0
0 0
0 0
0 0
0 0
0 0
0 0
0 0
0 0
0 0
0 0
0 0
0 0
0 0
0 0
0 0
0 0
0 0
0 0
0 0
0 0
0 0
0 0
0 0
0 0
0.000333333 0
0.000333333 0
0.000333333 0
0.000333333 0
0.000333333 0
0.000333333 0
0.000333333 0
0.000333333 0
0.000333333 0
0.000333333 0
0.000333333 0
0.000333333 0
0.000333333 0
0.000333333 0
0.000333333 0
0.000333333 0
0.000333333 0
0.000333333 0
0.000333333 0
0.000333333 0
0.000333333 0
0.000333333 0
0.000333333 0
0.000333333 0
0.000333333 0
0.000333333 0
0.000333333 0
0.000333333 0
0.000333333 0
0.000333333 0
0.000333333 0
0.000333333 0
0.000333333 0
0.000333333 0
0.000333333 0
0.000333333 0
0.000333333 0
0.000333333 0
0.000333333 0
0.000333333 0
0.000333333 0
0.000333333 0
0.000333333 0
0.000333333 0
0.000333333 0
0.000333333 0
0.000333333 0
0.000333333 0
0.000333333 0
0.000333333 0
0.000333333 0
0.000333333 0
0.000333333 0
0.000333333 0
0.000333333 0
0.000333333 0
0.000333333 0
0.000333333 0
0.000333333 0
0.000333333 0
0.000333333 0
0.000333333 0
0.000333333 0
0.000333333 0
0.000666666 0
0.000666666 0
0.000666666 0
0.000666666 0
0.000666666 0
0.000666666 0
0.000666666 0
0.000666666 0
0.001 0
0.001 0
0.001 0
0.001 0
0.001 0
0.001 0
0.001333333 0
0.001333333 0
0.001333333 0
0.001333333 0
0.001333333 0
0.001333333 0
0.001333333 0
0.001333333 0
0.001333333 0
0.001333333 0
0.001333333 0
0.001333333 0
0.001333333 0
0.001333333 0
0.001333333 0
0.001333333 0
0.001333333 0
0.001333333 0
0.001333333 0
0.001333333 0
0.001333333 0
0.001333333 0
0.001333333 0
0.001333333 0
0.001333333 0
0.001333333 0
0.001333333 0
0.001333333 0
0.001333333 0
0.001333333 0
0.001333333 0
0.001333333 0
0.001666666 0
0.001666666 0
0.001666666 0
0.001666666 0
0.001666666 0
0.001666666 0
0.001666666 0
0.001666666 0
0.001666666 0
0.001999999 0
0.001999999 0
0.001999999 0
0.001999999 0
0.001999999 0
0.001999999 0
0.001999999 0
0.002333332 0
0.002333332 0
0.002333332 0
0.002333332 0
0.002333332 0
0.002333332 0
0.002333332 0
0.002333332 0
0.002333332 0
0.002333332 0
0.002333332 0
0.002666666 0
0.002666666 0
0.002666666 0
0.002666666 0
0.002666666 0
0.002666666 0
0.002666666 0
0.002666666 0
0.002666666 0
0.002666666 0
0.003 0
0.003 0
0.003 0
0.003 0
0.003 0
0.003 0
0.003 0
0.003 0
0.003 0
0.003 0
0.003 0
0.003 0
0.003 0
0.003 0
0.003 0
0.003 0
0.003333333 0
0.003333333 0
0.003333333 0
0.003666666 0
0.003666666 0
0.003666666 0
0.003666666 0
0.003666666 0
0.003666666 0
0.003666666 0
0.003666666 0
0.003666666 0
0.003666666 0
0.003666666 0
0.003666666 0
0.003666666 0
0.003666666 0
0.003666666 0
0.003666666 0
0.003666666 0
0.003666666 0
0.003666666 0
0.003666666 0
0.003666666 0
0.003666666 0
0.003666666 0
0.003666666 0
0.003666666 0
0.004 0
0.004 0
0.004 0
0.004 0
0.004 0
0.004 0
0.004 0
0.004 0
0.004 0
0.004 0
0.004 0
0.004 0
0.004 0
0.004 0
0.004 0
0.004 0
0.004 0
0.004 0
0.004 0
0.004 0
0.004 0
0.00433333 0
0.00433333 0
0.00433333 0
0.00433333 0
0.004666663 0
0.004666663 0
0.004666663 0
0.004666663 0
0.004666663 0
0.004666663 0
0.004666663 0
0.004666663 0
0.004666663 0
0.004666663 0
0.004666663 0
0.004666663 0
0.005000003 0
0.005000003 0
0.005000003 0
0.005000003 0
0.005000003 0
0.005000003 0
0.005000003 0
0.005000003 0
0.005000003 0
0.005000003 0
0.005000003 0
0.005000003 0
0.005000003 0
0.005000003 0
0.005000003 0
0.005000003 0
0.005000003 0
0.005000003 0
0.005000003 0
0.005000003 0
0.005000003 0
0.005333336 0
0.005333336 0
0.005333336 0
0.005333336 0
0.005333336 0
0.005666669 0
0.005666669 0
0.005666669 0
0.005666669 0
0.005666669 0
0.005666669 0
0.006000003 0
0.006000003 0
0.006000003 0
0.006000003 0
0.006333336 0
0.006333336 0
0.006333336 0
0.006333336 0
0.006333336 0
0.006333336 0
0.006666666 0
0.006666666 0
0.006666666 0
0.006666666 0
0.006666666 0
0.006666666 0
0.007000006 0
0.007000006 0
0.007000006 0
0.00733334 0
0.00733334 0
0.00733334 0
0.00733334 0
0.00733334 0
0.00733334 0
0.007666673 0
0.007666673 0
0.007666673 0
0.008333337 0
0.008333337 0
0.008333337 0
0.008333337 0
0.008333337 0
0.008666667 0
0.008666667 0
0.008666667 0
0.009000001 0
0.009000001 0
0.009000001 0
0.009000001 0
0.009000001 0
0.009000001 0
0.009000001 0
0.010000008 0
0.010333341 0
0.010666674 0
0.010666674 0
0.010666674 0
0.011000008 0
0.011000008 0
0.011333338 0
0.011666668 0
0.011666668 0
0.012000008 0
0.012000008 0
0.012000008 0
0.012000008 0
0.012333341 0
0.012666674 0
0.012666674 0
0.012666674 0
0.012666674 0
0.013333337 0
0.01366667 0
0.01366667 0
0.01366667 0
0.01366667 0
0.014 0
0.01433334 0
0.01433334 0
0.015 0
0.015 0
0.01600001 0
0.01633334 0
0.01633334 0
0.01633334 0
0.01666667 0
0.01666667 0
0.01733333 0
0.01733333 0
0.01733333 0
0.01766666 0
0.01799999 0
0.01866665 0
0.01899999 0
0.01899999 0
0.01899999 0
0.01899999 0
0.01899999 0
0.01933333 0
0.01966666 0
0.02 0
0.02066666 0
0.02066666 0
0.02066666 0
0.02099999 0
0.02133332 0
0.02133332 0
0.02133332 0
0.02133332 0
0.02133332 0
0.02133332 0
0.02133332 0
0.02166666 0
0.02199999 0
0.02233332 0
0.02233332 0
0.02233332 0
0.02233332 0
0.02266666 0
0.02266666 0
0.02266666 0
0.02333334 0
0.02333334 0
0.02333334 0
0.02433334 0
0.02433334 0
0.02433334 0
0.02466667 0
0.02500001 0
0.02533335 0
0.02533335 0
0.02566668 0
0.02566668 0
0.02633335 0
0.02666668 0
0.02700001 0
0.02733334 0
0.02733334 0
0.02733334 0
0.02733334 0
0.02733334 0
0.02733334 0
0.02733334 0
0.02733334 0
0.02733334 0
0.02766667 0
0.02766667 0
0.02766667 0
0.02766667 0
0.028 0
0.02833333 0
0.02833333 0
0.02866666 0
0.02899999 0
0.02933333 0
0.02933333 0
0.02933333 0
0.02966666 0
0.03 0
0.03 0
0.03 0
0.03 0
0.03 0
0.03033333 0
0.03066667 0
0.03100001 0
0.03133334 0
0.03133334 0
0.03133334 0
0.03133334 0
0.03133334 0
0.03133334 0
0.03133334 0
0.03166667 0
0.03166667 0
0.03233333 0
0.03233333 0
0.03233333 0
0.03233333 0
0.03266666 0
0.03266666 0
0.033 0
0.03366667 0
0.034 0
0.034 0
0.034 0
0.034 0
0.03433334 0
0.03433334 0
0.03433334 0
0.03433334 0
0.03500001 0
0.03533335 0
0.03566668 0
0.03600001 0
0.03600001 0
0.03666667 0
0.03733333 0
0.03733333 0
0.03733333 0
0.03766666 0
0.03766666 0
0.03766666 0
0.03766666 0
0.038 0
0.038 0
0.038 0
0.038 0
0.038 0
0.038 0
0.038 0
0.03866666 0
0.03866666 0
0.03866666 0
0.03866666 0
0.03866666 0
0.039 0
0.039 0
0.039 0
0.039 0
0.039 0
0.039 0
0.039 0
0.039 0
0.039 0
0.039 0
0.039 0
0.039 0
0.039 0
0.039 0
0.03966666 0
0.04 0
0.04 0
0.04033334 0
0.04033334 0
0.04033334 0
0.04033334 0
0.04066667 0
0.04066667 0
0.04100001 0
0.04100001 0
0.04133334 0
0.04133334 0
0.04166667 0
0.04266668 0
0.04333334 0
0.04333334 0
0.04366667 0
0.044 0
0.04433333 0
0.04466666 0
0.04466666 0
0.04466666 0
0.04466666 0
0.04466666 0
0.04499999 0
0.04499999 0
0.04499999 0
0.04533332 0
0.04566666 0
0.04566666 0
0.04633332 0
0.04666666 0
0.04666666 0
0.04733333 0
0.04766666 0
0.04766666 0
0.04799999 0
0.04799999 0
0.04799999 0
0.04799999 0
0.04833333 0
0.049 0
0.049 0
0.04966668 0
0.04966668 0
0.04966668 0
0.04966668 0
0.04966668 0
0.05000001 0
0.05033334 0
0.05066668 0
0.05100001 0
0.05133334 0
0.05133334 0
0.05133334 0
0.05166667 0
0.052 0
0.052 0
0.052 0
0.052 0
0.05233334 0
0.05233334 0
0.05233334 0
0.05233334 0
0.05266667 0
0.053 0
0.05333333 0
0.05366667 0
0.05366667 0
0.054 0
0.05533332 0
0.05533332 0
0.05599998 0
0.05633332 0
0.05666666 0
0.05666666 0
0.05666666 0
0.05699999 0
0.05733333 0
0.05766667 0
0.058 0
0.05866667 0
0.05866667 0
0.05866667 0
0.05933335 0
0.05966668 0
0.05966668 0
0.05966668 0
0.06000001 0
0.06033334 0
0.06066668 0
0.06100001 0
0.06100001 0
0.06133334 0
0.06166667 0
0.06266667 0
0.06266667 0
0.06266667 0
0.06266667 0
0.06333334 0
0.06333334 0
0.06333334 0
0.06333334 0
0.06400001 0
0.06400001 0
0.06500002 0
0.06533335 0
0.06566668 0
0.06566668 0
0.06633334 0
0.06699997 0
0.06699997 0
0.06699997 0
0.06766664 0
0.06799997 0
0.0683333 0
0.06900004 0
0.06933337 0
0.0696667 0
0.07000003 0
0.07066669 0
0.07066669 0
0.07100002 0
0.07133336 0
0.07133336 0
0.07133336 0
0.07133336 0
0.07166669 0
0.07166669 0
0.07200003 0
0.07233337 0
0.0726667 0
0.073 0
0.07333333 0
0.074 0
0.07499997 0
0.07600004 0
0.07633337 0
0.07666671 0
0.07666671 0
0.07666671 0
0.07700005 0
0.07766671 0
0.07800004 0
0.07900004 0
0.07933337 0
0.0796667 0
0.0796667 0
0.0796667 0
0.08000004 0
0.08133335 0
0.08166668 0
0.08166668 0
0.08200002 0
0.08200002 0
0.08366671 0
0.0846667 0
0.08500003 0
0.08500003 0
0.08500003 0
0.08500003 0
0.08533336 0
0.08566666 0
0.08666673 0
0.0876667 0
0.08800004 0
0.08800004 0
0.08833334 0
0.08866664 0
0.08899997 0
0.08899997 0
0.09000004 0
0.09000004 0
0.09033338 0
0.09100004 0
0.09133334 0
0.09166667 0
0.09299997 0
0.09399997 0
0.09433337 0
0.09433337 0
0.09433337 0
0.0946667 0
0.09500004 0
0.09500004 0
0.09533337 0
0.09533337 0
0.0956667 0
0.09600003 0
0.09600003 0
0.097 0
0.09766667 0
0.09766667 0
0.09766667 0
0.09833331 0
0.09833331 0
0.09900005 0
0.10033341 0
0.10066671 0
0.10133341 0
0.10133341 0
0.10200004 0
0.10300004 0
0.10333334 0
0.10400004 0
0.10400004 0
0.10400004 0
0.10499998 0
0.10533338 0
0.10633344 0
0.10666674 0
0.1076667 0
0.1076667 0
0.10900006 0
0.11 0
0.1103334 0
0.11100003 0
0.11100003 0
0.11100003 0
0.11166676 0
0.11166676 0
0.11200006 0
0.1123334 0
0.1123334 0
0.11333334 0
0.11333334 0
0.11333334 0
0.11333334 0
0.11333334 0
0.11366667 0
0.1143333 0
0.11499993 0
0.11499993 0
0.11566656 0
0.11599996 0
0.11666656 0
0.11666656 0
0.11733316 0
0.11799986 0
0.11833326 0
0.119 0
0.11966664 0
0.11966664 0
0.12066664 0
0.12100004 0
0.12133334 0
0.12166667 0
0.12199997 0
0.12233337 0
0.12266667 0
0.12399997 0
0.12399997 0
0.12399997 0
0.12466657 0
0.12466657 0
0.12499997 0
0.1253333 0
0.1256667 0
0.126 0
0.1266666 0
0.1273333 0
0.1276666 0
0.1283332 0
0.1293334 0
0.1296667 0
0.13 0
0.1303333 0
0.1303333 0
0.1306667 0
0.1306667 0
0.131 0
0.1313334 0
0.1323333 0
0.1326666 0
0.1333332 0
0.134 0
0.1343333 0
0.135 0
0.136 0
0.1363333 0
0.1363333 0
0.137 0
0.137 0
0.137 0
0.137 0
0.1373333 0
0.1376666 0
0.1376666 0
0.139 0
0.1393334 0
0.14 0
0.1403333 0
0.1409999 0
0.1419999 0
0.1429999 0
0.1436666 0
0.1436666 0
0.1446666 0
0.1446666 0
0.1446666 0
0.1453333 0
0.1453333 0
0.1453333 0
0.1456667 0
0.146 0
0.1469999 0
0.1469999 0
0.1476666 0
0.1479999 0
0.1483333 0
0.1486667 0
0.149 0
0.149 0
0.1496667 0
0.1503333 0
0.1509999 0
0.1516667 0
0.1516667 0
0.1523335 0
0.1526669 0
0.1533335 0
0.1533335 0
0.1536668 0
0.1540001 0
0.1540001 0
0.1540001 0
0.1546667 0
0.1560001 0
0.157 0
0.1573333 0
0.1576667 0
0.1580001 0
0.1580001 0
0.1580001 0
0.1583334 0
0.159 0
0.1593333 0
0.1603335 0
0.1606668 0
0.1610001 0
0.1616667 0
0.1636667 0
0.1646668 0
0.1653334 0
0.1663334 0
0.1673334 0
0.1673334 0
0.168 0
0.168 0
0.1683334 0
0.1690001 0
0.1693334 0
0.1696667 0
0.171 0
0.1713334 0
0.1713334 0
0.1723333 0
0.1729999 0
0.1736667 0
0.1736667 0
0.1740001 0
0.1750001 0
0.1753335 0
0.1763334 0
0.177 0
0.1776666 0
0.179 0
0.179 0
0.1796666 0
0.1799999 0
0.1803333 0
0.1816666 0
0.182 0
0.182 0
0.1826666 0
0.1833333 0
0.1836666 0
0.1846667 0
0.1856666 0
0.1863333 0
0.1866667 0
0.1866667 0
0.1873335 0
0.1873335 0
0.1873335 0
0.1883334 0
0.1890001 0
0.1893335 0
0.1896668 0
0.1900001 0
0.1900001 0
0.1900001 0
0.1900001 0
0.1923333 0
0.1926667 0
0.193 0
0.1933333 0
0.1943333 0
0.1949999 0
0.1956667 0
0.196 0
0.1970001 0
0.198 0
0.1983333 0
0.1993333 0
0.2003332 0
0.2006666 0
0.2009999 0
0.202 0
0.2023333 0
0.2023333 0
0.2026666 0
0.203 0
0.2033333 0
0.2043334 0
0.205 0
0.205 0
0.2063333 0
0.2076666 0
0.2090001 0
0.2096667 0
0.2096667 0
0.21 0
0.2103333 0
0.2106667 0
0.2123334 0
0.213 0
0.2136666 0
0.215 0
0.2163332 0
0.2166666 0
0.2173333 0
0.2186666 0
0.22 0
0.221 0
0.221 0
0.2213333 0
0.2216666 0
0.2216666 0
0.2219999 0
0.2226667 0
0.2233333 0
0.2236667 0
0.2256667 0
0.2266667 0
0.227 0
0.227 0
0.228 0
0.2283333 0
0.2286666 0
0.229 0
0.2296667 0
0.231 0
0.2323334 0
0.2330001 0
0.2330001 0
0.2333335 0
0.2336668 0
0.2340002 0
0.2346668 0
0.2353335 0
0.2360001 0
0.2373334 0
0.2383334 0
0.2386667 0
0.2399999 0
0.2403332 0
0.2406666 0
0.2416666 0
0.242 0
0.2423333 0
0.2426666 0
0.2429999 0
0.2429999 0
0.2429999 0
0.2439999 0
0.245 0
0.2456667 0
0.2456667 0
0.247 0
0.2473333 0
0.2473333 0
0.2486667 0
0.2493334 0
0.2496667 0
0.25 0
0.251 0
0.2516666 0
0.2526666 0
0.253 0
0.254 0
0.2543334 0
0.2556666 0
0.2566667 0
0.2576667 0
0.258 0
0.2586666 0
0.2600001 0
0.2600001 0
0.2603334 0
0.2603334 0
0.2606667 0
0.2610001 0
0.2613334 0
0.262 0
0.262 0
0.2633333 0
0.2640001 0
0.2643334 0
0.2646667 0
0.2653333 0
0.2653333 0
0.2656667 0
0.2673335 0
0.2673335 0
0.2680002 0
0.2690001 0
0.2693334 0
0.2693334 0
0.2696667 0
0.27 0
0.2703334 0
0.2706668 0
0.2710001 0
0.2716667 0
0.2716667 0
0.2723333 0
0.2733334 0
0.2743334 0
0.275 0
0.2753333 0
0.2756667 0
0.2766666 0
0.2769999 0
0.2769999 0
0.2769999 0
0.2783334 0
0.2786667 0
0.2786667 0
0.2793333 0
0.2796666 0
0.2796666 0
0.2803333 0
0.2813333 0
0.2813333 0
0.2816667 0
0.2816667 0
0.2820001 0
0.283 0
0.2833334 0
0.284 0
0.2849999 0
0.2859999 0
0.2863333 0
0.2873332 0
0.2883332 0
0.2889999 0
0.2896666 0
0.2906667 0
0.2913334 0
0.2916668 0
0.2923334 0
0.293 0
0.293 0
0.2936666 0
0.2939999 0
0.2943332 0
0.2949999 0
0.2949999 0
0.296 0
0.2963333 0
0.2973333 0
0.299 0
0.2996667 0
0.3000001 0
0.3013334 0
0.3016667 0
0.303 0
0.3033334 0
0.3040001 0
0.3040001 0
0.3043334 0
0.306 0
0.3069999 0
0.3073333 0
0.3079999 0
0.3086666 0
0.3086666 0
0.3089999 0
0.3103333 0
0.3113333 0
0.3126666 0
0.3140002 0
0.3140002 0
0.3140002 0
0.3150001 0
0.3160001 0
0.3163334 0
0.3176667 0
0.3176667 0
0.3176667 0
0.318 0
0.3183333 0
0.3189999 0
0.3206666 0
0.321 0
0.3213334 0
0.3216667 0
0.3223333 0
0.323 0
0.323 0
0.3236666 0
0.3243332 0
0.3253333 0
0.326 0
0.326 0
0.3266667 0
0.3286667 0
0.3286667 0
0.329 0
0.3296668 0
0.331 0
0.3313333 0
0.3316666 0
0.3323333 0
0.3326666 0
0.3326666 0
0.3336666 0
0.3339999 0
0.3353333 0
0.3359999 0
0.3366666 0
0.3376667 0
0.338 0
0.3393334 0
0.3409999 0
0.3413333 0
0.3419999 0
0.3419999 0
0.3423332 0
0.3429998 0
0.3433332 0
0.3433332 0
0.3439999 0
0.3443332 0
0.3446666 0
0.3446666 0
0.346 0
0.3463334 0
0.3466667 0
0.3476668 0
0.349 0
0.3496666 0
0.3499999 0
0.3503333 0
0.351 0
0.351 0
0.3513333 0
0.352 0
0.3526667 0
0.3533333 0
0.3539999 0
0.3553333 0
0.356 0
0.3563334 0
0.3566668 0
0.3580001 0
0.3583334 0
0.359 0
0.3593334 0
0.36 0
0.3606666 0
0.3606666 0
0.361 0
0.362 0
0.3623333 0
0.3630001 0
0.3633334 0
0.364 0
0.3646666 0
0.3656666 0
0.3663334 0
0.3683333 0
0.3696666 0
0.3703333 0
0.3709999 0
0.3713332 0
0.3713332 0
0.3713332 0
0.3716666 0
0.3716666 0
0.3723332 0
0.3723332 0
0.3726665 0
0.3726665 0
0.3729998 0
0.3733332 0
0.3736666 0
0.374 0
0.3743333 0
0.3763334 0
0.3763334 0
0.3763334 0
0.3773334 0
0.3783335 0
0.3800001 0
0.3803334 0
0.3803334 0
0.382 0
0.3826666 0
0.383 0
0.3843335 0
0.3850002 0
0.3860001 0
0.387 0
0.3876667 0
0.3889999 0
0.3896665 0
0.3903332 0
0.3906665 0
0.3919999 0
0.3923332 0
0.3926665 0
0.3929998 0
0.3933332 0
0.3939998 0
0.3946665 0
0.3946665 0
0.3949998 0
0.3963332 0
0.397 0
0.3973333 0
0.3976666 0
0.3979999 0
0.3993333 0
0.3999999 0
0.3999999 0
0.4006666 0
0.4016667 0
0.4026667 0
0.403 0
0.4033333 0
0.4033333 0
0.4043333 0
0.4049999 0
0.406 0
0.4063333 0
0.4066666 0
0.4073333 0
0.4079999 0
0.4086667 0
0.4093335 0
0.4096668 0
0.4096668 0
0.4096668 0
0.4100001 0
0.411 0
0.411 0
0.4113334 0
0.4123335 0
0.4126668 0
0.4130001 0
0.4130001 0
0.4136667 0
0.415 0
0.4153334 0
0.4163333 0
0.4166666 0
0.4183333 0
0.4193333 0
0.42 0
0.4203333 0
0.4206666 0
0.4219999 0
0.4223332 0
0.4226665 0
0.4226665 0
0.4229999 0
0.4233332 0
0.4236666 0
0.4243334 0
0.4243334 0
0.425 0
0.4253333 0
0.4263334 0
0.4276668 0
0.4283335 0
0.4290001 0
0.4300001 0
0.4313334 0
0.4323333 0
0.433 0
0.4333333 0
0.4343332 0
0.4349999 0
0.4353332 0
0.4359999 0
0.437 0
0.437 0
0.437 0
0.4376667 0
0.4383334 0
0.4383334 0
0.4393333 0
0.4399999 0
0.4399999 0
0.4403332 0
0.4409998 0
0.4429999 0
0.444 0.000333333
0.445 0.000333333
0.445 0.000333333
0.446 0.000333333
0.4466667 0.000333333
0.4480002 0.000333333
0.4486668 0.000333333
0.4490001 0.000333333
0.4493334 0.000333333
0.4506666 0.000333333
0.4523333 0.000333333
0.4523333 0.000333333
0.4526667 0.000333333
0.4533333 0.000333333
0.455 0.000333333
0.456 0.000333333
0.4573333 0.000333333
0.4576666 0.000333333
0.4583333 0.000333333
0.4589999 0.000333333
0.4599999 0.000333333
0.4599999 0.000333333
0.4603333 0.000333333
0.4609999 0.000333333
0.4619999 0.000333333
0.4623332 0.000333333
0.4636667 0.000333333
0.4643333 0.000333333
0.465 0.000333333
0.465 0.000333333
0.4656666 0.000333333
0.4663333 0.000333333
0.4666667 0.000333333
0.4676666 0.000333333
0.4686666 0.000333333
0.4696665 0.000333333
0.4703331 0.000333333
0.4706665 0.000333333
0.4706665 0.000333333
0.4716667 0.000333333
0.4730001 0.000333333
0.474 0.000333333
0.474 0.000333333
0.4743333 0.000333333
0.475 0.000333333
0.4756666 0.000333333
0.4756666 0.000333333
0.476 0.000333333
0.4766666 0.000333333
0.478 0.000333333
0.479 0.000333333
0.48 0.000333333
0.481 0.000333333
0.4823334 0.000333333
0.4826667 0.000333333
0.483 0.000333333
0.4836666 0.000333333
0.4836666 0.000333333
0.4839999 0.000333333
0.485 0.000333333
0.4863333 0.000333333
0.487 0.000333333
0.4880001 0.000333333
0.4883334 0.000333333
0.4900001 0.000333333
0.491 0.000333333
0.4913333 0.000333333
0.4923333 0.000333333
0.4940001 0.000333333
0.4943334 0.000333333
0.4943334 0.000333333
0.4953334 0.000333333
0.4956667 0.000333333
0.4963334 0.000333333
0.497 0.000333333
0.4983334 0.000333333
0.4993334 0.000333333
0.5003334 0.000333333
0.5006667 0.000333333
0.502 0.000333333
0.5023334 0.000333333
0.5026667 0.000333333
0.503 0.000333333
0.5033333 0.000333333
0.5033333 0.000333333
0.5033333 0.000333333
0.5046666 0.000333333
0.5056666 0.000666666
0.5063333 0.000999999
0.5066666 0.000999999
0.5076666 0.000999999
0.5083333 0.000999999
0.5093332 0.000999999
0.5096666 0.000999999
0.5109999 0.000999999
0.5116665 0.000999999
0.5126666 0.000999999
0.5136667 0.000999999
0.5146667 0.000999999
0.5153334 0.000999999
0.5153334 0.000999999
0.5163334 0.000999999
0.5166667 0.000999999
0.5176667 0.000999999
0.518 0.000999999
0.5183333 0.000999999
0.5183333 0.000999999
0.5186666 0.000999999
0.5193333 0.000999999
0.5203333 0.000999999
0.5206666 0.000999999
0.5220001 0.000999999
0.5226668 0.000999999
0.5230001 0.000999999
0.5233335 0.000999999
0.5233335 0.000999999
0.5240001 0.000999999
0.5253334 0.000999999
0.5253334 0.000999999
0.5256667 0.000999999
0.5266666 0.000999999
0.5273333 0.000999999
0.528 0.000999999
0.5283333 0.000999999
0.529 0.000999999
0.5300001 0.000999999
0.5306667 0.000999999
0.5316667 0.000999999
0.5323334 0.000999999
0.5333333 0.000999999
0.5336666 0.000999999
0.5339999 0.000999999
0.5343333 0.000999999
0.5346667 0.000999999
0.5356666 0.000999999
0.5356666 0.000999999
0.536 0.000999999
0.5373334 0.000999999
0.5376667 0.000999999
0.5386667 0.000999999
0.5386667 0.000999999
0.54 0.000999999
0.541 0.000999999
0.5416667 0.000999999
0.542 0.000999999
0.5426667 0.000999999
0.5426667 0.000999999
0.5433333 0.000999999
0.5436666 0.000999999
0.5436666 0.000999999
0.544 0.000999999
0.545 0.000999999
0.5453334 0.001333332
0.5466667 0.001333332
0.548 0.001333332
0.5483333 0.001333332
0.549 0.001333332
0.5493333 0.001333332
0.5496666 0.001333332
0.55 0.001333332
0.5506667 0.001333332
0.5506667 0.001333332
0.5516667 0.001333332
0.5520001 0.001333332
0.5523334 0.001333332
0.5530001 0.001333332
0.5533334 0.001333332
0.5533334 0.001333332
0.554 0.001333332
0.5546666 0.001333332
0.5556666 0.001333332
0.5556666 0.001333332
0.5559999 0.001333332
0.5566665 0.001333332
0.5566665 0.001333332
0.5573332 0.001333332
0.5583333 0.001333332
0.5583333 0.001333332
0.5593333 0.001333332
0.561 0.001333332
0.5616668 0.001333332
0.5626667 0.001333332
0.563 0.001333332
0.564 0.001333332
0.5653334 0.001333332
0.567 0.001333332
0.5679999 0.001333332
0.569 0.001333332
0.5693333 0.001333332
0.5700001 0.001333332
0.5706668 0.001333332
0.5713335 0.001333332
0.5720001 0.001333332
0.5726668 0.001333332
0.5730002 0.001333332
0.5743335 0.001333332
0.5743335 0.001333332
0.5743335 0.001333332
0.5756668 0.001333332
0.5760001 0.001333332
0.5766667 0.001333332
0.5773333 0.001333332
0.5783333 0.001333332
0.5789999 0.001333332
0.5793332 0.001333332
0.5799999 0.001333332
0.581 0.001333332
0.581 0.001333332
0.582 0.001333332
0.5826667 0.001333332
0.583 0.001333332
0.583 0.001333332
0.5833333 0.001333332
0.5839999 0.001333332
0.5846667 0.001333332
0.5850001 0.001333332
0.586 0.001333332
0.5866666 0.001333332
0.5866666 0.001333332
0.5869999 0.001333332
0.5873332 0.001333332
0.5876666 0.001333332
0.5879999 0.001333332
0.5896666 0.001333332
0.5910001 0.001333332
0.5920001 0.001333332
0.5936667 0.001333332
0.5936667 0.001333332
0.5946668 0.001333332
0.5950001 0.001333332
0.596 0.001333332
0.5966666 0.001333332
0.5979999 0.001333332
0.5979999 0.001333332
0.5986667 0.001333332
0.5993334 0.001333332
0.6006668 0.001333332
0.6010001 0.001333332
0.6010001 0.001333332
0.6023335 0.001333332
0.6026668 0.001333332
0.604 0.001333332
0.6046666 0.001333332
0.6056666 0.001333332
0.6059999 0.001333332
0.6063333 0.001333332
0.6063333 0.001333332
0.6066667 0.001666665
0.6073333 0.001666665
0.6086668 0.001666665
0.6086668 0.001666665
0.6103334 0.001666665
0.611 0.001666665
0.6116666 0.001666665
0.6123333 0.001666665
0.6123333 0.001666665
0.6133334 0.001666665
0.6140001 0.001666665
0.6146667 0.001666665
0.6163333 0.001666665
0.6166666 0.001666665
0.617 0.001666665
0.6179999 0.001666665
0.6189999 0.001666665
0.6196666 0.001666665
0.6203333 0.001666665
0.6216667 0.001666665
0.6220001 0.001666665
0.6233334 0.001666665
0.6243333 0.001666665
0.6246667 0.001666665
0.625 0.001666665
0.6256667 0.001666665
0.6263334 0.001666665
0.627 0.001666665
0.628 0.001666665
0.628 0.001666665
0.6286666 0.001666665
0.6289999 0.001666665
0.6293333 0.001666665
0.6296666 0.001666665
0.6299999 0.001666665
0.6306666 0.001666665
0.6309999 0.001666665
0.6313333 0.001666665
0.632 0.001666665
0.6323333 0.001666665
0.6323333 0.001666665
0.6326667 0.001666665
0.6336668 0.001666665
0.6343334 0.001666665
0.6353333 0.001666665
0.6356667 0.001666665
0.6363334 0.001666665
0.6370001 0.001666665
0.638 0.001666665
0.6389999 0.001666665
0.6389999 0.001666665
0.6399999 0.001666665
0.6403333 0.001666665
0.6403333 0.001666665
0.641 0.001999998
0.6413333 0.001999998
0.6416667 0.001999998
0.6420001 0.001999998
0.6420001 0.001999998
0.6423335 0.001999998
0.6430002 0.001999998
0.6433335 0.001999998
0.6436668 0.001999998
0.645 0.001999998
0.6466667 0.002333331
0.6470001 0.002333331
0.6473334 0.002333331
0.6480001 0.002333331
0.6486667 0.002333331
0.6486667 0.002333331
0.649 0.002333331
0.6496667 0.002333331
0.65 0.002333331
0.65 0.002333331
0.6506666 0.002333331
0.6520001 0.002333331
0.6523334 0.002333331
0.6523334 0.002333331
0.6526668 0.002333331
0.6530002 0.002333331
0.6536668 0.002333331
0.6543335 0.002333331
0.6546668 0.002333331
0.6550001 0.002333331
0.6550001 0.002333331
0.6553334 0.002333331
0.657 0.002333331
0.657 0.002333331
0.657 0.002333331
0.6580001 0.002666664
0.6590002 0.002666664
0.6593335 0.002666664
0.6600001 0.002666664
0.6603334 0.002666664
0.6603334 0.002666664
0.6606667 0.002666664
0.6606667 0.002666664
0.6619999 0.002666664
0.6619999 0.002666664
0.6626666 0.002666664
0.6629999 0.002666664
0.6643333 0.002666664
0.6649999 0.002666664
0.6649999 0.002666664
0.6649999 0.002666664
0.6653333 0.002666664
0.6656666 0.002666664
0.6659999 0.002666664
0.6659999 0.002666664
0.6673332 0.002666664
0.6676666 0.002999997
0.6679999 0.002999997
0.6683333 0.002999997
0.6696666 0.002999997
0.6699999 0.002999997
0.6703333 0.002999997
0.6713334 0.002999997
0.6716667 0.002999997
0.6716667 0.002999997
0.672 0.002999997
0.6723333 0.002999997
0.6723333 0.002999997
0.6729999 0.002999997
0.6733332 0.002999997
0.6739999 0.002999997
0.6746665 0.002999997
0.6756666 0.002999997
0.676 0.002999997
0.6766666 0.002999997
0.677 0.002999997
0.6776666 0.002999997
0.678 0.002999997
0.6783334 0.002999997
0.6790001 0.002999997
0.6793334 0.002999997
0.6793334 0.002999997
0.6793334 0.002999997
0.6803333 0.002999997
0.6803333 0.002999997
0.6806666 0.002999997
0.682 0.002999997
0.682 0.002999997
0.6833332 0.002999997
0.6833332 0.002999997
0.6833332 0.002999997
0.6843332 0.002999997
0.6849998 0.002999997
0.6863332 0.002999997
0.6866666 0.002999997
0.6866666 0.002999997
0.6866666 0.002999997
0.6869999 0.002999997
0.6873333 0.002999997
0.6886667 0.002999997
0.689 0.002999997
0.6896667 0.002999997
0.6906667 0.002999997
0.6920001 0.00333333
0.6926668 0.00333333
0.6930001 0.00333333
0.6936667 0.00333333
0.6943333 0.003666663
0.6943333 0.003666663
0.6946666 0.003666663
0.6949999 0.003666663
0.6949999 0.003666663
0.6953333 0.003666663
0.6956667 0.003666663
0.697 0.003666663
0.6976666 0.003666663
0.6983332 0.003666663
0.6983332 0.003666663
0.6989999 0.003666663
0.6993333 0.003666663
0.7 0.003666663
0.7006667 0.003666663
0.701 0.003666663
0.701 0.003666663
0.7013334 0.003666663
0.7013334 0.003999996
0.7016667 0.003999996
0.7026667 0.003999996
0.7033333 0.003999996
0.704 0.003999996
0.704 0.003999996
0.7049999 0.003999996
0.7053332 0.003999996
0.7059999 0.003999996
0.7059999 0.004333329
0.7063333 0.004333329
0.7069999 0.004333329
0.7069999 0.004333329
0.7073333 0.004333329
0.7076666 0.004333329
0.7076666 0.004333329
0.708 0.004333329
0.708 0.004333329
0.709 0.00466666
0.709 0.00466666
0.7099999 0.00466666
0.7106666 0.00466666
0.7113333 0.00466666
0.713 0.00466666
0.713 0.00466666
0.713 0.00466666
0.7136667 0.00466666
0.714 0.00466666
0.715 0.00466666
0.7160001 0.00466666
0.7163334 0.00466666
0.7163334 0.00466666
0.7166667 0.00466666
0.7173334 0.00466666
0.7176667 0.00466666
0.718 0.00466666
0.7186667 0.00466666
0.7186667 0.00466666
0.719 0.004999993
0.7193334 0.004999993
0.7196667 0.004999993
0.7196667 0.004999993
0.72 0.004999993
0.7210001 0.004999993
0.7213334 0.004999993
0.7213334 0.004999993
0.7223333 0.004999993
0.7226666 0.004999993
0.7226666 0.004999993
0.7233333 0.004999993
0.7236666 0.004999993
0.7236666 0.004999993
0.7236666 0.004999993
0.7246667 0.004999993
0.7250001 0.004999993
0.7253334 0.004999993
0.7253334 0.004999993
0.7256667 0.004999993
0.726 0.004999993
0.7263333 0.004999993
0.7263333 0.004999993
0.7263333 0.004999993
0.7273333 0.005333326
0.7283333 0.005333326
0.7283333 0.005333326
0.7286667 0.005333326
0.7296667 0.005333326
0.7310001 0.005333326
0.7316668 0.005333326
0.7320001 0.005333326
0.7320001 0.005666659
0.7323335 0.005666659
0.7323335 0.005666659
0.7323335 0.005666659
0.7323335 0.005666659
0.7333335 0.005666659
0.7336668 0.005999992
0.7336668 0.005999992
0.7343335 0.005999992
0.7343335 0.005999992
0.7346668 0.005999992
0.7353334 0.005999992
0.7356667 0.005999992
0.7363334 0.005999992
0.7373333 0.005999992
0.739 0.005999992
0.739 0.005999992
0.7406667 0.005999992
0.7413334 0.005999992
0.7416667 0.005999992
0.7416667 0.005999992
0.7423334 0.005999992
0.7426667 0.005999992
0.7436666 0.005999992
0.7439999 0.005999992
0.7449998 0.005999992
0.7453332 0.005999992
0.7453332 0.006333323
0.7459999 0.006333323
0.7466667 0.006333323
0.747 0.006333323
0.747 0.006333323
0.7473333 0.006333323
0.7473333 0.006333323
0.7483334 0.006333323
0.7486668 0.006333323
0.7486668 0.006333323
0.7490001 0.006333323
0.7493334 0.006333323
0.75 0.006333323
0.7503333 0.006333323
0.7516667 0.006333323
0.7523334 0.006333323
0.7523334 0.006333323
0.7523334 0.006333323
0.7530001 0.006333323
0.7533334 0.006333323
0.7543334 0.006333323
0.7546667 0.006333323
0.7546667 0.006333323
0.755 0.006333323
0.7556666 0.006333323
0.7556666 0.006333323
0.7559999 0.006333323
0.7559999 0.006333323
0.757 0.006333323
0.7573333 0.006333323
0.7583333 0.006333323
0.7586666 0.006333323
0.7589999 0.006333323
0.7596666 0.006333323
0.7596666 0.006333323
0.7603333 0.006333323
0.7603333 0.006333323
0.7613333 0.006333323
0.7623332 0.006333323
0.7626665 0.006333323
0.7629998 0.006333323
0.7629998 0.006333323
0.7629998 0.006333323
0.7633332 0.006333323
0.7639999 0.006333323
0.7639999 0.006333323
0.7643333 0.006333323
0.765 0.006666656
0.765 0.006666656
0.7653334 0.006666656
0.766 0.006666656
0.7663333 0.006666656
0.7666667 0.006666656
0.7673333 0.006666656
0.7673333 0.006666656
0.7676666 0.006666656
0.7676666 0.006666656
0.7679999 0.006666656
0.7679999 0.006666656
0.7683333 0.006666656
0.7683333 0.006666656
0.7686667 0.006666656
0.769 0.006666656
0.7693334 0.006666656
0.7700001 0.006666656
0.7700001 0.006666656
0.7700001 0.006666656
0.7703334 0.006666656
0.7703334 0.006666656
0.7703334 0.006666656
0.771 0.006666656
0.7713333 0.006666656
0.7713333 0.006666656
0.7713333 0.006666656
0.7719999 0.006666656
0.7723332 0.006666656
0.7736664 0.006666656
0.7746664 0.006666656
0.7749998 0.006666656
0.7753332 0.006666656
0.7756666 0.006666656
0.7763333 0.006666656
0.7766666 0.006666656
0.7769999 0.006666656
0.7769999 0.006666656
0.7773332 0.006666656
0.7776665 0.006666656
0.7786667 0.006666656
0.7793335 0.006666656
0.7796668 0.006666656
0.7796668 0.006666656
0.7796668 0.006666656
0.7800001 0.006666656
0.7800001 0.006666656
0.7803334 0.006999989
0.781 0.006999989
0.782 0.006999989
0.7826667 0.006999989
0.7830001 0.006999989
0.7836667 0.006999989
0.7840001 0.007333322
0.7846668 0.007666655
0.7850001 0.007666655
0.7850001 0.007666655
0.7850001 0.007666655
0.7850001 0.007666655
0.7850001 0.007666655
0.7853335 0.007666655
0.7856668 0.007666655
0.7856668 0.007666655
0.7856668 0.007666655
0.7863335 0.007666655
0.7866668 0.007666655
0.7876668 0.007666655
0.7880001 0.007666655
0.789 0.007666655
0.7893334 0.007666655
0.7896667 0.007666655
0.7900001 0.007666655
0.7913334 0.007666655
0.7916668 0.007666655
0.7920001 0.007666655
0.7923334 0.007666655
0.7926667 0.007999988
0.793 0.007999988
0.793 0.007999988
0.7943333 0.007999988
0.7950001 0.007999988
0.7953335 0.007999988
0.7960001 0.007999988
0.7963334 0.008333328
0.7970001 0.008333328
0.798 0.008333328
0.7986666 0.008333328
0.7989999 0.008333328
0.8003334 0.008333328
0.8003334 0.008333328
0.8006668 0.008333328
0.802 0.008666661
0.8023333 0.008666661
0.8029999 0.008666661
0.8043334 0.008666661
0.8050001 0.008666661
0.8050001 0.008666661
0.8053335 0.008666661
0.8056669 0.008666661
0.8063335 0.008666661
0.8066668 0.008666661
0.8070001 0.008666661
0.8073334 0.008666661
0.8073334 0.008666661
0.8073334 0.008666661
0.8073334 0.008666661
0.8076667 0.008666661
0.8076667 0.008666661
0.8076667 0.008666661
0.8083333 0.008666661
0.8086667 0.008666661
0.8090001 0.008666661
0.8093335 0.008666661
0.8096669 0.008999992
0.8103335 0.008999992
0.8110002 0.008999992
0.8116668 0.008999992
0.8123335 0.008999992
0.8130001 0.008999992
0.814 0.008999992
0.8146666 0.008999992
0.8149999 0.008999992
0.8153332 0.008999992
0.8156666 0.008999992
0.8159999 0.008999992
0.8159999 0.008999992
0.8159999 0.008999992
0.8166666 0.008999992
0.817 0.008999992
0.8176667 0.008999992
0.818 0.008999992
0.8183333 0.009666656
0.8186666 0.009666656
0.8186666 0.009666656
0.8193334 0.009666656
0.8193334 0.009666656
0.8196667 0.009666656
0.8196667 0.009666656
0.8196667 0.009666656
0.8196667 0.009666656
0.8216667 0.010333336
0.8216667 0.010333336
0.8223333 0.010666669
0.8223333 0.010999999
0.8226667 0.010999999
0.8226667 0.010999999
0.823 0.01133333
0.8233333 0.01133333
0.824 0.01133333
0.824 0.01133333
0.824 0.01133333
0.8243333 0.01133333
0.8253334 0.01133333
0.8253334 0.01133333
0.8266668 0.01133333
0.8266668 0.01133333
0.8270001 0.01133333
0.8270001 0.01133333
0.8273335 0.01133333
0.8280001 0.01166666
0.8280001 0.01199999
0.8280001 0.012333323
0.8290001 0.012333323
0.8293334 0.012333323
0.8300001 0.012666654
0.8300001 0.013333324
0.8300001 0.013333324
0.831 0.013333324
0.8313333 0.013666654
0.8320001 0.013666654
0.8320001 0.013666654
0.8323334 0.013666654
0.8323334 0.013666654
0.8326667 0.013666654
0.8326667 0.013999994
0.833 0.013999994
0.833 0.013999994
0.833 0.014333324
0.8333333 0.014333324
0.8333333 0.014666654
0.8336666 0.014666654
0.8343334 0.014666654
0.8346667 0.014666654
0.8346667 0.014666654
0.836 0.014666654
0.8366667 0.014666654
0.837 0.014666654
0.837 0.014666654
0.837 0.014666654
0.8376666 0.014666654
0.8376666 0.014666654
0.8379999 0.014999987
0.8379999 0.015333327
0.8383332 0.015666657
0.8386665 0.015666657
0.8393332 0.015666657
0.8393332 0.015666657
0.8396666 0.015666657
0.8396666 0.015666657
0.8410001 0.015666657
0.8413334 0.015666657
0.8413334 0.015666657
0.8413334 0.015666657
0.8416668 0.015666657
0.8420001 0.015666657
0.8426668 0.015666657
0.8426668 0.015666657
0.8426668 0.015666657
0.8426668 0.015666657
0.8430002 0.015666657
0.8430002 0.015666657
0.8430002 0.015666657
0.8430002 0.015999987
0.8433336 0.015999987
0.8436669 0.015999987
0.8443335 0.015999987
0.8446669 0.015999987
0.8450002 0.015999987
0.8453335 0.015999987
0.8453335 0.015999987
0.8453335 0.015999987
0.8453335 0.015999987
0.8463334 0.015999987
0.8466667 0.015999987
0.8466667 0.015999987
0.8466667 0.015999987
0.8470001 0.015999987
0.8473334 0.015999987
0.8473334 0.015999987
0.8480001 0.015999987
0.8490002 0.015999987
0.8490002 0.015999987
0.8496668 0.015999987
0.8496668 0.015999987
0.8503335 0.015999987
0.8503335 0.015999987
0.8510002 0.015999987
0.8520002 0.015999987
0.8520002 0.015999987
0.8520002 0.015999987
0.8523335 0.015999987
0.8526668 0.015999987
0.8530001 0.015999987
0.8533334 0.015999987
0.8546667 0.015999987
0.8553334 0.015999987
0.8556667 0.015999987
0.8566667 0.015999987
0.8576667 0.016333317
0.858 0.016333317
0.8586668 0.016333317
0.8593334 0.01699998
0.8593334 0.01699998
0.8596667 0.01699998
0.86 0.017333311
0.8603334 0.017333311
0.8613333 0.017333311
0.8613333 0.017333311
0.8613333 0.017333311
0.8613333 0.017333311
0.8616666 0.017333311
0.8619999 0.017333311
0.8626666 0.017333311
0.8633333 0.017333311
0.8633333 0.017333311
0.8633333 0.017666642
0.8633333 0.017666642
0.8639999 0.017666642
0.8639999 0.017999972
0.8643333 0.017999972
0.8646667 0.017999972
0.8656666 0.017999972
0.8663333 0.017999972
0.8666666 0.017999972
0.8666666 0.017999972
0.867 0.017999972
0.8673334 0.017999972
0.8683334 0.018333312
0.8683334 0.018666652
0.8686667 0.018666652
0.8686667 0.018666652
0.8693333 0.018666652
0.87 0.018666652
0.8703333 0.018666652
0.8706667 0.018666652
0.871 0.018999985
0.871 0.019333315
0.8716666 0.019333315
0.8716666 0.019666646
0.8716666 0.019999986
0.8719999 0.019999986
0.8726666 0.020333326
0.873 0.020333326
0.8733334 0.020333326
0.8736667 0.020333326
0.8736667 0.020333326
0.8740001 0.020333326
0.8743335 0.020333326
0.8743335 0.020333326
0.8743335 0.020666656
0.8743335 0.020666656
0.8743335 0.021333319
0.8746668 0.021333319
0.8746668 0.021333319
0.8750001 0.021333319
0.8756668 0.021333319
0.8756668 0.021333319
0.8756668 0.021333319
0.8760002 0.021333319
0.8763335 0.021333319
0.8763335 0.021333319
0.8770001 0.021333319
0.8773334 0.021666649
0.8773334 0.021666649
0.8780002 0.021666649
0.8786668 0.021666649
0.8790001 0.021666649
0.8790001 0.021666649
0.8793334 0.021666649
0.8793334 0.021666649
0.8796667 0.021666649
0.8806668 0.021666649
0.8813334 0.021666649
0.882 0.021666649
0.882 0.021999979
0.882 0.02266665
0.8823333 0.02266665
0.8826666 0.02266665
0.8833333 0.02266665
0.8833333 0.02299999
0.8836666 0.02299999
0.884 0.02299999
0.8843333 0.02299999
0.8843333 0.02299999
0.8849999 0.02333333
0.8853332 0.02333333
0.8856666 0.02333333
0.886 0.02333333
0.886 0.02333333
0.886 0.024
0.886 0.024
0.8866667 0.024
0.887 0.024
0.8873334 0.024
0.8873334 0.02433334
0.8876667 0.02433334
0.8883333 0.02433334
0.8886666 0.02433334
0.8889999 0.02433334
0.8889999 0.02433334
0.8889999 0.02500001
0.8889999 0.02500001
0.8889999 0.02500001
0.8889999 0.02500001
0.8889999 0.02500001
0.8896667 0.02500001
0.89 0.02533335
0.89 0.02533335
0.89 0.02533335
0.8903333 0.02566668
0.8906666 0.02566668
0.891 0.02566668
0.891 0.02600001
0.891 0.02600001
0.8916667 0.02600001
0.8916667 0.02600001
0.8916667 0.02600001
0.8916667 0.02633335
0.8916667 0.02666668
0.8916667 0.02666668
0.8916667 0.02666668
0.8920001 0.02666668
0.8920001 0.02666668
0.8923335 0.02666668
0.8923335 0.02700001
0.8933334 0.02700001
0.8933334 0.02700001
0.8936667 0.02766668
0.8936667 0.02800002
0.8946668 0.02833336
0.8946668 0.0286667
0.8946668 0.0286667
0.8950002 0.0286667
0.8950002 0.02900003
0.8953335 0.02933336
0.8953335 0.02933336
0.8953335 0.02966669
0.8956668 0.02966669
0.8956668 0.02966669
0.8960001 0.02966669
0.8960001 0.02966669
0.8960001 0.02966669
0.8960001 0.02966669
0.8960001 0.02966669
0.8963334 0.02966669
0.8963334 0.02966669
0.8966667 0.03000002
0.897 0.03000002
0.8973333 0.03000002
0.8973333 0.03000002
0.8973333 0.03000002
0.8976666 0.03033335
0.8979999 0.03033335
0.8986666 0.03033335
0.8989999 0.03033335
0.8989999 0.03033335
0.8993332 0.03033335
0.8993332 0.03100001
0.8993332 0.03100001
0.8993332 0.03100001
0.9003333 0.03100001
0.9003333 0.03100001
0.9003333 0.03133334
0.9006666 0.03133334
0.9009999 0.03133334
0.9009999 0.03133334
0.9009999 0.03133334
0.9009999 0.03133334
0.9009999 0.03133334
0.9013332 0.03166667
0.9013332 0.03166667
0.9013332 0.03166667
0.9013332 0.032
0.9013332 0.03233333
0.9019999 0.03233333
0.9019999 0.03266666
0.9019999 0.03266666
0.9019999 0.03266666
0.9023333 0.03266666
0.9023333 0.03266666
0.9023333 0.03266666
0.9023333 0.03266666
0.9023333 0.03266666
0.9026667 0.033
0.9026667 0.033
0.9026667 0.033
0.9033334 0.03366667
0.9033334 0.034
0.9033334 0.03433334
0.904 0.03433334
0.904 0.03433334
0.904 0.03433334
0.904 0.03433334
0.9043334 0.03433334
0.9046667 0.03433334
0.905 0.03466667
0.905 0.03466667
0.905 0.03466667
0.905 0.03466667
0.905 0.03466667
0.905 0.03466667
0.9053334 0.03466667
0.9053334 0.03533333
0.9056667 0.03566667
0.9063333 0.03566667
0.9063333 0.03566667
0.9066667 0.03566667
0.9073333 0.03566667
0.9076667 0.03633334
0.9080001 0.03666667
0.9080001 0.03666667
0.9083335 0.03733334
0.9083335 0.03733334
0.9086668 0.03733334
0.9090001 0.03733334
0.9093334 0.03766667
0.9100001 0.03766667
0.9100001 0.03766667
0.9100001 0.03766667
0.9100001 0.03766667
0.9100001 0.03766667
0.9103335 0.03766667
0.9103335 0.03766667
0.9106668 0.03766667
0.9110001 0.03766667
0.9113335 0.038
0.9113335 0.038
0.9113335 0.038
0.9113335 0.038
0.9113335 0.038
0.9116668 0.038
0.9116668 0.038
0.9116668 0.038
0.9123335 0.038
0.9123335 0.03833333
0.9126668 0.03833333
0.9126668 0.03833333
0.9126668 0.03833333
0.9126668 0.03833333
0.9130001 0.039
0.9130001 0.03966667
0.9133334 0.03966667
0.9133334 0.03966667
0.9136668 0.03966667
0.9136668 0.03966667
0.9140002 0.04033333
0.9143335 0.04066667
0.9143335 0.04066667
0.9143335 0.04066667
0.9146668 0.04066667
0.9150001 0.04100001
0.9153334 0.04100001
0.9156668 0.04100001
0.9156668 0.04133335
0.9163334 0.04166668
0.9166667 0.04200001
0.9176667 0.04233334
0.9183334 0.04233334
0.9186667 0.04233334
0.9186667 0.04233334
0.9186667 0.04233334
0.9186667 0.04233334
0.9186667 0.04233334
0.9196667 0.04233334
0.92 0.04266668
0.92 0.04300001
0.9213333 0.04300001
0.9213333 0.04300001
0.922 0.04300001
0.922 0.04333335
0.9223333 0.04333335
0.9223333 0.04333335
0.9223333 0.04333335
0.9226666 0.04400002
0.9233333 0.04400002
0.9236666 0.04433336
0.9236666 0.04433336
0.924 0.04433336
0.924 0.04466669
0.924 0.04500002
0.9246667 0.04500002
0.9246667 0.04500002
0.925 0.04500002
0.925 0.04500002
0.925 0.04566668
0.925 0.04566668
0.9256666 0.04600001
0.9256666 0.04600001
0.9259999 0.04600001
0.9259999 0.04600001
0.9259999 0.04600001
0.9259999 0.04600001
0.9259999 0.04600001
0.9259999 0.04600001
0.9259999 0.04666667
0.9259999 0.04666667
0.9263333 0.04666667
0.9263333 0.04700001
0.9266667 0.04700001
0.9266667 0.04700001
0.9273334 0.04700001
0.9276667 0.04766669
0.928 0.04766669
0.928 0.04766669
0.928 0.04800002
0.928 0.04800002
0.9283334 0.04800002
0.9293334 0.04800002
0.9293334 0.04866669
0.9293334 0.04866669
0.9293334 0.04866669
0.9296667 0.04900002
0.93 0.04933335
0.93 0.04933335
0.9303333 0.04966668
0.9306666 0.04966668
0.9306666 0.04966668
0.9306666 0.04966668
0.931 0.04966668
0.9313334 0.05000002
0.9313334 0.05000002
0.932 0.05000002
0.9323333 0.05033335
0.9323333 0.05033335
0.9323333 0.05033335
0.9326667 0.05033335
0.9326667 0.05033335
0.9326667 0.05033335
0.9326667 0.05066668
0.9326667 0.05066668
0.933 0.05066668
0.9333333 0.05100002
0.9333333 0.05166668
0.9336666 0.05200002
0.9336666 0.05200002
0.9336666 0.05233336
0.9336666 0.05233336
0.9339999 0.0526667
0.9339999 0.0526667
0.9343332 0.0526667
0.9343332 0.0526667
0.9343332 0.0526667
0.9346666 0.0526667
0.9346666 0.0526667
0.9346666 0.05300003
0.9353333 0.05300003
0.9356666 0.05300003
0.9356666 0.05300003
0.9356666 0.05333336
0.9356666 0.05366669
0.9356666 0.05366669
0.9356666 0.05366669
0.9356666 0.05400002
0.9359999 0.05400002
0.9363332 0.05400002
0.9363332 0.05400002
0.9363332 0.05400002
0.9363332 0.05400002
0.9373333 0.05400002
0.9373333 0.05400002
0.9376666 0.05400002
0.938 0.05400002
0.938 0.05400002
0.938 0.05400002
0.938 0.05400002
0.938 0.05400002
0.9383333 0.05400002
0.9386666 0.05400002
0.9386666 0.05400002
0.9396666 0.05400002
0.9396666 0.05466669
0.9396666 0.05500002
0.9396666 0.05533335
0.9396666 0.05633334
0.9396666 0.05633334
0.9399999 0.05633334
0.9399999 0.05666667
0.9399999 0.05733334
0.9399999 0.05733334
0.9399999 0.05766667
0.9399999 0.058
0.9399999 0.058
0.9403333 0.058
0.9406667 0.058
0.9406667 0.05833333
0.9406667 0.05833333
0.9406667 0.05899999
0.9406667 0.05899999
0.941 0.05899999
0.941 0.05899999
0.9416667 0.05933332
0.942 0.05966665
0.942 0.05966665
0.942 0.05999998
0.9423333 0.06033332
0.9423333 0.06033332
0.9423333 0.06066666
0.9423333 0.06133334
0.9423333 0.06133334
0.9426667 0.06166668
0.9426667 0.06233334
0.9426667 0.06233334
0.9426667 0.06333333
0.9426667 0.06366667
0.9426667 0.06366667
0.9426667 0.06366667
0.9426667 0.06366667
0.9426667 0.064
0.943 0.06466668
0.9433334 0.06466668
0.9436667 0.06466668
0.9436667 0.06466668
0.9436667 0.06466668
0.944 0.06466668
0.9443333 0.06466668
0.9443333 0.06466668
0.9446666 0.06466668
0.9446666 0.06500001
0.9446666 0.06500001
0.9446666 0.06500001
0.9449999 0.06500001
0.9449999 0.06533335
0.9449999 0.06533335
0.9449999 0.06533335
0.9449999 0.06533335
0.9449999 0.06566668
0.9449999 0.06600001
0.9453333 0.06600001
0.9453333 0.06666667
0.9456667 0.067
0.9456667 0.06766666
0.946 0.06766666
0.946 0.06833332
0.946 0.06899998
0.946 0.06933332
0.946 0.06933332
0.946 0.06933332
0.946 0.06933332
0.9463333 0.06933332
0.9463333 0.06933332
0.9466666 0.06933332
0.9469999 0.06933332
0.9469999 0.06933332
0.9469999 0.06966665
0.9469999 0.07033331
0.9469999 0.07066664
0.9473332 0.07099997
0.9473332 0.07133331
0.9476665 0.07133331
0.9479998 0.07199999
0.9479998 0.07199999
0.9479998 0.07233332
0.9479998 0.07299998
0.9483331 0.07299998
0.9483331 0.07299998
0.9483331 0.07299998
0.9483331 0.07299998
0.9483331 0.07299998
0.9486664 0.07299998
0.9486664 0.07333332
0.9486664 0.07366665
0.9486664 0.07433332
0.9493331 0.07433332
0.9493331 0.07433332
0.9493331 0.07433332
0.9493331 0.07433332
0.9493331 0.07466665
0.9493331 0.07499999
0.9493331 0.07533333
0.9493331 0.07533333
0.9493331 0.07533333
0.9496665 0.07533333
0.9496665 0.07533333
0.9496665 0.07533333
0.9499999 0.07566666
0.9503333 0.07566666
0.9503333 0.07566666
0.9503333 0.07566666
0.9503333 0.076
0.9503333 0.076
0.9503333 0.076
0.9506666 0.07633333
0.9506666 0.07699999
0.9506666 0.07766666
0.9509999 0.07766666
0.9509999 0.07833332
0.9509999 0.07833332
0.9509999 0.07866665
0.9516667 0.07899998
0.952 0.07899998
0.952 0.07933332
0.952 0.07966666
0.9523333 0.08033333
0.9523333 0.08033333
0.9523333 0.08033333
0.9523333 0.08066666
0.9523333 0.081
0.9526666 0.081
0.953 0.08133333
0.953 0.08200001
0.953 0.08200001
0.9533333 0.08200001
0.9536667 0.08200001
0.9536667 0.08200001
0.9536667 0.08200001
0.9536667 0.08233334
0.9536667 0.08233334
0.954 0.08333334
0.954 0.084
0.954 0.08433333
0.9543333 0.08433333
0.9546666 0.08433333
0.9546666 0.08499996
0.9549999 0.08499996
0.9549999 0.08499996
0.9549999 0.08499996
0.9549999 0.08499996
0.9553332 0.08499996
0.9556666 0.08499996
0.9556666 0.08499996
0.9556666 0.08499996
0.9559999 0.08499996
0.9559999 0.0853333
0.9559999 0.08566663
0.9559999 0.08599996
0.9559999 0.08633326
0.9563333 0.08633326
0.9563333 0.08666659
0.9566667 0.08666659
0.9566667 0.08699999
0.957 0.08699999
0.957 0.08766662
0.957 0.08799992
0.957 0.08833326
0.957 0.08866659
0.9573333 0.08866659
0.9576666 0.08866659
0.9583334 0.08899992
0.959 0.08966662
0.959 0.08966662
0.959 0.08966662
0.9593334 0.08966662
0.9593334 0.08999995
0.9596667 0.08999995
0.9596667 0.08999995
0.9596667 0.08999995
0.96 0.08999995
0.9603333 0.09066668
0.9603333 0.09066668
0.9603333 0.09066668
0.9603333 0.09066668
0.9603333 0.09099998
0.9609999 0.09099998
0.9609999 0.09099998
0.9609999 0.09133328
0.9613333 0.09199994
0.9613333 0.09199994
0.9616666 0.09199994
0.9616666 0.09199994
0.9616666 0.09199994
0.9616666 0.09199994
0.9616666 0.09266668
0.9616666 0.09266668
0.9616666 0.09266668
0.9616666 0.09266668
0.9623332 0.09266668
0.9623332 0.09266668
0.9626665 0.09266668
0.9626665 0.09300002
0.9626665 0.09300002
0.9626665 0.09333336
0.9629999 0.09333336
0.9629999 0.09366676
0.9629999 0.09366676
0.9633332 0.0943334
0.9633332 0.095
0.9633332 0.095
0.9636666 0.0953333
0.9636666 0.0956666
0.9636666 0.09633326
0.9639999 0.0966666
0.9639999 0.09699993
0.9639999 0.09733326
0.9639999 0.09733326
0.9639999 0.09733326
0.9639999 0.09733326
0.9639999 0.09733326
0.9639999 0.09733326
0.9639999 0.09733326
0.9639999 0.09733326
0.9639999 0.09733326
0.9639999 0.09733326
0.9643332 0.09766666
0.9643332 0.09833346
0.9643332 0.09833346
0.9643332 0.09833346
0.9643332 0.09866679
0.9649999 0.09900009
0.9649999 0.09933343
0.9649999 0.09966673
0.9649999 0.10000006
0.9649999 0.10000006
0.9653333 0.10033336
0.9653333 0.10033336
0.9653333 0.10033336
0.9653333 0.10066666
0.9653333 0.10099996
0.9653333 0.10166656
0.9653333 0.10166656
0.9653333 0.10166656
0.9653333 0.10166656
0.9653333 0.10199996
0.9653333 0.10199996
0.9656667 0.10199996
0.9663334 0.10233326
0.9663334 0.10266656
0.9663334 0.10299986
0.9663334 0.10333316
0.9663334 0.10333316
0.9663334 0.10333316
0.9663334 0.10399989
0.9666667 0.10433329
0.9666667 0.10433329
0.9666667 0.10466659
0.967 0.10499992
0.967 0.10533332
0.967 0.10533332
0.967 0.10566662
0.9673334 0.10633332
0.9673334 0.10633332
0.9673334 0.10733336
0.9673334 0.10766676
0.9673334 0.10800006
0.9673334 0.10800006
0.9673334 0.10800006
0.9676668 0.10900006
0.9676668 0.10900006
0.9676668 0.10900006
0.9676668 0.10933339
0.9680001 0.10966673
0.9680001 0.11000003
0.9680001 0.11066666
0.9680001 0.11099996
0.9680001 0.11133329
0.9680001 0.11166659
0.9680001 0.11199993
0.9680001 0.11233326
0.9680001 0.11266656
0.9680001 0.11266656
0.9680001 0.11266656
0.9680001 0.11266656
0.9680001 0.11299996
0.9680001 0.1133333
0.9680001 0.1133333
0.9680001 0.1139999
0.9680001 0.1139999
0.9680001 0.1143332
0.9683334 0.1146665
0.9686667 0.1146665
0.9686667 0.1149998
0.9686667 0.1149998
0.9686667 0.1149998
0.969 0.1149998
0.969 0.1156665
0.969 0.1156665
0.969 0.1156665
0.969 0.1156665
0.969 0.1163333
0.969 0.1166666
0.969 0.11733334
0.9693333 0.11766664
0.9699999 0.11799994
0.9699999 0.11799994
0.9703332 0.11799994
0.9706666 0.11833327
0.971 0.11866657
0.971 0.11866657
0.971 0.1193332
0.971 0.1193332
0.9713334 0.1193332
0.9713334 0.1193332
0.9713334 0.1193332
0.9713334 0.11966653
0.9713334 0.11966653
0.9716667 0.11999993
0.9723334 0.11999993
0.9723334 0.11999993
0.9723334 0.12033323
0.9723334 0.12099987
0.9723334 0.12133317
0.9723334 0.1219998
0.9723334 0.1219998
0.9723334 0.1223332
0.9723334 0.1223332
0.9723334 0.1223332
0.9723334 0.12266653
0.9723334 0.12266653
0.9723334 0.12299993
0.9726667 0.12299993
0.973 0.12299993
0.973 0.12333333
0.973 0.12366663
0.9733333 0.12366663
0.9733333 0.12399993
0.9736666 0.12433333
0.9736666 0.12433333
0.9736666 0.12466667
0.9736666 0.12466667
0.9736666 0.12499997
0.9736666 0.12533337
0.9736666 0.12566667
0.9736666 0.12566667
0.9736666 0.1263333
0.9736666 0.1263333
0.9736666 0.1263333
0.9736666 0.1266666
0.9736666 0.1266666
0.9736666 0.1266666
0.9736666 0.1269999
0.9736666 0.1273332
0.9736666 0.1273332
0.9736666 0.1273332
0.9739999 0.1279999
0.9739999 0.1283332
0.9739999 0.129
0.9743333 0.129
0.9743333 0.129
0.9743333 0.13
0.9743333 0.1306667
0.9743333 0.1306667
0.9743333 0.131
0.9743333 0.131
0.9743333 0.1313333
0.9746666 0.1316666
0.9746666 0.1316666
0.9749999 0.1316666
0.9749999 0.1323334
0.9749999 0.1323334
0.9749999 0.1323334
0.9753333 0.1336667
0.9753333 0.134
0.9753333 0.1343333
0.9756666 0.1343333
0.9756666 0.1346666
0.9756666 0.1346666
0.9756666 0.135
0.9756666 0.1356668
0.9759999 0.1360001
0.9763333 0.1360001
0.9763333 0.1363334
0.9763333 0.1363334
0.9769999 0.1376666
0.9769999 0.1376666
0.9769999 0.138
0.9776665 0.138
0.9779999 0.138
0.9783333 0.1383333
0.9789999 0.139
0.9789999 0.139
0.9789999 0.139
0.9793333 0.1393333
0.9793333 0.1393333
0.9796666 0.1393333
0.9796666 0.1393333
0.9796666 0.1396666
0.9796666 0.1399999
0.9796666 0.1406665
0.9796666 0.1413332
0.9796666 0.1413332
0.9799999 0.1419998
0.9799999 0.1419998
0.9799999 0.1423332
0.9803332 0.1423332
0.9803332 0.1423332
0.9803332 0.1426666
0.9803332 0.1429999
0.9803332 0.1429999
0.9803332 0.1429999
0.9806666 0.1429999
0.9806666 0.1429999
0.9806666 0.1429999
0.9806666 0.1433333
0.9806666 0.1436666
0.9806666 0.1436666
0.9806666 0.1443333
0.9806666 0.1446667
0.9806666 0.1456667
0.9806666 0.1456667
0.9806666 0.146
0.9809999 0.1463333
0.9809999 0.1466666
0.9813332 0.1473333
0.9813332 0.148
0.9819999 0.148
0.9819999 0.1486667
0.9819999 0.1486667
0.9819999 0.149
0.9819999 0.1496666
0.9819999 0.1509999
0.9823332 0.1509999
0.9823332 0.1513332
0.9823332 0.1516666
0.9823332 0.1523332
0.9823332 0.1529999
0.9823332 0.1536666
0.9823332 0.1539999
0.9823332 0.1549999
0.9823332 0.1553333
0.9823332 0.1556666
0.9823332 0.1556666
0.9823332 0.1556666
0.9823332 0.1556666
0.9823332 0.1563333
0.9823332 0.1563333
0.9823332 0.1566667
0.9823332 0.157
0.9823332 0.157
0.9823332 0.158
0.9823332 0.1589999
0.9826665 0.1589999
0.9826665 0.1593332
0.9826665 0.1599999
0.9826665 0.1603332
0.9826665 0.1606666
0.9826665 0.1606666
0.9826665 0.161
0.9826665 0.161
0.9826665 0.161
0.9829999 0.1619999
0.9829999 0.1629999
0.9836666 0.1639998
0.9836666 0.1646666
0.9839999 0.1646666
0.9839999 0.1646666
0.9839999 0.1646666
0.9839999 0.1649999
0.9839999 0.1649999
0.9839999 0.1649999
0.9839999 0.1653332
0.9843332 0.1656665
0.9843332 0.1659999
0.9843332 0.1666665
0.9846666 0.1666665
0.9846666 0.1669998
0.9846666 0.1673332
0.9846666 0.1673332
0.9846666 0.1673332
0.9846666 0.1679998
0.9846666 0.1679998
0.9846666 0.1683332
0.9846666 0.1683332
0.9846666 0.1686665
0.9846666 0.1689998
0.9846666 0.1693332
0.9849999 0.1693332
0.9849999 0.1693332
0.9849999 0.1696666
0.9849999 0.1696666
0.9849999 0.1696666
0.9849999 0.1703332
0.9849999 0.1706666
0.9853332 0.1709999
0.9853332 0.1709999
0.9853332 0.1709999
0.9853332 0.1709999
0.9853332 0.1713333
0.9853332 0.1716666
0.9853332 0.1719999
0.9853332 0.1719999
0.9853332 0.1719999
0.9853332 0.1726667
0.9853332 0.1733333
0.9853332 0.1733333
0.9853332 0.1736666
0.9853332 0.1743334
0.9853332 0.1743334
0.9853332 0.1743334
0.9856666 0.1743334
0.9856666 0.1743334
0.9856666 0.1746668
0.9856666 0.1753334
0.9856666 0.1753334
0.9856666 0.1753334
0.9856666 0.1753334
0.9856666 0.1753334
0.9856666 0.1753334
0.986 0.1753334
0.986 0.1753334
0.9863333 0.1760001
0.9863333 0.1763334
0.9863333 0.1763334
0.9863333 0.1763334
0.9863333 0.1766667
0.9863333 0.1766667
0.9863333 0.177
0.9863333 0.1773333
0.9863333 0.178
0.9863333 0.1783333
0.9863333 0.1786666
0.9863333 0.1793333
0.9863333 0.18
0.9863333 0.18
0.9863333 0.1803333
0.9863333 0.1803333
0.9863333 0.1810001
0.9863333 0.1813334
0.9863333 0.1813334
0.9866666 0.182
0.9866666 0.1823334
0.9869999 0.1833333
0.9869999 0.1836666
0.9869999 0.1836666
0.9869999 0.1849999
0.9869999 0.1849999
0.9869999 0.1849999
0.9869999 0.1849999
0.9873333 0.1853333
0.9873333 0.1859999
0.9873333 0.1859999
0.9873333 0.1863332
0.9876666 0.1863332
0.9876666 0.1873332
0.9876666 0.1876665
0.9876666 0.1876665
0.9876666 0.1876665
0.9876666 0.1883332
0.9876666 0.1886666
0.9876666 0.189
0.9876666 0.1896667
0.9876666 0.19
0.9876666 0.1910001
0.9876666 0.1910001
0.9876666 0.1913335
0.9876666 0.1916668
0.9876666 0.1920001
0.9876666 0.1930001
0.9876666 0.1933335
0.9876666 0.1940001
0.9876666 0.1940001
0.9876666 0.1943335
0.9879999 0.1946668
0.9879999 0.1946668
0.9879999 0.1953334
0.9879999 0.196
0.9883332 0.197
0.9883332 0.1980001
0.9883332 0.1983334
0.9883332 0.1983334
0.9883332 0.1983334
0.9883332 0.1996666
0.9883332 0.2003332
0.9883332 0.2006666
0.9883332 0.2009999
0.9883332 0.2013333
0.9883332 0.2026666
0.9883332 0.2033332
0.9883332 0.2033332
0.9886665 0.2036666
0.9886665 0.204
0.9886665 0.2043334
0.9886665 0.2043334
0.9886665 0.2046667
0.9886665 0.205
0.9886665 0.205
0.9886665 0.205
0.9886665 0.2053333
0.9886665 0.2053333
0.9886665 0.2053333
0.9886665 0.2063334
0.9886665 0.2066668
0.9886665 0.2066668
0.9886665 0.2073334
0.9886665 0.2076667
0.9886665 0.2076667
0.9886665 0.2086667
0.9886665 0.209
0.9886665 0.2093334
0.9889999 0.2103333
0.9889999 0.2106667
0.9889999 0.211
0.9893333 0.211
0.9893333 0.2113333
0.9893333 0.2113333
0.9893333 0.2116666
0.9893333 0.212
0.9893333 0.2126666
0.9893333 0.2126666
0.9893333 0.2126666
0.9893333 0.2136666
0.9893333 0.2136666
0.9893333 0.2146667
0.9893333 0.2150001
0.9896666 0.2153334
0.9896666 0.2153334
0.9896666 0.2153334
0.9896666 0.2163334
0.9896666 0.2170002
0.9896666 0.2170002
0.9896666 0.2173335
0.9896666 0.2173335
0.9896666 0.2180001
0.9896666 0.2183334
0.9896666 0.2186667
0.9896666 0.2186667
0.9896666 0.2186667
0.9896666 0.2193334
0.9896666 0.2206667
0.9896666 0.2210001
0.9896666 0.2216667
0.9896666 0.2216667
0.9896666 0.2216667
0.9896666 0.222
0.9896666 0.2226667
0.9896666 0.2226667
0.9896666 0.2233334
0.9896666 0.2243334
0.9896666 0.2250001
0.9896666 0.2260001
0.9896666 0.2263335
0.9896666 0.2266668
0.9896666 0.2266668
0.9896666 0.2266668
0.9896666 0.2273334
0.9896666 0.2276667
0.9899999 0.2283333
0.9899999 0.2286666
0.9899999 0.2286666
0.9899999 0.2293332
0.9899999 0.2296666
0.9899999 0.2296666
0.9899999 0.2303332
0.9899999 0.2313332
0.9899999 0.2313332
0.9903332 0.2316665
0.9903332 0.2319998
0.9903332 0.2323331
0.9903332 0.2326664
0.9903332 0.2329998
0.9903332 0.2336665
0.9906666 0.2339998
0.9906666 0.2339998
0.9906666 0.2343332
0.9906666 0.2346666
0.9906666 0.2349999
0.9906666 0.2353332
0.9906666 0.2353332
0.9906666 0.2353332
0.9906666 0.2353332
0.9906666 0.2356666
0.9906666 0.2359999
0.9906666 0.2363332
0.9906666 0.2366665
0.9906666 0.2369998
0.9906666 0.2373331
0.9906666 0.2379998
0.9906666 0.2389999
0.9906666 0.2393333
0.9906666 0.2396667
0.9906666 0.24
0.991 0.2406667
0.991 0.241
0.991 0.241
0.991 0.241
0.991 0.242
0.991 0.242
0.991 0.242
0.991 0.2426667
0.991 0.2430001
0.991 0.2433334
0.991 0.2436668
0.991 0.2443335
0.991 0.2450001
0.991 0.2453334
0.991 0.2463334
0.991 0.2476667
0.991 0.248
0.991 0.2483334
0.991 0.2490001
0.991 0.2490001
0.991 0.2490001
0.991 0.2490001
0.991 0.2490001
0.991 0.2493334
0.991 0.2500001
0.991 0.2500001
0.991 0.2506667
0.991 0.2506667
0.991 0.2513334
0.991 0.2523335
0.9916667 0.2530001
0.9916667 0.2530001
0.9916667 0.2533335
0.9916667 0.2536668
0.9916667 0.2540001
0.9916667 0.2540001
0.9916667 0.2546667
0.9916667 0.2553334
0.9916667 0.2556667
0.9916667 0.256
0.9916667 0.2563333
0.9916667 0.2563333
0.9916667 0.2566666
0.9916667 0.258
0.9916667 0.258
0.9916667 0.258
0.9916667 0.258
0.9916667 0.258
0.9916667 0.2583333
0.9916667 0.259
0.9916667 0.259
0.9916667 0.2593333
0.9916667 0.2593333
0.9920001 0.2593333
0.9920001 0.2596666
0.9920001 0.2596666
0.9920001 0.2596666
0.9920001 0.2596666
0.9920001 0.26
0.9920001 0.2603333
0.9920001 0.2603333
0.9920001 0.2603333
0.9920001 0.2603333
0.9920001 0.261
0.9920001 0.2616666
0.9920001 0.2616666
0.9920001 0.2616666
0.9920001 0.2619999
0.9920001 0.2623332
0.9923334 0.2633333
0.9923334 0.2636667
0.9923334 0.2640001
0.9923334 0.2643334
0.9923334 0.2653334
0.9923334 0.2656667
0.9923334 0.266
0.9926668 0.2666667
0.9933334 0.2666667
0.9933334 0.2666667
0.9933334 0.267
0.9936667 0.2673334
0.9936667 0.268
0.9936667 0.2686667
0.9936667 0.2693334
0.9936667 0.2696667
0.9936667 0.2706668
0.9936667 0.2710002
0.9936667 0.2716668
0.9936667 0.2720001
0.9936667 0.2723334
0.9936667 0.2726667
0.9936667 0.2730001
0.9940001 0.2730001
0.9940001 0.2743335
0.9940001 0.2743335
0.9940001 0.2746668
0.9940001 0.2750001
0.9940001 0.2756667
0.9940001 0.2763334
0.9940001 0.2766667
0.9943334 0.278
0.9943334 0.278
0.9943334 0.2790001
0.9943334 0.28
0.9943334 0.28
0.9943334 0.2803334
0.9943334 0.2803334
0.9943334 0.2806667
0.9943334 0.2816667
0.9943334 0.2816667
0.9943334 0.282
0.9943334 0.2826667
0.9943334 0.2833334
0.9943334 0.284
0.9943334 0.2843334
0.9943334 0.2853334
0.9943334 0.2853334
0.9943334 0.2866667
0.9943334 0.2876668
0.9943334 0.2880001
0.9943334 0.2880001
0.9943334 0.2883334
0.9943334 0.2886668
0.9943334 0.2893334
0.9943334 0.2900001
0.9943334 0.2900001
0.9943334 0.2900001
0.9943334 0.2903335
0.9946668 0.2903335
0.9946668 0.2916668
0.9946668 0.2920001
0.9946668 0.2920001
0.9950001 0.2926667
0.9950001 0.293
0.9950001 0.294
0.9950001 0.295
0.9950001 0.295
0.9950001 0.2953333
0.9950001 0.2956666
0.9950001 0.2963332
0.9950001 0.2966666
0.9950001 0.2979999
0.9950001 0.2983333
0.9953335 0.299
0.9953335 0.2996667
0.9953335 0.3003333
0.9953335 0.3013333
0.9953335 0.3019999
0.9953335 0.3026665
0.9953335 0.3026665
0.9953335 0.3033333
0.9953335 0.3043334
0.9953335 0.3043334
0.9953335 0.3043334
0.9953335 0.305
0.9953335 0.305
0.9953335 0.3056667
0.9953335 0.3056667
0.9953335 0.306
0.9953335 0.306
0.9956668 0.3066667
0.9956668 0.3070001
0.9956668 0.3076667
0.9956668 0.308
0.9956668 0.3083334
0.9956668 0.3090001
0.9956668 0.3093334
0.9956668 0.3100001
0.9956668 0.3100001
0.9956668 0.3103335
0.9956668 0.3113334
0.9956668 0.3113334
0.9956668 0.312
0.9956668 0.3123333
0.9956668 0.3136666
0.9960002 0.3136666
0.9960002 0.3143333
0.9960002 0.3156665
0.9960002 0.3166667
0.9960002 0.3180001
0.9960002 0.3180001
0.9960002 0.3180001
0.9960002 0.3193333
0.9960002 0.32
0.9960002 0.32
0.9960002 0.3203334
0.9960002 0.3210001
0.9960002 0.3210001
0.9960002 0.3213334
0.9960002 0.3216667
0.9960002 0.322
0.9960002 0.322
0.9960002 0.322
0.9960002 0.3230001
0.9960002 0.3230001
0.9960002 0.3236668
0.9960002 0.3243334
0.9960002 0.3246667
0.9960002 0.3253333
0.9960002 0.326
0.9960002 0.3266666
0.9960002 0.3266666
0.9960002 0.327
0.9960002 0.3273333
0.9963335 0.3276667
0.9963335 0.3276667
0.9963335 0.3283333
0.9963335 0.3306667
0.9963335 0.3313333
0.9963335 0.3313333
0.9963335 0.3333334
0.9963335 0.334
0.9963335 0.334
0.9963335 0.3343334
0.9963335 0.3346667
0.9963335 0.3346667
0.9963335 0.3346667
0.9963335 0.3366667
0.9966669 0.3370001
0.9966669 0.3373334
0.9966669 0.3376667
0.9966669 0.338
0.9970002 0.3393333
0.9970002 0.3403333
0.9970002 0.3413333
0.9970002 0.3416666
0.9970002 0.3423333
0.9970002 0.3436668
0.9970002 0.3443334
0.9970002 0.3443334
0.9970002 0.3443334
0.9970002 0.3453334
0.9970002 0.3456667
0.9970002 0.3456667
0.9970002 0.3463333
0.9970002 0.3466666
0.9970002 0.3473332
0.9970002 0.3479999
0.9970002 0.349
0.9970002 0.3493333
0.9970002 0.35
0.9970002 0.35
0.9970002 0.3506666
0.9970002 0.3509999
0.9970002 0.3516666
0.9970002 0.3516666
0.9970002 0.3529999
0.9970002 0.3533332
0.9970002 0.3533332
0.9970002 0.3533332
0.9970002 0.3543333
0.9970002 0.3546666
0.9970002 0.3546666
0.9970002 0.3546666
0.9970002 0.3546666
0.9970002 0.3546666
0.9970002 0.3553332
0.9970002 0.3556665
0.9970002 0.3563332
0.9970002 0.3566665
0.9970002 0.3566665
0.9970002 0.3573333
0.9970002 0.3573333
0.9970002 0.3580001
0.9970002 0.3586667
0.9970002 0.3586667
0.9970002 0.3586667
0.9970002 0.359
0.9970002 0.3593333
0.9970002 0.3599999
0.9973335 0.3606666
0.9973335 0.3606666
0.9973335 0.362
0.9973335 0.3623333
0.9973335 0.3626666
0.9973335 0.3633333
0.9973335 0.3636667
0.9973335 0.3646667
0.9973335 0.365
0.9973335 0.3653333
0.9973335 0.3663333
0.9973335 0.367
0.9973335 0.3673333
0.9973335 0.3673333
0.9973335 0.3686666
0.9973335 0.3693333
0.9973335 0.3693333
0.9973335 0.3696666
0.9973335 0.37
0.9973335 0.3703333
0.9973335 0.3706666
0.9973335 0.3716666
0.9973335 0.3723333
0.9973335 0.3733333
0.9973335 0.3736667
0.9973335 0.3743333
0.9973335 0.3750001
0.9973335 0.3753334
0.9973335 0.3753334
0.9973335 0.3773334
0.9973335 0.3776668
0.9973335 0.3780001
0.9973335 0.3780001
0.9973335 0.3783334
0.9973335 0.3793333
0.9973335 0.3796666
0.9973335 0.3799999
0.9973335 0.3813334
0.9973335 0.3816667
0.9973335 0.3820001
0.9973335 0.3823334
0.9973335 0.3833334
0.9973335 0.3840001
0.9973335 0.3853334
0.9973335 0.3856667
0.9973335 0.386
0.9973335 0.3866667
0.9973335 0.3873334
0.9973335 0.3873334
0.9973335 0.3873334
0.9973335 0.3873334
0.9973335 0.3890001
0.9973335 0.3896667
0.9973335 0.3896667
0.9973335 0.3903333
0.9973335 0.3903333
0.9973335 0.3903333
0.9973335 0.3913333
0.9973335 0.3923334
0.9973335 0.393
0.9973335 0.393
0.9973335 0.3933334
0.9973335 0.3943334
0.9973335 0.395
0.9973335 0.396
0.9973335 0.3963334
0.9973335 0.397
0.9973335 0.3973333
0.9973335 0.3973333
0.9973335 0.3976667
0.9973335 0.3983334
0.9973335 0.3996666
0.9973335 0.4
0.9973335 0.4013333
0.9973335 0.4026667
0.9973335 0.403
0.9973335 0.403
0.9973335 0.403
0.9973335 0.4039999
0.9973335 0.4046666
0.9973335 0.4046666
0.9973335 0.4046666
0.9973335 0.4046666
0.9973335 0.4046666
0.9973335 0.4053332
0.9973335 0.4056665
0.9973335 0.4069999
0.9973335 0.4079999
0.9973335 0.4086665
0.9973335 0.4089999
0.9973335 0.4100001
0.9973335 0.4106667
0.9973335 0.411
0.9973335 0.411
0.9973335 0.411
0.9973335 0.4113333
0.9973335 0.4113333
0.9973335 0.4116666
0.9973335 0.4123332
0.9976668 0.4123332
0.9976668 0.4133332
0.9976668 0.4143332
0.9976668 0.4146666
0.9976668 0.4146666
0.9976668 0.4163333
0.9976668 0.4166667
0.9976668 0.4173333
0.9976668 0.4186667
0.9976668 0.4193333
0.9976668 0.4196666
0.9976668 0.4203333
0.9976668 0.4206666
0.9976668 0.4213333
0.9976668 0.4216666
0.9976668 0.4219999
0.9976668 0.4219999
0.9976668 0.4223332
0.9976668 0.4226666
0.9976668 0.423
0.9976668 0.424
0.9976668 0.424
0.9976668 0.4243334
0.9976668 0.4243334
0.9976668 0.4243334
0.9976668 0.425
0.9976668 0.4259999
0.9976668 0.4259999
0.9976668 0.4259999
0.9976668 0.427
0.9976668 0.428
0.9976668 0.4286666
0.9976668 0.4293333
0.9976668 0.4296667
0.9976668 0.4306668
0.9976668 0.4316667
0.9976668 0.433
0.9976668 0.4333334
0.9976668 0.4343333
0.9976668 0.4346666
0.9976668 0.4356665
0.9976668 0.4359998
0.9976668 0.4359998
0.9976668 0.4366665
0.9976668 0.4366665
0.9976668 0.4373331
0.9980001 0.4376664
0.9980001 0.4386666
0.9980001 0.44
0.9980001 0.44
0.9980001 0.4403333
0.9980001 0.4406667
0.9980001 0.441
0.9980001 0.4413333
0.9980001 0.4413333
0.9980001 0.4416666
0.9980001 0.4433333
0.9980001 0.4436666
0.9980001 0.4446666
0.9980001 0.4456667
0.9980001 0.4456667
0.9980001 0.446
0.9980001 0.4466667
0.9980001 0.447
0.9980001 0.4473333
0.9980001 0.448
0.9980001 0.4493334
0.9980001 0.4493334
0.9980001 0.4500001
0.9980001 0.4500001
0.9980001 0.4513333
0.9980001 0.4516666
0.9980001 0.4516666
0.9980001 0.4523333
0.9980001 0.4536668
0.9980001 0.4543335
0.9980001 0.4543335
0.9980001 0.4560001
0.9980001 0.4566668
0.9980001 0.4573334
0.9980001 0.458
0.9980001 0.4583333
0.9980001 0.4596667
0.9980001 0.4596667
0.9980001 0.4606667
0.9980001 0.4606667
0.9980001 0.4616667
0.9980001 0.462
0.9980001 0.4626667
0.9980001 0.4626667
0.9980001 0.463
0.9980001 0.4643333
0.9980001 0.465
0.9980001 0.465
0.9980001 0.4656666
0.9980001 0.4659999
0.9983334 0.4663332
0.9983334 0.4669999
0.9983334 0.4669999
0.9986667 0.4673332
0.9986667 0.4676666
0.9986667 0.468
0.9986667 0.4690001
0.9986667 0.4693334
0.9986667 0.4703334
0.9986667 0.4710002
0.9986667 0.4716669
0.9986667 0.4716669
0.9986667 0.4720002
0.9986667 0.4720002
0.9986667 0.4723335
0.9986667 0.4730001
0.9986667 0.4740001
0.9986667 0.4750001
0.9986667 0.4763333
0.9986667 0.4766667
0.9986667 0.4766667
0.9986667 0.4773333
0.9986667 0.479
0.9986667 0.4793334
0.9986667 0.4800001
0.9986667 0.4800001
0.9986667 0.4806669
0.9986667 0.4806669
0.9986667 0.4816669
0.9986667 0.4820002
0.9986667 0.4826669
0.9986667 0.4833335
0.9986667 0.4836668
0.9986667 0.4840001
0.9986667 0.4846667
0.9986667 0.4856667
0.9986667 0.4863333
0.9986667 0.4866667
0.9986667 0.487
0.9986667 0.4876668
0.9986667 0.4896668
0.9986667 0.4903334
0.9986667 0.491
0.9986667 0.491
0.9986667 0.4913333
0.9986667 0.4933333
0.9986667 0.4943332
0.9986667 0.4943332
0.9986667 0.4943332
0.9986667 0.4946666
0.9986667 0.4949999
0.9986667 0.4953332
0.9986667 0.4953332
0.9986667 0.4963332
0.9986667 0.4976667
0.9986667 0.4983333
0.9986667 0.4990001
0.9986667 0.4996667
0.9986667 0.5
0.9986667 0.5013333
0.9986667 0.5013333
0.9986667 0.5013333
0.9986667 0.5013333
0.9986667 0.5013333
0.9986667 0.5023333
0.9986667 0.5030001
0.9986667 0.5033334
0.9986667 0.504
0.9986667 0.5043334
0.9986667 0.505
0.9986667 0.5063333
0.9986667 0.5070001
0.9986667 0.5083335
0.9986667 0.5086668
0.9986667 0.5093335
0.9986667 0.5096668
0.9986667 0.5106668
0.9986667 0.5116668
0.9986667 0.5123334
0.9986667 0.5126667
0.9986667 0.5136666
0.9986667 0.515
0.9986667 0.515
0.9986667 0.5156667
0.9986667 0.516
0.9986667 0.5163333
0.9986667 0.517
0.9986667 0.517
0.9986667 0.5176667
0.9986667 0.518
0.9986667 0.5183334
0.9986667 0.52
0.9986667 0.5206666
0.9986667 0.5209999
0.9986667 0.522
0.9986667 0.5226667
0.9986667 0.524
0.9986667 0.5250001
0.9986667 0.5253334
0.9986667 0.5266667
0.9986667 0.5270001
0.9986667 0.5273335
0.9986667 0.5283335
0.9986667 0.5293335
0.9986667 0.5296668
0.9986667 0.5300001
0.9986667 0.531
0.9986667 0.531
0.9986667 0.5316666
0.9986667 0.5323333
0.9986667 0.5326667
0.9986667 0.533
0.9986667 0.5336668
0.9986667 0.5343334
0.9986667 0.535
0.9986667 0.5360001
0.9986667 0.5363334
0.9986667 0.5366668
0.9986667 0.5370001
0.9986667 0.5373334
0.9986667 0.538
0.9986667 0.5386666
0.9986667 0.5389999
0.9986667 0.5389999
0.9986667 0.5393333
0.9986667 0.5403333
0.9986667 0.5413332
0.9986667 0.5413332
0.9986667 0.5423332
0.9986667 0.5429999
0.9986667 0.5436666
0.9986667 0.5436666
0.9986667 0.5439999
0.9986667 0.5439999
0.9986667 0.545
0.9986667 0.545
0.9986667 0.545
0.9990001 0.5453333
0.9993334 0.546
0.9993334 0.5463333
0.9993334 0.5463333
0.9993334 0.547
0.9993334 0.5486667
0.9993334 0.549
0.9993334 0.5496666
0.9993334 0.5496666
0.9993334 0.5496666
0.9993334 0.5503332
0.9993334 0.5503332
0.9993334 0.5506666
0.9993334 0.5509999
0.9993334 0.5516665
0.9993334 0.5519999
0.9993334 0.5526666
0.9993334 0.5529999
0.9993334 0.5529999
0.9993334 0.5539999
0.9993334 0.5546665
0.9993334 0.5546665
0.9993334 0.5549998
0.9993334 0.5549998
0.9993334 0.5553332
0.9993334 0.5559999
0.9993334 0.5563333
0.9993334 0.5569999
0.9993334 0.5576666
0.9993334 0.5593334
0.9993334 0.5593334
0.9993334 0.5603333
0.9993334 0.5606667
0.9993334 0.5610001
0.9993334 0.5613334
0.9993334 0.5616667
0.9993334 0.5620001
0.9993334 0.5626667
0.9993334 0.5636667
0.9993334 0.564
0.9993334 0.565
0.9993334 0.5656667
0.9993334 0.5676668
0.9993334 0.5680001
0.9993334 0.5686668
0.9993334 0.5690001
0.9993334 0.5696667
0.9993334 0.5696667
0.9993334 0.5706667
0.9993334 0.571
0.9993334 0.5719999
0.9993334 0.5723332
0.9993334 0.5723332
0.9993334 0.5726666
0.9993334 0.5733333
0.9993334 0.5736666
0.9993334 0.574
0.9993334 0.5743334
0.9993334 0.5753333
0.9993334 0.5753333
0.9993334 0.5763333
0.9993334 0.577
0.9993334 0.5773334
0.9993334 0.578
0.9993334 0.579
0.9993334 0.5806666
0.9993334 0.5816667
0.9993334 0.582
0.9993334 0.5826666
0.9993334 0.5829999
0.9993334 0.5833332
0.9993334 0.5846666
0.9993334 0.5846666
0.9993334 0.5849999
0.9993334 0.5849999
0.9993334 0.586
0.9993334 0.5866667
0.9993334 0.5866667
0.9993334 0.5876666
0.9993334 0.5883333
0.9993334 0.5893333
0.9993334 0.5893333
0.9993334 0.5900001
0.9993334 0.5900001
0.9993334 0.591
0.9996667 0.5916666
0.9996667 0.592
0.9996667 0.5926667
0.9996667 0.5933333
0.9996667 0.594
0.9996667 0.594
0.9996667 0.5943333
0.9996667 0.5943333
0.9996667 0.5950001
0.9996667 0.5953335
0.9996667 0.5953335
0.9996667 0.5960001
0.9996667 0.5960001
0.9996667 0.5966668
0.9996667 0.5973334
0.9996667 0.598
0.9996667 0.5993333
0.9996667 0.5996666
0.9996667 0.5996666
0.9996667 0.6
0.9996667 0.6003333
0.9996667 0.6006666
0.9996667 0.6009999
0.9996667 0.6009999
0.9996667 0.6013332
0.9996667 0.6019999
0.9996667 0.6026667
0.9996667 0.603
0.9996667 0.6033333
0.9996667 0.6039999
0.9996667 0.6043332
0.9996667 0.6053331
0.9996667 0.6066665
0.9996667 0.6066665
0.9996667 0.6069999
0.9996667 0.6073332
0.9996667 0.6073332
0.9996667 0.6076666
0.9996667 0.608
0.9996667 0.6086666
0.9996667 0.6086666
0.9996667 0.6086666
0.9996667 0.6093333
0.9996667 0.61
0.9996667 0.6106667
0.9996667 0.6110001
0.9996667 0.612
0.9996667 0.6133333
0.9996667 0.6136667
0.9996667 0.6153333
0.9996667 0.6153333
0.9996667 0.6156667
0.9996667 0.6160001
0.9996667 0.6166667
0.9996667 0.6173334
0.9996667 0.6173334
0.9996667 0.6176667
0.9996667 0.618
0.9996667 0.618
0.9996667 0.618
0.9996667 0.6186666
0.9996667 0.6193334
0.9996667 0.6203334
0.9996667 0.6213334
0.9996667 0.6220001
0.9996667 0.6226667
0.9996667 0.6233333
0.9996667 0.6236667
0.9996667 0.624
0.9996667 0.6243333
0.9996667 0.6249999
0.9996667 0.6253333
0.9996667 0.6266666
0.9996667 0.6266666
0.9996667 0.627
0.9996667 0.6276667
0.9996667 0.6283334
0.9996667 0.6290001
0.9996667 0.6293334
0.9996667 0.6296668
0.9996667 0.6300002
0.9996667 0.6303336
0.9996667 0.6303336
0.9996667 0.6306669
0.9996667 0.6310002
0.9996667 0.6310002
0.9996667 0.6320001
0.9996667 0.6323334
0.9996667 0.6326667
0.9996667 0.633
0.9996667 0.6333333
0.9996667 0.634
0.9996667 0.6343333
0.9996667 0.6353332
0.9996667 0.6353332
0.9996667 0.6356665
0.9996667 0.6359999
0.9996667 0.6363332
0.9996667 0.6363332
0.9996667 0.6366666
0.9996667 0.6366666
0.9996667 0.6373333
0.9996667 0.638
0.9996667 0.638
0.9996667 0.6383334
0.9996667 0.639
0.9996667 0.6400001
0.9996667 0.641
0.9996667 0.6413333
0.9996667 0.6413333
0.9996667 0.6419999
0.9996667 0.6419999
0.9996667 0.6423333
0.9996667 0.6426666
0.9996667 0.6440001
0.9996667 0.6443335
0.9996667 0.6456667
0.9996667 0.6460001
0.9996667 0.6466667
0.9996667 0.6476666
0.9996667 0.6479999
0.9996667 0.6486666
0.9996667 0.6496666
0.9996667 0.6513331
0.9996667 0.6513331
0.9996667 0.6516665
0.9996667 0.6526666
0.9996667 0.6533332
0.9996667 0.6533332
0.9996667 0.6539998
0.9996667 0.6556666
0.9996667 0.6556666
0.9996667 0.6563333
0.9996667 0.6566666
0.9996667 0.657
0.9996667 0.657
0.9996667 0.657
0.9996667 0.657
0.9996667 0.6576667
0.9996667 0.658
0.9996667 0.659
0.9996667 0.6596666
0.9996667 0.6596666
0.9996667 0.6599999
0.9996667 0.6609999
0.9996667 0.6616666
0.9996667 0.6623333
0.9996667 0.6629999
0.9996667 0.6629999
0.9996667 0.6636665
0.9996667 0.6646666
0.9996667 0.6660001
0.9996667 0.6663335
0.9996667 0.6663335
0.9996667 0.6670001
0.9996667 0.6676669
0.9996667 0.6680002
0.9996667 0.6686668
0.9996667 0.6690001
0.9996667 0.6693335
0.9996667 0.6700001
0.9996667 0.6703334
0.9996667 0.6703334
0.9996667 0.6703334
0.9996667 0.671
0.9996667 0.6716667
0.9996667 0.672
0.9996667 0.6723333
0.9996667 0.6726666
0.9996667 0.6726666
0.9996667 0.6729999
0.9996667 0.6733333
0.9996667 0.6743333
0.9996667 0.675
0.9996667 0.6753334
0.9996667 0.6763334
0.9996667 0.6766667
0.9996667 0.6766667
0.9996667 0.6776666
0.9996667 0.6786666
0.9996667 0.6806665
0.9996667 0.6813332
0.9996667 0.6823333
0.9996667 0.6826666
0.9996667 0.683
0.9996667 0.6833333
0.9996667 0.6833333
0.9996667 0.684
0.9996667 0.6846667
0.9996667 0.686
0.9996667 0.6863334
0.9996667 0.6873334
0.9996667 0.6876667
0.9996667 0.688
0.9996667 0.6886666
0.9996667 0.6893333
0.9996667 0.6900001
0.9996667 0.691
0.9996667 0.6916666
0.9996667 0.6916666
0.9996667 0.6926668
0.9996667 0.6933334
0.9996667 0.694
0.9996667 0.694
0.9996667 0.694
0.9996667 0.694
0.9996667 0.6943334
0.9996667 0.6943334
0.9996667 0.6943334
0.9996667 0.6943334
0.9996667 0.6946668
0.9996667 0.6950002
0.9996667 0.6950002
0.9996667 0.6953335
0.9996667 0.6960001
0.9996667 0.6966667
0.9996667 0.697
0.9996667 0.6973333
0.9996667 0.6983334
0.9996667 0.6986667
0.9996667 0.7
0.9996667 0.7
0.9996667 0.7006667
0.9996667 0.701
0.9996667 0.7013333
0.9996667 0.7023332
0.9996667 0.7029998
0.9996667 0.7029998
0.9996667 0.7036666
0.9996667 0.7036666
0.9996667 0.7043332
0.9996667 0.7049999
0.9996667 0.7056665
0.9996667 0.7063331
0.9996667 0.7069999
0.9996667 0.7076667
0.9996667 0.7083334
0.9996667 0.7083334
0.9996667 0.7086667
0.9996667 0.7090001
0.9996667 0.7096669
0.9996667 0.7096669
0.9996667 0.7103335
0.9996667 0.7106668
0.9996667 0.7113334
0.9996667 0.7113334
0.9996667 0.7113334
0.9996667 0.7113334
0.9996667 0.7116667
0.9996667 0.7120001
0.9996667 0.7120001
0.9996667 0.7126668
0.9996667 0.7136669
0.9996667 0.7140002
0.9996667 0.7146668
0.9996667 0.7153334
0.9996667 0.7153334
0.9996667 0.7160001
0.9996667 0.7166668
0.9996667 0.7170001
0.9996667 0.718
0.9996667 0.718
0.9996667 0.7186666
0.9996667 0.7193332
0.9996667 0.7196666
0.9996667 0.7203333
0.9996667 0.7209999
0.9996667 0.7213332
0.9996667 0.7213332
0.9996667 0.7213332
0.9996667 0.7223333
0.9996667 0.7223333
0.9996667 0.723
0.9996667 0.7233334
0.9996667 0.7233334
0.9996667 0.7233334
0.9996667 0.7233334
0.9996667 0.7233334
0.9996667 0.7236667
0.9996667 0.7236667
0.9996667 0.7243333
0.9996667 0.725
0.9996667 0.7259999
0.9996667 0.7266666
0.9996667 0.7269999
0.9996667 0.7273332
0.9996667 0.7283333
0.9996667 0.7293334
0.9996667 0.7296667
0.9996667 0.7296667
0.9996667 0.7296667
0.9996667 0.73
0.9996667 0.73
0.9996667 0.7303333
0.9996667 0.7303333
0.9996667 0.7310001
0.9996667 0.7310001
0.9996667 0.7310001
0.9996667 0.7313334
0.9996667 0.7316667
0.9996667 0.7326667
0.9996667 0.7333334
0.9996667 0.7340001
0.9996667 0.7343335
0.9996667 0.7343335
0.9996667 0.7346668
0.9996667 0.7346668
0.9996667 0.7350001
0.9996667 0.7350001
0.9996667 0.7350001
0.9996667 0.7350001
0.9996667 0.7356667
0.9996667 0.7356667
0.9996667 0.736
0.9996667 0.736
0.9996667 0.7363334
0.9996667 0.737
0.9996667 0.737
0.9996667 0.7373333
0.9996667 0.7379999
0.9996667 0.7383332
0.9996667 0.7393333
0.9996667 0.7400001
0.9996667 0.7403334
0.9996667 0.7403334
0.9996667 0.7406667
0.9996667 0.7413334
0.9996667 0.7416667
0.9996667 0.7423333
0.9996667 0.7426666
0.9996667 0.7426666
0.9996667 0.7433333
0.9996667 0.7433333
0.9996667 0.7433333
0.9996667 0.744
0.9996667 0.7446668
0.9996667 0.746
0.9996667 0.7466667
0.9996667 0.7466667
0.9996667 0.747
0.9996667 0.747
0.9996667 0.747
0.9996667 0.7473334
0.9996667 0.7476667
0.9996667 0.7476667
0.9996667 0.7476667
0.9996667 0.748
0.9996667 0.7483333
0.9996667 0.7483333
0.9996667 0.7486667
0.9996667 0.75
0.9996667 0.7503333
0.9996667 0.7509999
0.9996667 0.7519999
0.9996667 0.7526666
0.9996667 0.7533332
0.9996667 0.7536666
0.9996667 0.7546667
0.9996667 0.7559999
0.9996667 0.7559999
0.9996667 0.7579999
0.9996667 0.7583332
0.9996667 0.7589999
0.9996667 0.7589999
0.9996667 0.7589999
0.9996667 0.7589999
0.9996667 0.7589999
0.9996667 0.7589999
0.9996667 0.7596667
0.9996667 0.7596667
0.9996667 0.76
0.9996667 0.76
0.9996667 0.761
0.9996667 0.7619999
0.9996667 0.7619999
0.9996667 0.7623333
0.9996667 0.7629999
0.9996667 0.7629999
0.9996667 0.7646668
0.9996667 0.7660001
0.9996667 0.7663334
0.9996667 0.7663334
0.9996667 0.7673334
0.9996667 0.7676667
0.9996667 0.7683333
0.9996667 0.7683333
0.9996667 0.7690001
0.9996667 0.7690001
0.9996667 0.7693334
0.9996667 0.7706666
0.9996667 0.7706666
0.9996667 0.7706666
0.9996667 0.7706666
0.9996667 0.7716666
0.9996667 0.7716666
0.9996667 0.7716666
0.9996667 0.7726666
0.9996667 0.773
0.9996667 0.7746667
0.9996667 0.7746667
0.9996667 0.7746667
0.9996667 0.7750001
0.9996667 0.7753334
0.9996667 0.7766667
0.9996667 0.777
0.9996667 0.778
0.9996667 0.7789999
0.9996667 0.7796666
0.9996667 0.7806666
0.9996667 0.7809999
0.9996667 0.7816666
0.9996667 0.7816666
0.9996667 0.7816666
0.9996667 0.7816666
0.9996667 0.7823332
0.9996667 0.7823332
0.9996667 0.7829998
0.9996667 0.7846666
0.9996667 0.785
0.9996667 0.7856667
0.9996667 0.7863334
0.9996667 0.7866668
0.9996667 0.7876667
0.9996667 0.7886667
0.9996667 0.7893334
0.9996667 0.7896667
0.9996667 0.79
0.9996667 0.7903333
0.9996667 0.7909999
0.9996667 0.7916667
0.9996667 0.7916667
0.9996667 0.7916667
0.9996667 0.792
0.9996667 0.792
0.9996667 0.7923333
0.9996667 0.7936667
0.9996667 0.7943334
0.9996667 0.7946667
0.9996667 0.796
0.9996667 0.796
0.9996667 0.796
0.9996667 0.796
0.9996667 0.796
0.9996667 0.7966666
0.9996667 0.7969999
0.9996667 0.7969999
0.9996667 0.7979999
0.9996667 0.7983333
0.9996667 0.799
0.9996667 0.7993333
0.9996667 0.8
0.9996667 0.8006666
0.9996667 0.8013333
0.9996667 0.8013333
0.9996667 0.8013333
0.9996667 0.8013333
0.9996667 0.8013333
0.9996667 0.8019999
0.9996667 0.8026667
0.9996667 0.804
0.9996667 0.8043333
0.9996667 0.8046667
0.9996667 0.8053333
0.9996667 0.8053333
0.9996667 0.8053333
0.9996667 0.8063333
0.9996667 0.8063333
0.9996667 0.807
0.9996667 0.8073333
0.9996667 0.8073333
0.9996667 0.8086666
0.9996667 0.8096666
0.9996667 0.8096666
0.9996667 0.8106665
0.9996667 0.8109998
0.9996667 0.8109998
0.9996667 0.8109998
0.9996667 0.8109998
0.9996667 0.8116665
0.9996667 0.8119998
0.9996667 0.8123332
0.9996667 0.8126666
0.9996667 0.813
0.9996667 0.8136668
0.9996667 0.8143334
0.9996667 0.815
0.9996667 0.8156667
0.9996667 0.8166667
0.9996667 0.817
0.9996667 0.8176666
0.9996667 0.8176666
0.9996667 0.8189999
0.9996667 0.8196666
0.9996667 0.82
0.9996667 0.8203334
0.9996667 0.821
0.9996667 0.8213333
0.9996667 0.8223333
0.9996667 0.8226666
0.9996667 0.8226666
0.9996667 0.8236666
0.9996667 0.8236666
0.9996667 0.8246666
0.9996667 0.8246666
0.9996667 0.8249999
0.9996667 0.8253332
0.9996667 0.8256666
0.9996667 0.8256666
0.9996667 0.8256666
0.9996667 0.8256666
0.9996667 0.8266666
0.9996667 0.8273332
0.9996667 0.8283334
0.9996667 0.8286667
0.9996667 0.8296667
0.9996667 0.8296667
0.9996667 0.8306667
0.9996667 0.831
0.9996667 0.8313333
0.9996667 0.832
0.9996667 0.8326666
0.9996667 0.8329999
0.9996667 0.8333332
0.9996667 0.8333332
0.9996667 0.8336666
0.9996667 0.8336666
0.9996667 0.834
0.9996667 0.834
0.9996667 0.8346667
0.9996667 0.835
0.9996667 0.8356667
0.9996667 0.8356667
0.9996667 0.836
0.9996667 0.8363333
0.9996667 0.8363333
0.9996667 0.8366667
0.9996667 0.837
0.9996667 0.837
0.9996667 0.837
0.9996667 0.837
0.9996667 0.8373333
0.9996667 0.8386665
0.9996667 0.8386665
0.9996667 0.8389999
0.9996667 0.8389999
0.9996667 0.8396665
0.9996667 0.8396665
0.9996667 0.8403332
0.9996667 0.8406666
0.9996667 0.8409999
0.9996667 0.8409999
0.9996667 0.8416666
0.9996667 0.8419999
0.9996667 0.8430001
0.9996667 0.8430001
0.9996667 0.8436667
0.9996667 0.8436667
0.9996667 0.8440001
0.9996667 0.8440001
0.9996667 0.8446667
1 0.8446667
1 0.8456667
1 0.846
1 0.8466668
1 0.8470002
1 0.8476669
1 0.8476669
1 0.8476669
1 0.8486668
1 0.8493335
1 0.8496668
1 0.8500001
1 0.8503335
1 0.8503335
1 0.8506668
1 0.8510001
1 0.8510001
1 0.852
1 0.8526667
1 0.8533333
1 0.8533333
1 0.8546666
1 0.8546666
1 0.8549999
1 0.8553333
1 0.856
1 0.856
1 0.8563334
1 0.8566668
1 0.8570001
1 0.8570001
1 0.8573334
1 0.858
1 0.858
1 0.8583333
1 0.8583333
1 0.8586667
1 0.8590001
1 0.8593334
1 0.8593334
1 0.8593334
1 0.8596668
1 0.8603334
1 0.8606667
1 0.8613334
1 0.8613334
1 0.8616668
1 0.8620001
1 0.8620001
1 0.8626668
1 0.8626668
1 0.8626668
1 0.8630002
1 0.8633336
1 0.8640002
1 0.8643335
1 0.8643335
1 0.8650002
1 0.8650002
1 0.8650002
1 0.8650002
1 0.8650002
1 0.8650002
1 0.8653335
1 0.8653335
1 0.8656669
1 0.8656669
1 0.8656669
1 0.8660002
1 0.8666668
1 0.8666668
1 0.8670001
1 0.8670001
1 0.8676667
1 0.8676667
1 0.8676667
1 0.868
1 0.8683333
1 0.8686666
1 0.8686666
1 0.869
1 0.8693333
1 0.8699999
1 0.8703333
1 0.8710001
1 0.8713334
1 0.872
1 0.8723333
1 0.8726667
1 0.8726667
1 0.8726667
1 0.873
1 0.8733333
1 0.8736666
1 0.874
1 0.8746667
1 0.875
1 0.875
1 0.875
1 0.875
1 0.875
1 0.875
1 0.875
1 0.875
1 0.875
1 0.875
1 0.875
1 0.875
1 0.8756666
1 0.8763332
1 0.877
1 0.8773333
1 0.878
1 0.8783334
1 0.8786667
1 0.8786667
1 0.8786667
1 0.8793333
1 0.8793333
1 0.8796667
1 0.8800001
1 0.8806667
1 0.8806667
1 0.8806667
1 0.881
1 0.881
1 0.8816666
1 0.8816666
1 0.8816666
1 0.8816666
1 0.8816666
1 0.8816666
1 0.8819999
1 0.8819999
1 0.8819999
1 0.8823332
1 0.8823332
1 0.8823332
1 0.8823332
1 0.8829999
1 0.8833332
1 0.8836666
1 0.8836666
1 0.8839999
1 0.8843333
1 0.8843333
1 0.8846667
1 0.8846667
1 0.8846667
1 0.885
1 0.8853334
1 0.8853334
1 0.8853334
1 0.8856667
1 0.8856667
1 0.886
1 0.886
1 0.8866667
1 0.8870001
1 0.8870001
1 0.8873334
1 0.8876667
1 0.8876667
1 0.888
1 0.888
1 0.8883334
1 0.8886667
1 0.8893333
1 0.8893333
1 0.8893333
1 0.8896667
1 0.8896667
1 0.8896667
1 0.89
1 0.8903334
1 0.8906668
1 0.8910001
1 0.8913334
1 0.8920001
1 0.8930001
1 0.8933334
1 0.8936667
1 0.8940001
1 0.8943334
1 0.8943334
1 0.8950001
1 0.8953334
1 0.8953334
1 0.8953334
1 0.8953334
1 0.8953334
1 0.8956668
1 0.8956668
1 0.8960001
1 0.8960001
1 0.8963334
1 0.8963334
1 0.8966667
1 0.8973333
1 0.8973333
1 0.8983333
1 0.899
1 0.899
1 0.899
1 0.8993334
1 0.8993334
1 0.8996667
1 0.8996667
1 0.9003334
1 0.9006668
1 0.9006668
1 0.9010001
1 0.9016667
1 0.902
1 0.902
1 0.902
1 0.902
1 0.9026666
1 0.9029999
1 0.9029999
1 0.9033332
1 0.9033332
1 0.9036666
1 0.9039999
1 0.9043332
1 0.9043332
1 0.9046666
1 0.9049999
1 0.9049999
1 0.9049999
1 0.9056666
1 0.9056666
1 0.9059999
1 0.9063333
1 0.9063333
1 0.9063333
1 0.907
1 0.9073333
1 0.9073333
1 0.9076667
1 0.9083334
1 0.9083334
1 0.9093333
1 0.9093333
1 0.9093333
1 0.9093333
1 0.9093333
1 0.9093333
1 0.9093333
1 0.9096666
1 0.9096666
1 0.9096666
1 0.9096666
1 0.9099999
1 0.9099999
1 0.9103333
1 0.9106666
1 0.9116666
1 0.9116666
1 0.912
1 0.912
1 0.9126667
1 0.9133333
1 0.9133333
1 0.9133333
1 0.9143333
1 0.9153333
1 0.9163332
1 0.9163332
1 0.9163332
1 0.9163332
1 0.9163332
1 0.9163332
1 0.9166666
1 0.9166666
1 0.917
1 0.9173333
1 0.9176666
1 0.9176666
1 0.9179999
1 0.9179999
1 0.9183333
1 0.9183333
1 0.9183333
1 0.9183333
1 0.9183333
1 0.9186666
1 0.9186666
1 0.9186666
1 0.9193334
1 0.9196667
1 0.9196667
1 0.9196667
1 0.9196667
1 0.9196667
1 0.92
1 0.9203334
1 0.9206667
1 0.921
1 0.9213334
1 0.9213334
1 0.9213334
1 0.9213334
1 0.922
1 0.922
1 0.9223333
1 0.9226667
1 0.9226667
1 0.9226667
1 0.9226667
1 0.9226667
1 0.9226667
1 0.9226667
1 0.9233333
1 0.9236666
1 0.9243332
1 0.9243332
1 0.9253333
1 0.9253333
1 0.9256666
1 0.9256666
1 0.9256666
1 0.9256666
1 0.9256666
1 0.9263332
1 0.9263332
1 0.9266666
1 0.9266666
1 0.9266666
1 0.9269999
1 0.9269999
1 0.9269999
1 0.9269999
1 0.9276667
1 0.9276667
1 0.928
1 0.9283334
1 0.9286667
1 0.9293333
1 0.9293333
1 0.9299999
1 0.9303333
1 0.9306666
1 0.9306666
1 0.931
1 0.9313333
1 0.9316666
1 0.9316666
1 0.9316666
1 0.9316666
1 0.9316666
1 0.9316666
1 0.9316666
1 0.932
1 0.932
1 0.932
1 0.932
1 0.932
1 0.9323333
1 0.9323333
1 0.9323333
1 0.9323333
1 0.9323333
1 0.9323333
1 0.9323333
1 0.9323333
1 0.9323333
1 0.9326666
1 0.9326666
1 0.9326666
1 0.9329999
1 0.9333333
1 0.9333333
1 0.934
1 0.934
1 0.9343334
1 0.9346668
1 0.9346668
1 0.9346668
1 0.9346668
1 0.9346668
1 0.9346668
1 0.9350001
1 0.9356667
1 0.936
1 0.936
1 0.936
1 0.9363333
1 0.9363333
1 0.9363333
1 0.9363333
1 0.9363333
1 0.9363333
1 0.9366667
1 0.9370001
1 0.9370001
1 0.9370001
1 0.9373335
1 0.9376668
1 0.9380001
1 0.9380001
1 0.9380001
1 0.9380001
1 0.9383334
1 0.9386668
1 0.9386668
1 0.9386668
1 0.9386668
1 0.9386668
1 0.9386668
1 0.9386668
1 0.9390001
1 0.9390001
1 0.9390001
1 0.9393334
1 0.9393334
1 0.9393334
1 0.9396668
1 0.9400001
1 0.9400001
1 0.9400001
1 0.9406668
1 0.9406668
1 0.9410001
1 0.9410001
1 0.9413334
1 0.9413334
1 0.9413334
1 0.9416667
1 0.9416667
1 0.942
1 0.942
1 0.9426667
1 0.943
1 0.943
1 0.943
1 0.943
1 0.943
1 0.9436667
1 0.9436667
1 0.9443333
1 0.9443333
1 0.9443333
1 0.9443333
1 0.9443333
1 0.9443333
1 0.9443333
1 0.9443333
1 0.9443333
1 0.9443333
1 0.9443333
1 0.9443333
1 0.9446666
1 0.9446666
1 0.9449999
1 0.9449999
1 0.9449999
1 0.9449999
1 0.9453333
1 0.9459999
1 0.9459999
1 0.9463333
1 0.9466666
1 0.9469999
1 0.9473333
1 0.9473333
1 0.9473333
1 0.9473333
1 0.9476667
1 0.9483333
1 0.9483333
1 0.9486666
1 0.9486666
1 0.9486666
1 0.9486666
1 0.9493332
1 0.9493332
1 0.9493332
1 0.9493332
1 0.9496666
1 0.9496666
1 0.9496666
1 0.9496666
1 0.9496666
1 0.9496666
1 0.9496666
1 0.9506666
1 0.9506666
1 0.9506666
1 0.9509999
1 0.9516665
1 0.9516665
1 0.9519998
1 0.9519998
1 0.9526666
1 0.9529999
1 0.9533333
1 0.9533333
1 0.9533333
1 0.9533333
1 0.9536666
1 0.9536666
1 0.9536666
1 0.9536666
1 0.9536666
1 0.9543332
1 0.9543332
1 0.9543332
1 0.9543332
1 0.9549998
1 0.9549998
1 0.9549998
1 0.9553331
1 0.9553331
1 0.9553331
1 0.9553331
1 0.9556665
1 0.9556665
1 0.9559999
1 0.9563333
1 0.957
1 0.9573334
1 0.9580001
1 0.9580001
1 0.9580001
1 0.9583334
1 0.9586667
1 0.9586667
1 0.9586667
1 0.959
1 0.959
1 0.9593334
1 0.9593334
1 0.9593334
1 0.9596668
1 0.9600001
1 0.9603334
1 0.9610001
1 0.9613335
1 0.9613335
1 0.9613335
1 0.9613335
1 0.9613335
1 0.9613335
1 0.9613335
1 0.9616668
1 0.9616668
1 0.9620002
1 0.9620002
1 0.9620002
1 0.9620002
1 0.9620002
1 0.9620002
1 0.9623335
1 0.9623335
1 0.9623335
1 0.9623335
1 0.9623335
1 0.9623335
1 0.9623335
1 0.9626668
1 0.9626668
1 0.9626668
1 0.9626668
1 0.9626668
1 0.9630001
1 0.9630001
1 0.9630001
1 0.9633334
1 0.9643333
1 0.9646666
1 0.9646666
1 0.9649999
1 0.9649999
1 0.9649999
1 0.9653332
1 0.9653332
1 0.9653332
1 0.9653332
1 0.9656665
1 0.9659998
1 0.9663332
1 0.9663332
1 0.9663332
1 0.9663332
1 0.9669999
1 0.9669999
1 0.9669999
1 0.9669999
1 0.9669999
1 0.9673333
1 0.9673333
1 0.9673333
1 0.9673333
1 0.9673333
1 0.9676666
1 0.9679999
1 0.9679999
1 0.9679999
1 0.9683332
1 0.9683332
1 0.9683332
1 0.9683332
1 0.9683332
1 0.9683332
1 0.9683332
1 0.9683332
1 0.9686666
1 0.9686666
1 0.969
1 0.969
1 0.969
1 0.969
1 0.969
1 0.969
1 0.969
1 0.9693333
1 0.9693333
1 0.9693333
1 0.9693333
1 0.9693333
1 0.9696666
1 0.9699999
1 0.9699999
1 0.9699999
1 0.9699999
1 0.9703332
1 0.9706666
1 0.9706666
1 0.9706666
1 0.9709999
1 0.9709999
1 0.9709999
1 0.9713333
1 0.9713333
1 0.9713333
1 0.9713333
1 0.9716666
1 0.9719999
1 0.9726667
1 0.9726667
1 0.9726667
1 0.9726667
1 0.9726667
1 0.9726667
1 0.9730001
1 0.9733334
1 0.9736667
1 0.9736667
1 0.9736667
1 0.9736667
1 0.9736667
1 0.9740001
1 0.9740001
1 0.9740001
1 0.9740001
1 0.9740001
1 0.9740001
1 0.9740001
1 0.9740001
1 0.9740001
1 0.9743334
1 0.9743334
1 0.9743334
1 0.9743334
1 0.9743334
1 0.9743334
1 0.9743334
1 0.9743334
1 0.9746667
1 0.9746667
1 0.9750001
1 0.9750001
1 0.9750001
1 0.9750001
1 0.9750001
1 0.9750001
1 0.9750001
1 0.9750001
1 0.9753334
1 0.9753334
1 0.9753334
1 0.9753334
1 0.9753334
1 0.9753334
1 0.9756667
1 0.9756667
1 0.9756667
1 0.9756667
1 0.9756667
1 0.9756667
1 0.9756667
1 0.9756667
1 0.9756667
1 0.9756667
1 0.9756667
1 0.9756667
1 0.976
1 0.976
1 0.976
1 0.9763333
1 0.9766667
1 0.9766667
1 0.9766667
1 0.9766667
1 0.9770001
1 0.9770001
1 0.9776667
1 0.9776667
1 0.9776667
1 0.9776667
1 0.9776667
1 0.9780001
1 0.9780001
1 0.9780001
1 0.9783334
1 0.9783334
1 0.9786668
1 0.9786668
1 0.9786668
1 0.9790001
1 0.9796669
1 0.9796669
1 0.9796669
1 0.9800002
1 0.9800002
1 0.9800002
1 0.9800002
1 0.9800002
1 0.9800002
1 0.9800002
1 0.9803335
1 0.9803335
1 0.9803335
1 0.9803335
1 0.9803335
1 0.9803335
1 0.9803335
1 0.9803335
1 0.9803335
1 0.9803335
1 0.9803335
1 0.9803335
1 0.9803335
1 0.9803335
1 0.9806668
1 0.9806668
1 0.9806668
1 0.9806668
1 0.9806668
1 0.9810001
1 0.9810001
1 0.9813335
1 0.9816668
1 0.9816668
1 0.9816668
1 0.9816668
1 0.9816668
1 0.9816668
1 0.9816668
1 0.9816668
1 0.9816668
1 0.9816668
1 0.9816668
1 0.9816668
1 0.9816668
1 0.9820001
1 0.9823335
1 0.9823335
1 0.9823335
1 0.9823335
1 0.9823335
1 0.9823335
1 0.9823335
1 0.9823335
1 0.9826668
1 0.9826668
1 0.9826668
1 0.9830001
1 0.9830001
1 0.9833334
1 0.9840001
1 0.9840001
1 0.9843334
1 0.9843334
1 0.9843334
1 0.9843334
1 0.9843334
1 0.9843334
1 0.9843334
1 0.9843334
1 0.9843334
1 0.9843334
1 0.9846667
1 0.9846667
1 0.9846667
1 0.9850001
1 0.9850001
1 0.9850001
1 0.9850001
1 0.9850001
1 0.9850001
1 0.9850001
1 0.9850001
1 0.9850001
1 0.9850001
1 0.9850001
1 0.9850001
1 0.9850001
1 0.9850001
1 0.9850001
1 0.9850001
1 0.9850001
1 0.9853335
1 0.9853335
1 0.9856668
1 0.9856668
1 0.9856668
1 0.9856668
1 0.9856668
1 0.9856668
1 0.9856668
1 0.9856668
1 0.9856668
1 0.9856668
1 0.9860002
1 0.9860002
1 0.9860002
1 0.9860002
1 0.9860002
1 0.9860002
1 0.9860002
1 0.9860002
1 0.9860002
1 0.9860002
1 0.9860002
1 0.9860002
1 0.9860002
1 0.9860002
1 0.9860002
1 0.9860002
1 0.9860002
1 0.9860002
1 0.9860002
1 0.9860002
1 0.9860002
1 0.9860002
1 0.9860002
1 0.9863335
1 0.9863335
1 0.9863335
1 0.9863335
1 0.9863335
1 0.9863335
1 0.9863335
1 0.9866668
1 0.9866668
1 0.9866668
1 0.9866668
1 0.9866668
1 0.9866668
1 0.9866668
1 0.9866668
1 0.9870001
1 0.9870001
1 0.9870001
1 0.9870001
1 0.9873334
1 0.9873334
1 0.9876667
1 0.9876667
1 0.9876667
1 0.9876667
1 0.9876667
1 0.9876667
1 0.9876667
1 0.9876667
1 0.9876667
1 0.9876667
1 0.9876667
1 0.9876667
1 0.9876667
1 0.9876667
1 0.9876667
1 0.9880001
1 0.9880001
1 0.9880001
1 0.9880001
1 0.9883334
1 0.9883334
1 0.9883334
1 0.9883334
1 0.9883334
1 0.9883334
1 0.9886667
1 0.9886667
1 0.9886667
1 0.9886667
1 0.9886667
1 0.9886667
1 0.989
1 0.989
1 0.989
1 0.9893333
1 0.9893333
1 0.9896667
1 0.9896667
1 0.9896667
1 0.9896667
1 0.9900001
1 0.9903335
1 0.9903335
1 0.9903335
1 0.9903335
1 0.9903335
1 0.9903335
1 0.9903335
1 0.9903335
1 0.9903335
1 0.9903335
1 0.9903335
1 0.9903335
1 0.9903335
1 0.9903335
1 0.9903335
1 0.9903335
1 0.9903335
1 0.9903335
1 0.9906668
1 0.9906668
1 0.9906668
1 0.9906668
1 0.9906668
1 0.9906668
1 0.9906668
1 0.9906668
1 0.9906668
1 0.9906668
1 0.9906668
1 0.9906668
1 0.9906668
1 0.9906668
1 0.9906668
1 0.9906668
1 0.9906668
1 0.9906668
1 0.9906668
1 0.9906668
1 0.9906668
1 0.9906668
1 0.9906668
1 0.9910001
1 0.9910001
1 0.9910001
1 0.9910001
1 0.9910001
1 0.9910001
1 0.9910001
1 0.9910001
1 0.9910001
1 0.9913335
1 0.9916668
1 0.9920001
1 0.9920001
1 0.9920001
1 0.9920001
1 0.9920001
1 0.9920001
1 0.9920001
1 0.9920001
1 0.9920001
1 0.9920001
1 0.9920001
1 0.9920001
1 0.9920001
1 0.9920001
1 0.9920001
1 0.9920001
1 0.9920001
1 0.9920001
1 0.9920001
1 0.9920001
1 0.9923334
1 0.9923334
1 0.9923334
1 0.9923334
1 0.9923334
1 0.9923334
1 0.9923334
1 0.9923334
1 0.9923334
1 0.9923334
1 0.9923334
1 0.9926667
1 0.9926667
1 0.9926667
1 0.9926667
1 0.9926667
1 0.9926667
1 0.9926667
1 0.9926667
1 0.9926667
1 0.9926667
1 0.9926667
1 0.993
1 0.993
1 0.993
1 0.993
1 0.993
1 0.993
1 0.993
1 0.993
1 0.993
1 0.993
1 0.993
1 0.9933333
1 0.9933333
1 0.9936666
1 0.9936666
1 0.9936666
1 0.9936666
1 0.9936666
1 0.9936666
1 0.9936666
1 0.9936666
1 0.9936666
1 0.9936666
1 0.9936666
1 0.9936666
1 0.9936666
1 0.9939999
1 0.9939999
1 0.9939999
1 0.9939999
1 0.9939999
1 0.9939999
1 0.9939999
1 0.9939999
1 0.9939999
1 0.9939999
1 0.9939999
1 0.9939999
1 0.9939999
1 0.9939999
1 0.9939999
1 0.9939999
1 0.9939999
1 0.9939999
1 0.9939999
1 0.9939999
1 0.9939999
1 0.9939999
1 0.9939999
1 0.9939999
1 0.9939999
1 0.9939999
1 0.9939999
1 0.9939999
1 0.9939999
1 0.9939999
1 0.9939999
1 0.9939999
1 0.9939999
1 0.9939999
1 0.9939999
1 0.9939999
1 0.9939999
1 0.9939999
1 0.9939999
1 0.9939999
1 0.9939999
1 0.9939999
1 0.9943332
1 0.9943332
1 0.9943332
1 0.9943332
1 0.9943332
1 0.9943332
1 0.9946665
1 0.9946665
1 0.9949999
1 0.9949999
1 0.9949999
1 0.9949999
1 0.9949999
1 0.9949999
1 0.9949999
1 0.9949999
1 0.9949999
1 0.9949999
1 0.9949999
1 0.9949999
1 0.9949999
1 0.9949999
1 0.9949999
1 0.9949999
1 0.9949999
1 0.9949999
1 0.9949999
1 0.9949999
1 0.9949999
1 0.9949999
1 0.9949999
1 0.9949999
1 0.9949999
1 0.9949999
1 0.9949999
1 0.9949999
1 0.9949999
1 0.9949999
1 0.9949999
1 0.9949999
1 0.9949999
1 0.9949999
1 0.9949999
1 0.9949999
1 0.9949999
1 0.9949999
1 0.9949999
1 0.9949999
1 0.9949999
1 0.9949999
1 0.9953333
1 0.9953333
1 0.9953333
1 0.9953333
1 0.9953333
1 0.9953333
1 0.9953333
1 0.9953333
1 0.9953333
1 0.9956667
1 0.9956667
1 0.9956667
1 0.9956667
1 0.9956667
1 0.9956667
1 0.9956667
1 0.9956667
1 0.9956667
1 0.9956667
1 0.9956667
1 0.9956667
1 0.9956667
1 0.996
1 0.996
1 0.996
1 0.996
1 0.996
1 0.996
1 0.996
1 0.996
1 0.996
1 0.996
1 0.996
1 0.996
1 0.996
1 0.996
1 0.996
1 0.996
1 0.996
1 0.996
1 0.996
1 0.996
1 0.996
1 0.996
1 0.996
1 0.996
1 0.996
1 0.996
1 0.9963333
1 0.9963333
1 0.9963333
1 0.9963333
1 0.9963333
1 0.9963333
1 0.9963333
1 0.9963333
1 0.9963333
1 0.9963333
1 0.9963333
1 0.9963333
1 0.9963333
1 0.9963333
1 0.9963333
1 0.9963333
1 0.9963333
1 0.9963333
1 0.9963333
1 0.9966667
1 0.9966667
1 0.9966667
1 0.9966667
1 0.9966667
1 0.9966667
1 0.9966667
1 0.9966667
1 0.9966667
1 0.9966667
1 0.9966667
1 0.9966667
1 0.997
1 0.997
1 0.997
1 0.997
1 0.997
1 0.997
1 0.997
1 0.997
1 0.997
1 0.997
1 0.997
1 0.997
1 0.997
1 0.997
1 0.997
1 0.997
1 0.997
1 0.997
1 0.997
1 0.997
1 0.997
1 0.997
1 0.997
1 0.997
1 0.997
1 0.997
1 0.997
1 0.997
1 0.997
1 0.997
1 0.997
1 0.9973334
1 0.9973334
1 0.9973334
1 0.9973334
1 0.9973334
1 0.9973334
1 0.9976668
1 0.9976668
1 0.9976668
1 0.9976668
1 0.9976668
1 0.9976668
1 0.9976668
1 0.9976668
1 0.9976668
1 0.9976668
1 0.9976668
1 0.9976668
1 0.9976668
1 0.9976668
1 0.9976668
1 0.9976668
1 0.9976668
1 0.9976668
1 0.9976668
1 0.9976668
1 0.9976668
1 0.9976668
1 0.9976668
1 0.9976668
1 0.9976668
1 0.9976668
1 0.9976668
1 0.9976668
1 0.9976668
1 0.9976668
1 0.9976668
1 0.9976668
1 0.9976668
1 0.9976668
1 0.9976668
1 0.9976668
1 0.9976668
1 0.9980001
1 0.9983334
1 0.9983334
1 0.9983334
1 0.9983334
1 0.9983334
1 0.9983334
1 0.9983334
1 0.9983334
1 0.9983334
1 0.9983334
1 0.9983334
1 0.9983334
1 0.9986667
1 0.9986667
1 0.9986667
1 0.9986667
1 0.9986667
1 0.9986667
1 0.9986667
1 0.9986667
1 0.9986667
1 0.9986667
1 0.9986667
1 0.9986667
1 0.9986667
1 0.9986667
1 0.9986667
1 0.9986667
1 0.9986667
1 0.9986667
1 0.9986667
1 0.9986667
1 0.9986667
1 0.9986667
1 0.9986667
1 0.9986667
1 0.9986667
1 0.9986667
1 0.9986667
1 0.9986667
1 0.9986667
1 0.9986667
1 0.9986667
1 0.9986667
1 0.9986667
1 0.9986667
1 0.9986667
1 0.9986667
1 0.9986667
1 0.9986667
1 0.9986667
1 0.9986667
1 0.9986667
1 0.9986667
1 0.9986667
1 0.9986667
1 0.9986667
1 0.9986667
1 0.9986667
1 0.9986667
1 0.9986667
1 0.9986667
1 0.9986667
1 0.9986667
1 0.9986667
1 0.9986667
1 0.9986667
1 0.9986667
1 0.9986667
1 0.9986667
1 0.9986667
1 0.9986667
1 0.9986667
1 0.9986667
1 0.9986667
1 0.9986667
1 0.9986667
1 0.9986667
1 0.9986667
1 0.9986667
1 0.9986667
1 0.9986667
1 0.9986667
1 0.9986667
1 0.9986667
1 0.9986667
1 0.9986667
1 0.9986667
1 0.9986667
1 0.9986667
1 0.9986667
1 0.9986667
1 0.9986667
1 0.9986667
1 0.9986667
1 0.9990001
1 0.9990001
1 0.9990001
1 0.9990001
1 0.9990001
1 0.9990001
1 0.9990001
1 0.9990001
1 0.9990001
1 0.9990001
1 0.9990001
1 0.9990001
1 0.9990001
1 0.9990001
1 0.9990001
1 0.9990001
1 0.9990001
1 0.9990001
1 0.9990001
1 0.9990001
1 0.9990001
1 0.9990001
1 0.9990001
1 0.9990001
1 0.9990001
1 0.9990001
1 0.9990001
1 0.9990001
1 0.9990001
1 0.9990001
1 0.9990001
1 0.9990001
1 0.9990001
1 0.9990001
1 0.9990001
1 0.9990001
1 0.9990001
1 0.9990001
1 0.9990001
1 0.9990001
1 0.9990001
1 0.9990001
1 0.9990001
1 0.9990001
1 0.9990001
1 0.9990001
1 0.9990001
1 0.9990001
1 0.9990001
1 0.9990001
1 0.9990001
1 0.9990001
1 0.9990001
1 0.9993334
1 0.9993334
1 0.9993334
1 0.9993334
1 0.9993334
1 0.9993334
1 0.9993334
1 0.9993334
1 0.9993334
1 0.9993334
1 0.9993334
1 0.9993334
1 0.9993334
1 0.9993334
1 0.9993334
1 0.9993334
1 0.9993334
1 0.9993334
1 0.9993334
1 0.9996667
1 0.9996667
1 0.9996667
1 0.9996667
1 0.9996667
1 0.9996667
1 0.9996667
1 0.9996667
1 0.9996667
1 0.9996667
1 0.9996667
1 0.9996667
1 0.9996667
1 0.9996667
1 0.9996667
1 0.9996667
1 0.9996667
1 0.9996667
1 0.9996667
1 0.9996667
1 0.9996667
1 0.9996667
1 0.9996667
1 0.9996667
1 0.9996667
1 0.9996667
1 0.9996667
1 0.9996667
1 0.9996667
1 0.9996667
1 0.9996667
1 0.9996667
1 0.9996667
1 0.9996667
1 0.9996667
1 0.9996667
1 0.9996667
1 0.9996667
1 0.9996667
1 0.9996667
1 0.9996667
1 0.9996667
1 0.9996667
1 0.9996667
1 0.9996667
1 0.9996667
1 0.9996667
1 0.9996667
1 0.9996667
1 0.9996667
1 0.9996667
1 0.9996667
1 0.9996667
1 0.9996667
1 0.9996667
