0 0
0 0
0 0
0 0
0 0
0 0
0 0
0 0
0 0
0 0
0 0
0 0
0 0
0 0
0 0
0 0
0 0
0 0
0 0
0 0
0 0
0 0
0 0
0 0
0 0
0 0
0 0
0 0
0 0
0 0
0 0
0 0
0 0
0 0
0 0
0 0
0 0
0 0
0 0
0 0
0 0
0 0
0 0
0 0
0 0
0 0
0 0
0 0
0 0
0 0
0 0
0 0
0 0
0 0
0 0
0 0
0 0
0 0
0 0
0 0
0 0
0 0
0.000333333 0
0.000333333 0
0.000333333 0
0.000333333 0
0.000333333 0
0.000333333 0
0.000333333 0
0.000333333 0
0.000333333 0
0.000333333 0
0.000333333 0
0.000333333 0
0.000333333 0
0.000333333 0
0.000333333 0
0.000333333 0
0.000333333 0
0.000333333 0
0.000333333 0
0.000666666 0
0.000666666 0
0.000666666 0
0.000666666 0
0.000666666 0
0.000666666 0
0.000666666 0
0.000666666 0
0.000999999 0
0.000999999 0
0.001333333 0
0.001666666 0
0.001666666 0
0.001666666 0
0.001666666 0
0.001666666 0
0.001666666 0
0.001666666 0
0.001666666 0
0.001666666 0
0.001666666 0
0.001666666 0
0.002 0
0.002 0
0.002333333 0
0.002333333 0
0.002333333 0
0.002333333 0
0.002333333 0
0.002333333 0
0.002333333 0
0.002333333 0
0.002333333 0
0.002333333 0
0.002333333 0
0.002333333 0
0.002333333 0
0.002333333 0
0.002333333 0
0.002333333 0
0.002333333 0
0.002333333 0
0.002666667 0
0.002666667 0
0.002666667 0
0.002666667 0
0.002666667 0
0.002666667 0
0.002666667 0
0.002666667 0
0.002666667 0
0.002666667 0
0.003 0
0.003 0
0.003 0
0.003 0
0.003 0
0.003 0
0.003 0
0.003 0
0.003 0
0.003 0
0.003666666 0
0.003999999 0
0.004333332 0
0.004666662 0
0.004999996 0
0.004999996 0
0.004999996 0
0.004999996 0
0.004999996 0
0.004999996 0
0.005333336 0
0.005333336 0
0.005333336 0
0.005333336 0
0.005333336 0
0.005333336 0
0.005333336 0
0.005333336 0
0.005666669 0
0.005666669 0
0.006333336 0
0.006333336 0
0.00666667 0
0.00666667 0
0.00666667 0
0.00666667 0
0.00666667 0
0.007000003 0
0.007333333 0
0.007666666 0
0.007666666 0
0.007666666 0
0.007666666 0
0.007666666 0
0.007666666 0
0.007666666 0
0.007666666 0
0.007666666 0
0.007999996 0
0.007999996 0
0.007999996 0
0.00833333 0
0.00833333 0
0.00833333 0
0.00833333 0
0.00833333 0
0.00833333 0
0.00833333 0
0.00833333 0
0.00833333 0
0.00833333 0
0.00833333 0
0.00833333 0
0.00866666 0
0.00866666 0
0.00866666 0
0.008999993 0
0.009333333 0
0.009666666 0
0.009666666 0
0.009666666 0
0.009666666 0
0.010000006 0
0.010000006 0
0.010000006 0
0.01033334 0
0.01033334 0
0.01033334 0
0.01100001 0
0.01100001 0
0.01100001 0
0.01133334 0
0.011666673 0
0.011666673 0
0.011666673 0
0.011666673 0
0.011666673 0
0.011666673 0
0.011666673 0
0.011666673 0
0.011666673 0
0.011666673 0
0.012000007 0
0.012000007 0
0.012333337 0
0.012333337 0
0.012333337 0
0.012333337 0
0.012333337 0
0.012333337 0
0.01266667 0
0.01266667 0
0.01266667 0
0.013 0
0.013 0
0.013 0
0.013 0
0.013 0
0.013 0
0.013 0
0.013 0
0.013 0
0.01333333 0
0.01333333 0
0.01333333 0
0.01366666 0
0.01366666 0
0.014 0
0.014 0
0.01466668 0
0.01500001 0
0.01500001 0
0.01533334 0
0.01566667 0
0.01566667 0
0.01566667 0
0.01666666 0
0.01666666 0
0.017 0
0.017 0
0.017 0
0.017 0
0.01733333 0
0.017666663 0
0.018000003 0
0.018333337 0
0.018333337 0
0.018666677 0
0.019000007 0
0.019000007 0
0.01933334 0
0.02 0
0.02 0
0.02 0
0.02066667 0
0.02133333 0
0.02133333 0
0.02133333 0
0.02200001 0
0.02200001 0
0.02200001 0
0.02233334 0
0.02233334 0
0.02266667 0
0.02266667 0
0.02266667 0
0.02266667 0
0.02333334 0
0.02366667 0
0.02366667 0
0.024 0
0.02433333 0
0.02466667 0
0.02466667 0
0.02466667 0
0.02466667 0
0.02533333 0
0.02533333 0
0.02566667 0
0.02566667 0
0.026 0
0.026 0
0.02633333 0
0.02666667 0
0.02666667 0
0.02666667 0
0.02733333 0
0.02733333 0
0.02733333 0
0.02833334 0
0.029 0
0.02966666 0
0.03033332 0
0.03166666 0
0.032 0
0.03266667 0
0.03333334 0
0.03366667 0
0.03366667 0
0.034 0
0.03433333 0
0.03466666 0
0.03499999 0
0.03499999 0
0.03533332 0
0.03566665 0
0.03599998 0
0.03599998 0
0.03666666 0
0.037 0
0.037 0
0.037 0
0.038 0
0.038 0
0.03833333 0
0.03966667 0
0.041 0
0.04166666 0
0.04166666 0
0.04166666 0
0.042 0
0.042 0
0.042 0
0.04266666 0
0.043 0
0.043 0
0.04333333 0
0.04466666 0
0.04499999 0
0.04533332 0
0.04566666 0
0.04566666 0
0.04733333 0
0.04833333 0
0.04833333 0
0.04866667 0
0.04900001 0
0.04966667 0
0.05 0
0.05 0
0.051 0
0.05133334 0
0.052 0
0.052 0
0.05233333 0
0.05266667 0
0.05266667 0
0.053 0
0.05366667 0
0.05433333 0
0.05466666 0
0.05533332 0
0.05533332 0
0.05533332 0
0.05533332 0
0.05533332 0
0.05633333 0
0.05666667 0
0.05733334 0
0.058 0
0.05900001 0
0.05900001 0
0.06066669 0
0.06133335 0
0.06166668 0
0.06200001 0
0.06300001 0
0.06366668 0
0.06366668 0
0.06400001 0
0.06500001 0
0.06533334 0
0.06566667 0
0.06666667 0
0.06666667 0
0.067 0
0.068 0
0.068 0
0.06833333 0
0.06866666 0
0.06933333 0
0.06933333 0
0.06966666 0
0.06966666 0
0.06999999 0
0.07033332 0
0.07066665 0
0.07166662 0
0.07200002 0
0.07299999 0
0.074 0
0.074 0
0.07466668 0
0.07533334 0
0.076 0
0.076 0
0.07699999 0
0.07799995 0
0.07866658 0
0.07899992 0
0.07899992 0
0.07999999 0
0.08033333 0
0.08099997 0
0.0813333 0
0.08200004 0
0.08233337 0
0.08266667 0
0.08333333 0
0.08333333 0
0.08366666 0
0.08433333 0
0.0853334 0
0.08566673 0
0.0866667 0
0.08833326 0
0.089 0
0.0893334 0
0.0903334 0
0.0903334 0
0.0906667 0
0.09100003 0
0.09166663 0
0.09199997 0
0.09266663 0
0.09466656 0
0.0953333 0
0.09699998 0
0.09699998 0
0.09699998 0
0.09733338 0
0.09866671 0
0.09866671 0
0.09900004 0
0.10066667 0
0.10133333 0
0.10199997 0
0.1029999 0
0.1033332 0
0.10433327 0
0.10466661 0
0.10566657 0
0.10599997 0
0.10633337 0
0.10666667 0
0.108 0
0.1083333 0
0.1099999 0
0.11166663 0
0.11199993 0
0.11233326 0
0.1129999 0
0.11333323 0
0.11466647 0
0.1153331 0
0.1159999 0
0.1159999 0
0.11700003 0
0.11833333 0
0.11866663 0
0.11866663 0
0.11933326 0
0.12033346 0
0.12066676 0
0.1213335 0
0.1223335 0
0.12333356 0
0.12433346 0
0.12466676 0
0.12500006 0
0.12500006 0
0.12533336 0
0.128 0
0.1286666 0
0.12999994 0
0.13099994 0
0.13166657 0
0.13233327 0
0.13299997 0
0.13433327 0
0.13533327 0
0.136 0
0.13800004 0
0.13833334 0
0.13900007 0
0.14000007 0
0.14166673 0
0.14200003 0
0.14233343 0
0.14366683 0
0.14400013 0
0.14533347 0
0.14566677 0
0.14633347 0
0.14700017 0
0.14800017 0
0.14866677 0
0.14900017 0
0.1493335 0
0.1500002 0
0.1523334 0
0.1523334 0
0.1530001 0
0.1540001 0
0.1546668 0
0.1560001 0
0.1563335 0
0.1573335 0
0.1580003 0
0.1586669 0
0.1590002 0
0.1600001 0
0.1603334 0
0.1610001 0
0.162 0
0.1643332 0
0.165 0
0.1653333 0
0.1656667 0
0.1666667 0
0.1676666 0
0.169 0
0.17 0
0.1706667 0
0.1723332 0
0.1726666 0
0.1743334 0
0.1746668 0
0.1756667 0
0.1760001 0
0.1770001 0
0.1780001 0
0.1783334 0
0.1786667 0
0.1786667 0
0.179 0
0.1793333 0
0.1796666 0
0.1806666 0
0.1809999 0
0.1813333 0
0.183 0
0.1833333 0
0.1846666 0
0.1863332 0
0.1866666 0
0.1876666 0
0.1876666 0
0.1883333 0
0.189 0
0.1896668 0
0.1900001 0
0.1903334 0
0.191 0
0.1913333 0
0.1916666 0
0.1933332 0
0.1943332 0
0.1966665 0
0.1973332 0
0.1983332 0
0.2 0
0.201 0
0.2013333 0
0.2023333 0
0.2030001 0
0.2040001 0
0.2046668 0
0.2060001 0
0.2063334 0
0.2070001 0
0.2083334 0
0.2086668 0
0.2090002 0
0.2103335 0
0.2106668 0
0.212 0
0.2123333 0
0.2133332 0
0.2136665 0
0.2153332 0
0.2159999 0
0.2176665 0
0.219 0
0.22 0
0.2206667 0
0.2206667 0
0.2216668 0
0.2226667 0
0.2243333 0
0.2266667 0
0.2273335 0
0.2280001 0
0.2286667 0
0.229 0
0.2293333 0
0.2299999 0
0.2306666 0
0.2319999 0
0.2323333 0
0.2323333 0
0.2333333 0
0.2336666 0
0.2343333 0
0.2349999 0
0.2349999 0
0.2353333 0
0.2356666 0
0.2366667 0
0.2376666 0
0.2379999 0
0.2389999 0
0.2400001 0
0.2403334 0
0.2423334 0
0.2423334 0
0.2436668 0
0.2446667 0
0.2456666 0
0.247 0
0.2473334 0
0.2473334 0
0.249 0
0.2493333 0
0.251 0
0.252 0
0.2523333 0
0.2536666 0
0.254 0
0.2546666 0
0.2559999 0
0.2563333 0
0.258 0
0.2589999 0
0.2606666 0
0.263 0
0.2640001 0
0.2643334 0
0.2653335 0
0.2666668 0
0.2673334 0
0.2686668 0
0.2693334 0
0.2693334 0
0.2696667 0
0.2716667 0
0.2726667 0
0.2733334 0
0.2736667 0
0.275 0
0.2753334 0
0.2763334 0
0.2773333 0
0.2783332 0
0.2786665 0
0.2796666 0
0.2806666 0
0.2816667 0
0.2826666 0
0.2833334 0
0.2843333 0
0.2846666 0
0.2853333 0
0.286 0
0.2866667 0
0.2876666 0
0.2883333 0
0.2889999 0
0.2903333 0
0.2913334 0
0.292 0
0.293 0
0.294 0
0.294 0
0.2950001 0
0.2953334 0
0.2963334 0
0.2970001 0
0.2980001 0
0.2996667 0
0.3006667 0
0.3013334 0
0.302 0
0.3029999 0
0.3033332 0
0.3039999 0
0.3046666 0
0.3063333 0
0.307 0
0.307 0
0.3079999 0
0.3093334 0
0.3100001 0
0.3103334 0
0.3106667 0
0.3113334 0
0.3116667 0
0.3133333 0
0.3139999 0
0.3153333 0
0.316 0
0.3166666 0
0.3176666 0
0.3183332 0
0.3186665 0
0.3193333 0
0.3213333 0
0.3223334 0
0.323 0
0.3236666 0
0.3246666 0
0.325 0
0.3259999 0
0.3266667 0
0.3276667 0
0.3286667 0
0.3286667 0
0.329 0
0.3303334 0
0.331 0
0.3313333 0
0.3326667 0
0.3333333 0
0.3336666 0
0.3353333 0
0.3356666 0
0.3363333 0
0.337 0
0.3373333 0
0.3386666 0
0.3406667 0
0.341 0
0.3416668 0
0.3423334 0
0.3436667 0
0.3443334 0
0.345 0
0.345 0
0.3463334 0
0.3463334 0
0.3473334 0
0.3483333 0
0.3493334 0
0.35 0
0.3506668 0
0.3520002 0
0.3526668 0
0.3543334 0
0.3556666 0
0.3559999 0
0.3563332 0
0.3566665 0
0.3569999 0
0.3576666 0
0.3576666 0
0.3593334 0
0.3606668 0
0.3606668 0
0.3626669 0
0.3626669 0
0.3650001 0
0.3663335 0
0.3666668 0
0.3673334 0
0.3683333 0
0.3693332 0
0.3703332 0
0.3716665 0
0.373 0
0.3736666 0
0.3739999 0
0.3753335 0
0.3760002 0
0.3760002 0
0.3763336 0
0.3783335 0
0.3796667 0
0.3806667 0
0.3816666 0
0.3823332 0
0.3826666 0
0.3833333 0
0.3846666 0
0.3856666 0
0.3859999 0
0.3863332 0
0.3883334 0
0.3886667 0
0.3899999 0
0.3906666 0
0.3923333 0
0.395 0
0.3956666 0
0.3956666 0
0.3966666 0
0.3983333 0
0.3993333 0
0.3996667 0
0.4010001 0
0.4016667 0
0.4026667 0
0.4043334 0
0.406 0
0.4073333 0
0.4079999 0
0.4096666 0
0.4106667 0
0.411 0
0.4123334 0
0.4123334 0
0.413 0
0.414 0
0.4153334 0
0.416 0
0.4166668 0
0.4173334 0
0.4176667 0
0.4176667 0
0.4183334 0
0.4183334 0
0.419 0
0.4203333 0
0.421 0
0.4220001 0
0.4220001 0
0.424 0
0.4246666 0
0.4256666 0
0.4266665 0
0.4283333 0
0.4289999 0
0.4296666 0
0.4303333 0
0.4313333 0
0.4336666 0
0.4353333 0
0.4363333 0
0.4366666 0
0.4376667 0
0.4383334 0
0.4386668 0
0.44 0
0.4406666 0
0.4413332 0
0.4436666 0
0.4443333 0
0.4456668 0
0.4466668 0
0.4480001 0
0.4486668 0
0.4493334 0
0.4519999 0
0.4529999 0
0.4533333 0
0.454 0
0.4559999 0
0.4569999 0
0.4576665 0
0.4579998 0
0.4583332 0
0.4586666 0
0.4596666 0
0.4603332 0
0.4620001 0
0.4623334 0
0.463 0
0.4633334 0
0.465 0
0.4666667 0
0.467 0
0.4679999 0
0.4696667 0
0.4706669 0
0.4710003 0
0.4723335 0
0.4743333 0
0.4753334 0
0.4766668 0
0.4776667 0
0.4783333 0
0.479 0
0.481 0
0.4829999 0
0.4833332 0
0.4836666 0
0.4846666 0
0.4853334 0
0.4860001 0
0.4866668 0
0.4876667 0
0.4886668 0
0.49 0
0.4906667 0
0.491 0
0.4913334 0
0.4926669 0
0.4933335 0
0.4946667 0
0.4956667 0
0.4960001 0
0.4963334 0
0.4973334 0
0.4983333 0
0.4986667 0
0.4993333 0
0.4993333 0
0.5 0
0.5013333 0
0.5016666 0
0.5026666 0
0.5029999 0
0.5046668 0
0.5050001 0
0.5056667 0
0.5056667 0
0.5063334 0
0.507 0
0.5073334 0
0.5086668 0
0.5093334 0
0.5096667 0
0.5103334 0
0.5113333 0
0.5119999 0
0.5123333 0
0.5136667 0
0.5160001 0
0.5173334 0
0.5190001 0
0.5210001 0.000334448
0.5226667 0.000334448
0.5233334 0.000334448
0.524 0.000334448
0.524 0.000334448
0.5249999 0.000334448
0.526 0.000334448
0.5266666 0.000334448
0.5273332 0.000334448
0.5276666 0.000334448
0.5283334 0.000334448
0.5293334 0.000334448
0.5300001 0.000334448
0.5306667 0.000334448
0.5313334 0.000334448
0.5320001 0.000334448
0.5333334 0.000334448
0.5343336 0.000334448
0.5353335 0.000334448
0.5370001 0.000334448
0.5386666 0.000334448
0.5386666 0.000334448
0.5393332 0.000334448
0.5393332 0.000334448
0.5396665 0.000334448
0.5410001 0.000334448
0.5423334 0.000334448
0.543 0.000334448
0.5436667 0.000334448
0.5443333 0.000334448
0.546 0.000334448
0.5473333 0.000334448
0.5476666 0.000334448
0.5483333 0.000334448
0.5503334 0.000334448
0.5503334 0.000334448
0.551 0.000334448
0.553 0.000334448
0.554 0.000334448
0.5543333 0.000334448
0.5553332 0.000334448
0.5556665 0.000334448
0.5563332 0.000334448
0.5563332 0.000334448
0.5563332 0.000334448
0.5576666 0.000334448
0.5576666 0.000334448
0.5583332 0.000334448
0.56 0.000334448
0.5606666 0.000334448
0.5613332 0.000334448
0.5619999 0.000334448
0.5619999 0.000334448
0.5619999 0.000334448
0.5626666 0.000334448
0.5636668 0.000334448
0.5640002 0.000334448
0.5640002 0.000334448
0.5646669 0.000334448
0.5650002 0.000334448
0.5653335 0.000334448
0.5660001 0.000334448
0.5666668 0.000334448
0.5683334 0.000334448
0.5696667 0.000334448
0.5703333 0.000334448
0.5716667 0.000334448
0.573 0.000334448
0.573 0.000334448
0.5733334 0.000334448
0.574 0.000334448
0.5753334 0.000334448
0.5756667 0.000334448
0.5763334 0.000334448
0.5776666 0.000334448
0.5786666 0.000334448
0.5800001 0.000334448
0.5806668 0.000334448
0.582 0.000334448
0.5823334 0.000334448
0.5823334 0.000334448
0.5826667 0.000334448
0.5836666 0.000334448
0.585 0.000334448
0.586 0.000334448
0.5863333 0.000334448
0.5876665 0.000334448
0.5883332 0.000334448
0.5886666 0.000334448
0.5889999 0.000334448
0.5899999 0.000334448
0.5906666 0.000334448
0.5906666 0.000334448
0.5909999 0.000334448
0.5916667 0.000334448
0.5930001 0.000334448
0.5943334 0.000334448
0.5946667 0.000668896
0.5956667 0.000668896
0.596 0.000668896
0.5976666 0.000668896
0.5993334 0.000668896
0.5996668 0.000668896
0.6003334 0.000668896
0.6006667 0.000668896
0.6013335 0.000668896
0.6016668 0.000668896
0.6023334 0.000668896
0.6023334 0.000668896
0.6033334 0.000668896
0.6046666 0.000668896
0.6053332 0.000668896
0.6066666 0.000668896
0.6073333 0.000668896
0.608 0.000668896
0.6089999 0.000668896
0.6096665 0.000668896
0.6103333 0.000668896
0.612 0.000668896
0.6133334 0.000668896
0.6146666 0.000668896
0.6156667 0.000668896
0.6163333 0.000668896
0.6166667 0.000668896
0.617 0.000668896
0.6173334 0.000668896
0.6180001 0.000668896
0.6196668 0.000668896
0.6203334 0.000668896
0.6206667 0.000668896
0.621 0.000668896
0.6223334 0.000668896
0.6243334 0.000668896
0.625 0.000668896
0.6263334 0.000668896
0.6266667 0.000668896
0.6276667 0.000668896
0.6276667 0.000668896
0.6280001 0.000668896
0.6293334 0.000668896
0.6303333 0.000668896
0.631 0.000668896
0.6320001 0.000668896
0.6323334 0.000668896
0.6333333 0.000668896
0.6336667 0.000668896
0.6349999 0.000668896
0.6366666 0.000668896
0.6369999 0.000668896
0.6373332 0.000668896
0.6379999 0.000668896
0.6386667 0.000668896
0.6386667 0.000668896
0.6393333 0.000668896
0.6399999 0.000668896
0.6406666 0.000668896
0.6416667 0.000668896
0.642 0.000668896
0.6426666 0.000668896
0.6433332 0.000668896
0.6446666 0.000668896
0.6453333 0.000668896
0.6463334 0.000668896
0.6473333 0.000668896
0.6483333 0.000668896
0.6486666 0.000668896
0.6493333 0.000668896
0.6506667 0.000668896
0.651 0.000668896
0.653 0.000668896
0.653 0.000668896
0.654 0.000668896
0.6543333 0.000668896
0.6556667 0.000668896
0.656 0.000668896
0.6573334 0.000668896
0.6576667 0.000668896
0.6593332 0.000668896
0.6596666 0.000668896
0.6606666 0.000668896
0.6609999 0.000668896
0.663 0.000668896
0.663 0.000668896
0.6643333 0.000668896
0.6646666 0.000668896
0.667 0.000668896
0.6673333 0.000668896
0.6679999 0.000668896
0.6696666 0.000668896
0.6710001 0.000668896
0.6713334 0.000668896
0.6726666 0.000668896
0.673 0.000668896
0.6736667 0.000668896
0.674 0.000668896
0.674 0.000668896
0.6743333 0.000668896
0.6753332 0.000668896
0.6763333 0.000668896
0.6763333 0.000668896
0.677 0.000668896
0.6773333 0.000668896
0.678 0.000668896
0.6796667 0.000668896
0.68 0.000668896
0.6803334 0.000668896
0.681 0.000668896
0.6816667 0.000668896
0.6826668 0.000668896
0.6826668 0.000668896
0.6830001 0.000668896
0.6830001 0.000668896
0.6836667 0.000668896
0.6843334 0.000668896
0.6856666 0.000668896
0.6863332 0.000668896
0.6873332 0.000668896
0.6876665 0.000668896
0.6883331 0.000668896
0.6889998 0.000668896
0.6903332 0.000668896
0.6909999 0.000668896
0.6916666 0.000668896
0.6916666 0.000668896
0.6930001 0.000668896
0.694 0.000668896
0.6946667 0.000668896
0.6956667 0.000668896
0.6956667 0.000668896
0.6956667 0.000668896
0.6976666 0.000668896
0.6989999 0.000668896
0.6993333 0.000668896
0.6999999 0.000668896
0.7003333 0.000668896
0.7006666 0.000668896
0.7009999 0.000668896
0.7009999 0.000668896
0.7013332 0.000668896
0.7013332 0.000668896
0.702 0.000668896
0.7026666 0.000668896
0.7026666 0.000668896
0.7043333 0.000668896
0.7043333 0.000668896
0.7046667 0.000668896
0.705 0.000668896
0.7053334 0.000668896
0.7066668 0.000668896
0.7073334 0.000668896
0.708 0.000668896
0.7093334 0.000668896
0.711 0.000668896
0.7119999 0.000668896
0.7126666 0.000668896
0.7136667 0.000668896
0.7146667 0.000668896
0.7156667 0.000668896
0.7173335 0.000668896
0.7173335 0.000668896
0.7186667 0.000668896
0.719 0.000668896
0.719 0.000668896
0.7196668 0.000668896
0.7196668 0.000668896
0.7203334 0.000668896
0.7213334 0.000668896
0.7220001 0.000668896
0.7230001 0.000668896
0.7230001 0.000668896
0.7240001 0.000668896
0.725 0.000668896
0.7253333 0.000668896
0.726 0.000668896
0.7266667 0.000668896
0.7273333 0.000668896
0.7283332 0.000668896
0.7286666 0.000668896
0.7293333 0.000668896
0.7293333 0.000668896
0.73 0.000668896
0.731 0.000668896
0.732 0.000668896
0.732 0.000668896
0.732 0.000668896
0.7326666 0.000668896
0.7336666 0.000668896
0.7339999 0.000668896
0.7343332 0.000668896
0.7359999 0.000668896
0.7366665 0.000668896
0.7366665 0.000668896
0.7376666 0.000668896
0.738 0.000668896
0.7383333 0.000668896
0.7393333 0.000668896
0.7399999 0.000668896
0.7403332 0.000668896
0.7413333 0.000668896
0.7416666 0.000668896
0.7419999 0.000668896
0.7426666 0.000668896
0.7443333 0.000668896
0.7456666 0.000668896
0.7459999 0.000668896
0.7473333 0.000668896
0.7476667 0.000668896
0.7483333 0.000668896
0.7496666 0.000668896
0.7503333 0.000668896
0.7510001 0.000668896
0.7510001 0.000668896
0.7523334 0.000668896
0.753 0.000668896
0.7536667 0.000668896
0.7536667 0.000668896
0.7546666 0.000668896
0.7556667 0.000668896
0.7563334 0.000668896
0.7563334 0.000668896
0.7573333 0.000668896
0.7576666 0.000668896
0.7583332 0.000668896
0.7593333 0.000668896
0.761 0.000668896
0.7616666 0.000668896
0.7633333 0.000668896
0.7636667 0.000668896
0.7646667 0.000668896
0.7656667 0.000668896
0.7656667 0.000668896
0.7660001 0.000668896
0.7660001 0.000668896
0.7660001 0.000668896
0.7663335 0.000668896
0.7663335 0.000668896
0.7666668 0.000668896
0.7670001 0.000668896
0.7673334 0.000668896
0.7683333 0.000668896
0.7696667 0.000668896
0.7703333 0.000668896
0.771 0.000668896
0.771 0.000668896
0.7713333 0.000668896
0.7716667 0.000668896
0.7723333 0.000668896
0.7726666 0.000668896
0.7736665 0.000668896
0.7749999 0.000668896
0.7749999 0.000668896
0.7749999 0.000668896
0.7756666 0.000668896
0.7766666 0.000668896
0.777 0.000668896
0.7773333 0.000668896
0.7783333 0.000668896
0.779 0.000668896
0.779 0.000668896
0.7793334 0.000668896
0.7806667 0.000668896
0.7806667 0.000668896
0.7806667 0.000668896
0.7806667 0.000668896
0.7813334 0.000668896
0.7813334 0.000668896
0.7816668 0.000668896
0.7823335 0.000668896
0.7830002 0.000668896
0.7836668 0.000668896
0.7840001 0.000668896
0.7843334 0.000668896
0.7863334 0.000668896
0.7866667 0.000668896
0.7866667 0.000668896
0.7866667 0.000668896
0.7876666 0.000668896
0.788 0.000668896
0.7886667 0.000668896
0.7903335 0.000668896
0.7916668 0.000668896
0.7923334 0.000668896
0.7933333 0.000668896
0.7943332 0.000668896
0.7943332 0.000668896
0.7953333 0.000668896
0.7956666 0.000668896
0.7966666 0.000668896
0.7966666 0.000668896
0.7969999 0.000668896
0.7973332 0.000668896
0.7976665 0.000668896
0.7986665 0.000668896
0.7989998 0.000668896
0.7996665 0.000668896
0.7996665 0.000668896
0.7996665 0.000668896
0.8006666 0.000668896
0.8009999 0.000668896
0.8009999 0.000668896
0.803 0.000668896
0.8033334 0.000668896
0.8036667 0.000668896
0.8046667 0.000668896
0.8056667 0.000668896
0.8066666 0.000668896
0.8069999 0.000668896
0.8076665 0.000668896
0.8083331 0.000668896
0.8096666 0.000668896
0.8099999 0.000668896
0.8103333 0.000668896
0.8113333 0.000668896
0.8116667 0.000668896
0.8116667 0.000668896
0.8116667 0.000668896
0.812 0.000668896
0.8123333 0.000668896
0.8126666 0.000668896
0.8133332 0.000668896
0.8136665 0.000668896
0.8136665 0.000668896
0.8143333 0.000668896
0.8146666 0.000668896
0.815 0.000668896
0.8160001 0.000668896
0.8166667 0.000668896
0.8173334 0.000668896
0.8180001 0.000668896
0.8183334 0.000668896
0.8186667 0.000668896
0.819 0.000668896
0.8193333 0.000668896
0.8196666 0.000668896
0.8203334 0.000668896
0.8203334 0.000668896
0.8213333 0.000668896
0.8213333 0.000668896
0.8219999 0.000668896
0.8223332 0.000668896
0.8229999 0.000668896
0.8233332 0.000668896
0.8243333 0.000668896
0.8246666 0.000668896
0.8246666 0.000668896
0.8249999 0.000668896
0.8256666 0.000668896
0.8259999 0.000668896
0.8266666 0.000668896
0.8266666 0.000668896
0.8276667 0.000668896
0.828 0.000668896
0.828 0.000668896
0.828 0.000668896
0.8283333 0.000668896
0.8286666 0.000668896
0.8293332 0.000668896
0.8293332 0.000668896
0.8293332 0.000668896
0.8296666 0.000668896
0.83 0.000668896
0.8306668 0.000668896
0.8310001 0.000668896
0.8310001 0.000668896
0.8310001 0.000668896
0.8313334 0.000668896
0.8323333 0.000668896
0.8323333 0.000668896
0.8326666 0.000668896
0.8329999 0.000668896
0.8329999 0.000668896
0.8336667 0.000668896
0.8346666 0.000668896
0.835 0.000668896
0.8353333 0.000668896
0.8353333 0.000668896
0.8356666 0.000668896
0.8356666 0.000668896
0.8363333 0.000668896
0.837 0.000668896
0.8373333 0.000668896
0.8373333 0.000668896
0.8376666 0.000668896
0.8376666 0.000668896
0.8379999 0.000668896
0.8383333 0.000668896
0.8383333 0.000668896
0.8383333 0.000668896
0.8386666 0.000668896
0.8386666 0.000668896
0.8393332 0.000668896
0.8396666 0.000668896
0.8399999 0.000668896
0.8403332 0.000668896
0.8406665 0.000668896
0.8409998 0.000668896
0.8409998 0.000668896
0.8413332 0.000668896
0.8416666 0.000668896
0.8416666 0.000668896
0.8423332 0.000668896
0.8426665 0.000668896
0.8429999 0.000668896
0.8433333 0.000668896
0.8443332 0.000668896
0.8446666 0.000668896
0.845 0.000668896
0.846 0.000668896
0.8463334 0.000668896
0.8473333 0.000668896
0.8483333 0.000668896
0.849 0.000668896
0.8493333 0.000668896
0.8496667 0.000668896
0.85 0.000668896
0.8506667 0.000668896
0.8506667 0.000668896
0.8506667 0.000668896
0.8506667 0.000668896
0.8516666 0.000668896
0.8523334 0.000668896
0.8526667 0.000668896
0.853 0.000668896
0.8533333 0.000668896
0.8533333 0.000668896
0.8546667 0.000668896
0.8546667 0.000668896
0.8546667 0.000668896
0.8546667 0.000668896
0.855 0.000668896
0.855 0.000668896
0.8553333 0.000668896
0.8556666 0.000668896
0.8559999 0.000668896
0.8563333 0.000668896
0.857 0.000668896
0.8573333 0.000668896
0.8576667 0.000668896
0.8583334 0.000668896
0.8583334 0.000668896
0.8586667 0.000668896
0.859 0.000668896
0.8593334 0.000668896
0.8600001 0.000668896
0.8603334 0.000668896
0.8603334 0.000668896
0.8606667 0.000668896
0.8606667 0.000668896
0.8613333 0.000668896
0.8616666 0.000668896
0.8616666 0.000668896
0.8623333 0.000668896
0.8623333 0.000668896
0.8626666 0.000668896
0.8636666 0.000668896
0.8636666 0.000668896
0.8646667 0.000668896
0.8653333 0.001003344
0.8653333 0.001003344
0.8656666 0.001003344
0.8656666 0.001003344
0.8659999 0.001003344
0.8666665 0.001003344
0.8676666 0.001003344
0.868 0.001003344
0.8686666 0.001003344
0.8689999 0.001003344
0.8693332 0.001003344
0.8699998 0.001003344
0.8706665 0.001003344
0.8706665 0.001003344
0.8709999 0.001003344
0.8709999 0.001003344
0.8716666 0.001003344
0.8719999 0.001003344
0.8733335 0.001003344
0.8736668 0.001003344
0.8746667 0.001003344
0.875 0.001003344
0.8756667 0.001003344
0.8763334 0.001003344
0.8763334 0.001003344
0.8773334 0.001003344
0.8780001 0.001003344
0.8786667 0.001003344
0.879 0.001003344
0.8793333 0.001003344
0.88 0.001003344
0.8806667 0.001003344
0.8806667 0.001003344
0.8823334 0.001003344
0.8823334 0.001003344
0.8826667 0.001003344
0.883 0.001003344
0.8833333 0.001003344
0.884 0.001003344
0.884 0.001003344
0.884 0.001003344
0.884 0.001003344
0.8846667 0.001003344
0.8850001 0.001003344
0.8853334 0.001003344
0.886 0.001003344
0.8863334 0.001003344
0.8863334 0.001003344
0.8866667 0.001003344
0.8866667 0.001003344
0.8866667 0.001003344
0.887 0.001003344
0.887 0.001003344
0.887 0.001003344
0.8876666 0.001003344
0.8876666 0.001003344
0.8876666 0.001003344
0.8879999 0.001003344
0.8879999 0.001003344
0.8879999 0.001003344
0.8883332 0.001003344
0.8883332 0.001003344
0.8886665 0.001003344
0.8889999 0.001003344
0.8893333 0.001003344
0.8896666 0.001003344
0.8896666 0.001003344
0.8896666 0.001003344
0.8896666 0.001003344
0.8903332 0.001003344
0.8906666 0.001003344
0.891 0.001003344
0.891 0.001003344
0.8913334 0.001003344
0.8916667 0.001003344
0.8926667 0.001003344
0.8926667 0.001003344
0.8926667 0.001003344
0.8930001 0.001003344
0.8933334 0.001003344
0.8933334 0.001003344
0.8936667 0.001003344
0.8940001 0.001003344
0.8943334 0.001003344
0.8943334 0.001003344
0.8943334 0.001003344
0.895 0.001003344
0.8956666 0.001003344
0.8956666 0.001003344
0.8963332 0.001003344
0.8966665 0.001003344
0.8973333 0.001003344
0.8976667 0.001003344
0.8983334 0.001003344
0.8986667 0.001003344
0.8986667 0.001003344
0.8986667 0.001337792
0.899 0.001337792
0.899 0.001337792
0.899 0.001337792
0.8996666 0.001337792
0.8996666 0.001337792
0.8996666 0.001337792
0.8996666 0.001337792
0.8996666 0.001337792
0.8999999 0.001337792
0.9003332 0.001337792
0.9006666 0.001337792
0.9006666 0.001337792
0.9009999 0.001337792
0.9009999 0.001337792
0.9016666 0.001337792
0.9016666 0.001337792
0.9016666 0.001337792
0.9026667 0.001337792
0.903 0.001337792
0.903 0.001337792
0.9033333 0.001337792
0.9033333 0.001337792
0.9043334 0.001337792
0.9043334 0.001337792
0.9043334 0.001337792
0.9043334 0.001337792
0.905 0.001337792
0.905 0.001337792
0.905 0.001337792
0.9053333 0.001337792
0.9053333 0.001337792
0.9053333 0.001337792
0.9053333 0.001337792
0.9056667 0.001337792
0.9056667 0.001337792
0.9056667 0.001337792
0.906 0.001337792
0.906 0.001337792
0.906 0.001337792
0.906 0.001337792
0.906 0.001337792
0.9063333 0.001337792
0.9066666 0.001337792
0.907 0.001337792
0.9073333 0.001337792
0.9076667 0.001337792
0.9076667 0.001337792
0.908 0.001337792
0.908 0.001337792
0.909 0.001337792
0.909 0.001337792
0.909 0.001337792
0.909 0.001337792
0.909 0.001337792
0.909 0.001337792
0.909 0.001337792
0.909 0.001337792
0.9093333 0.001337792
0.9093333 0.001337792
0.9093333 0.001672239
0.9096667 0.001672239
0.91 0.001672239
0.91 0.001672239
0.9106667 0.001672239
0.9106667 0.001672239
0.9106667 0.001672239
0.9113334 0.002006687
0.9116667 0.002341132
0.9126666 0.002341132
0.9129999 0.002341132
0.9133332 0.002341132
0.9133332 0.002341132
0.9136666 0.002341132
0.914 0.002341132
0.9146666 0.002341132
0.9153333 0.002341132
0.9153333 0.002341132
0.9153333 0.002341132
0.9156666 0.002341132
0.9156666 0.002341132
0.9156666 0.002341132
0.916 0.002341132
0.9163334 0.002341132
0.9166668 0.002675582
0.9170002 0.002675582
0.9173335 0.002675582
0.9176668 0.002675582
0.9176668 0.002675582
0.9176668 0.002675582
0.9176668 0.002675582
0.9180001 0.002675582
0.9180001 0.002675582
0.9183334 0.002675582
0.9186667 0.002675582
0.9193333 0.002675582
0.9193333 0.002675582
0.9196667 0.002675582
0.92 0.002675582
0.92 0.002675582
0.92 0.002675582
0.9206667 0.002675582
0.921 0.002675582
0.9213333 0.002675582
0.9216666 0.002675582
0.9223332 0.002675582
0.9223332 0.002675582
0.9223332 0.002675582
0.9223332 0.002675582
0.9223332 0.002675582
0.9229999 0.002675582
0.9229999 0.002675582
0.9236666 0.002675582
0.9239999 0.002675582
0.9239999 0.002675582
0.9239999 0.002675582
0.9243332 0.002675582
0.9246666 0.002675582
0.9246666 0.002675582
0.9246666 0.002675582
0.9246666 0.002675582
0.9246666 0.002675582
0.9246666 0.002675582
0.9246666 0.002675582
0.9253334 0.002675582
0.9256667 0.002675582
0.9260001 0.002675582
0.9263334 0.002675582
0.9263334 0.002675582
0.9266667 0.002675582
0.9266667 0.002675582
0.927 0.002675582
0.9273334 0.002675582
0.9273334 0.002675582
0.9273334 0.003010032
0.9276667 0.003010032
0.9276667 0.003010032
0.9276667 0.003010032
0.928 0.003010032
0.928 0.003010032
0.928 0.003010032
0.9283333 0.003010032
0.9283333 0.003010032
0.9286667 0.003010032
0.929 0.003010032
0.929 0.003010032
0.9296667 0.003010032
0.93 0.003010032
0.93 0.003010032
0.93 0.003010032
0.9303333 0.003010032
0.9303333 0.003010032
0.9306666 0.003010032
0.9306666 0.003344479
0.9306666 0.003344479
0.9309999 0.003344479
0.9309999 0.003344479
0.9313332 0.003344479
0.9316665 0.003344479
0.9316665 0.003344479
0.9316665 0.003344479
0.9316665 0.003344479
0.9316665 0.003344479
0.9319999 0.003344479
0.9319999 0.003344479
0.9319999 0.003344479
0.9319999 0.003344479
0.9319999 0.003344479
0.9319999 0.003344479
0.9319999 0.003344479
0.9323332 0.003344479
0.9323332 0.003344479
0.9326666 0.003344479
0.9326666 0.003344479
0.9326666 0.003344479
0.9333332 0.003344479
0.9336665 0.003344479
0.9336665 0.003344479
0.9336665 0.003344479
0.9339998 0.003344479
0.9343331 0.003344479
0.9346665 0.003344479
0.9349999 0.003344479
0.9349999 0.003344479
0.9353332 0.003344479
0.9353332 0.003344479
0.9353332 0.003678927
0.9353332 0.003678927
0.9356666 0.003678927
0.9363332 0.003678927
0.9363332 0.003678927
0.9363332 0.003678927
0.9363332 0.003678927
0.9363332 0.003678927
0.9363332 0.003678927
0.9363332 0.003678927
0.9363332 0.003678927
0.9363332 0.003678927
0.9363332 0.003678927
0.9363332 0.003678927
0.9363332 0.003678927
0.9363332 0.004013375
0.9363332 0.004013375
0.937 0.004347823
0.9376666 0.004347823
0.9376666 0.004347823
0.9379999 0.004347823
0.9379999 0.004347823
0.939 0.004347823
0.939 0.004347823
0.939 0.00468227
0.9393333 0.00468227
0.9393333 0.00468227
0.9393333 0.00468227
0.9393333 0.00468227
0.9393333 0.00468227
0.9393333 0.00468227
0.9396667 0.00468227
0.9403333 0.00468227
0.9409999 0.00468227
0.9416667 0.00468227
0.9416667 0.00468227
0.9416667 0.00468227
0.9416667 0.00468227
0.9416667 0.00468227
0.9416667 0.00468227
0.942 0.00468227
0.942 0.00468227
0.9423333 0.00468227
0.9426666 0.00468227
0.9426666 0.005016717
0.9426666 0.005016717
0.9426666 0.005351162
0.9426666 0.005351162
0.9429999 0.005351162
0.9429999 0.005351162
0.9429999 0.005351162
0.9429999 0.005351162
0.9433333 0.005351162
0.9436667 0.005351162
0.9443334 0.005351162
0.9443334 0.005351162
0.9443334 0.005351162
0.9443334 0.005351162
0.9443334 0.005351162
0.9443334 0.005351162
0.9450002 0.005351162
0.9450002 0.005351162
0.9450002 0.005351162
0.9453335 0.005351162
0.9453335 0.005351162
0.9453335 0.005351162
0.9453335 0.005351162
0.9453335 0.005351162
0.9453335 0.005351162
0.9453335 0.005685607
0.9456668 0.005685607
0.9463335 0.005685607
0.9463335 0.005685607
0.9466668 0.005685607
0.9470001 0.005685607
0.9470001 0.005685607
0.9470001 0.005685607
0.9476669 0.005685607
0.9483335 0.005685607
0.9490001 0.005685607
0.9490001 0.005685607
0.9490001 0.005685607
0.9490001 0.005685607
0.9490001 0.006020057
0.9496668 0.006020057
0.9496668 0.006020057
0.9500001 0.006020057
0.9500001 0.006354504
0.9500001 0.006354504
0.9500001 0.006354504
0.9500001 0.006354504
0.9500001 0.006354504
0.9500001 0.006354504
0.9506667 0.006354504
0.9506667 0.006354504
0.9510001 0.006354504
0.9510001 0.006688949
0.9516667 0.006688949
0.9516667 0.006688949
0.9516667 0.006688949
0.952 0.006688949
0.952 0.006688949
0.952 0.007023396
0.952 0.007023396
0.9526667 0.007023396
0.9526667 0.007023396
0.9526667 0.007023396
0.9526667 0.007023396
0.9530001 0.007023396
0.9533334 0.007023396
0.9533334 0.007023396
0.9533334 0.007023396
0.9536667 0.007023396
0.9536667 0.007023396
0.9536667 0.007023396
0.9536667 0.007023396
0.9536667 0.007023396
0.9540001 0.007023396
0.9543334 0.007023396
0.9543334 0.007023396
0.9543334 0.007023396
0.9543334 0.007023396
0.9546667 0.007023396
0.9546667 0.007023396
0.9546667 0.007023396
0.9553333 0.007023396
0.9556667 0.007023396
0.9560001 0.007023396
0.9563334 0.007023396
0.9563334 0.007023396
0.9563334 0.007357846
0.9563334 0.007357846
0.9566667 0.007357846
0.9566667 0.007357846
0.9566667 0.007357846
0.9566667 0.007357846
0.957 0.007357846
0.957 0.007357846
0.957 0.007357846
0.9573333 0.007692296
0.9573333 0.007692296
0.9576666 0.007692296
0.9576666 0.007692296
0.9576666 0.007692296
0.958 0.007692296
0.958 0.008026741
0.958 0.008026741
0.958 0.008026741
0.958 0.008026741
0.958 0.008026741
0.958 0.008026741
0.9583333 0.008026741
0.9583333 0.008026741
0.9583333 0.008026741
0.9586666 0.008026741
0.9586666 0.008026741
0.9589999 0.008026741
0.9593332 0.008026741
0.9593332 0.008026741
0.9593332 0.008026741
0.9593332 0.008026741
0.9593332 0.008026741
0.9593332 0.008026741
0.9593332 0.008026741
0.9593332 0.008026741
0.9596666 0.008026741
0.9596666 0.008026741
0.9596666 0.008026741
0.9596666 0.008026741
0.9596666 0.008026741
0.9596666 0.008026741
0.9596666 0.008026741
0.9596666 0.008026741
0.9596666 0.008026741
0.9596666 0.008361191
0.9596666 0.008695641
0.9596666 0.008695641
0.9596666 0.008695641
0.96 0.008695641
0.96 0.008695641
0.96 0.008695641
0.96 0.008695641
0.96 0.009030091
0.96 0.009030091
0.96 0.009030091
0.9606666 0.009364541
0.9609999 0.009364541
0.9613332 0.009364541
0.9613332 0.009364541
0.9613332 0.009364541
0.9613332 0.009364541
0.9616665 0.009364541
0.9616665 0.009364541
0.9616665 0.009364541
0.9616665 0.009364541
0.9616665 0.009364541
0.9616665 0.009364541
0.9616665 0.009364541
0.9616665 0.009364541
0.9616665 0.009364541
0.9616665 0.009364541
0.9619999 0.009364541
0.9619999 0.009698991
0.9619999 0.009698991
0.9619999 0.009698991
0.9619999 0.010033441
0.9619999 0.010033441
0.9619999 0.010033441
0.9623332 0.010033441
0.9623332 0.010033441
0.9626666 0.010033441
0.9626666 0.010033441
0.9633333 0.010367886
0.9636667 0.010367886
0.9636667 0.010367886
0.9636667 0.010702334
0.9636667 0.011371231
0.9636667 0.011371231
0.964 0.011705681
0.964 0.011705681
0.9643334 0.012040126
0.9646667 0.012040126
0.9646667 0.012040126
0.9646667 0.012040126
0.9646667 0.012040126
0.9646667 0.012040126
0.9646667 0.012040126
0.9646667 0.012040126
0.9646667 0.012040126
0.9646667 0.012040126
0.9646667 0.012040126
0.9646667 0.012374576
0.9646667 0.012374576
0.9646667 0.012374576
0.9646667 0.012374576
0.9653333 0.012374576
0.9653333 0.012709023
0.9653333 0.012709023
0.9653333 0.012709023
0.9653333 0.012709023
0.9653333 0.012709023
0.9656666 0.012709023
0.9656666 0.012709023
0.9656666 0.012709023
0.9656666 0.012709023
0.9656666 0.012709023
0.9656666 0.012709023
0.9656666 0.013043473
0.9656666 0.013043473
0.9656666 0.013043473
0.9656666 0.013043473
0.9656666 0.013043473
0.9659999 0.013043473
0.9663332 0.013377918
0.9663332 0.013377918
0.9663332 0.013377918
0.9663332 0.013377918
0.9666666 0.013377918
0.9666666 0.013377918
0.9666666 0.013712368
0.9666666 0.013712368
0.9666666 0.013712368
0.9676666 0.013712368
0.9676666 0.013712368
0.9676666 0.013712368
0.9676666 0.013712368
0.9676666 0.013712368
0.968 0.013712368
0.9686666 0.013712368
0.969 0.013712368
0.9693334 0.013712368
0.9700001 0.014046818
0.9700001 0.014046818
0.9700001 0.014046818
0.9706667 0.014046818
0.971 0.014046818
0.971 0.014046818
0.971 0.014046818
0.971 0.014046818
0.9713333 0.014381258
0.9713333 0.014381258
0.9716667 0.014381258
0.9716667 0.014381258
0.9716667 0.014381258
0.9716667 0.014381258
0.972 0.014381258
0.972 0.014381258
0.9723334 0.014381258
0.9723334 0.014381258
0.9723334 0.014381258
0.9723334 0.014381258
0.9723334 0.014715708
0.9723334 0.015050158
0.9723334 0.015050158
0.9726667 0.015050158
0.9726667 0.015050158
0.9726667 0.015050158
0.9726667 0.015050158
0.9730001 0.015050158
0.9730001 0.015384606
0.9733335 0.015384606
0.9733335 0.015384606
0.9733335 0.015384606
0.9733335 0.015384606
0.9733335 0.015384606
0.9733335 0.015384606
0.9733335 0.015384606
0.9733335 0.015384606
0.9733335 0.015384606
0.9733335 0.015384606
0.9740001 0.015384606
0.9740001 0.015384606
0.9743334 0.015384606
0.9743334 0.015384606
0.9743334 0.015384606
0.9743334 0.015384606
0.9746667 0.015719056
0.9746667 0.015719056
0.9746667 0.016053506
0.9746667 0.016053506
0.9750001 0.016053506
0.9750001 0.016053506
0.9750001 0.016053506
0.9753334 0.016053506
0.9756667 0.016053506
0.9756667 0.016053506
0.9756667 0.0167224
0.9756667 0.0167224
0.9763334 0.0167224
0.9763334 0.0167224
0.9763334 0.0167224
0.9763334 0.0167224
0.9763334 0.0167224
0.9766667 0.0167224
0.9766667 0.01705685
0.9766667 0.017725745
0.9766667 0.017725745
0.9766667 0.017725745
0.9766667 0.017725745
0.9766667 0.017725745
0.9766667 0.017725745
0.9766667 0.017725745
0.9766667 0.017725745
0.9766667 0.017725745
0.977 0.017725745
0.977 0.017725745
0.977 0.017725745
0.977 0.017725745
0.977 0.018060195
0.977 0.018394645
0.977 0.018729095
0.977 0.018729095
0.977 0.018729095
0.977 0.018729095
0.977 0.018729095
0.977 0.018729095
0.977 0.018729095
0.977 0.018729095
0.977 0.019063545
0.9773333 0.019063545
0.9776667 0.019063545
0.978 0.019063545
0.978 0.019063545
0.9783333 0.019397995
0.9783333 0.019397995
0.9786667 0.019397995
0.9786667 0.019397995
0.9786667 0.019397995
0.9786667 0.019397995
0.9786667 0.019397995
0.9786667 0.019397995
0.9786667 0.019397995
0.9786667 0.019397995
0.9786667 0.019397995
0.979 0.019732445
0.9793333 0.020066895
0.9796667 0.020066895
0.9796667 0.020066895
0.9803334 0.020066895
0.9806667 0.020066895
0.9806667 0.020066895
0.9806667 0.020066895
0.9806667 0.020066895
0.9813334 0.020401345
0.9813334 0.021070245
0.9813334 0.021070245
0.9813334 0.021070245
0.9813334 0.021070245
0.9813334 0.021070245
0.9813334 0.021070245
0.9813334 0.021070245
0.9813334 0.021070245
0.9813334 0.021070245
0.9813334 0.021070245
0.9813334 0.021070245
0.9816667 0.021070245
0.9816667 0.021070245
0.9816667 0.021070245
0.9816667 0.021070245
0.9816667 0.021404695
0.9816667 0.021404695
0.9816667 0.021404695
0.9816667 0.021404695
0.9816667 0.021404695
0.9816667 0.021404695
0.9816667 0.021404695
0.9816667 0.021404695
0.9823333 0.021404695
0.9823333 0.021739135
0.9823333 0.021739135
0.9823333 0.022073585
0.9823333 0.022073585
0.9823333 0.022073585
0.9823333 0.022073585
0.9826666 0.022073585
0.9826666 0.022073585
0.983 0.022073585
0.983 0.022408035
0.9833333 0.022742485
0.9833333 0.022742485
0.9833333 0.022742485
0.9836667 0.022742485
0.9836667 0.023076925
0.9836667 0.023076925
0.9836667 0.023076925
0.9836667 0.023076925
0.9836667 0.023076925
0.9836667 0.023076925
0.984 0.023076925
0.984 0.023076925
0.984 0.023076925
0.984 0.023076925
0.984 0.023411375
0.984 0.023411375
0.9843333 0.023411375
0.9843333 0.023411375
0.9843333 0.02374582
0.9843333 0.02374582
0.9846666 0.02374582
0.9846666 0.02374582
0.9853332 0.02374582
0.9853332 0.02374582
0.9853332 0.02374582
0.9853332 0.02408027
0.9853332 0.02408027
0.9853332 0.02408027
0.9856665 0.02408027
0.9856665 0.02441472
0.9856665 0.02441472
0.9856665 0.02474916
0.9856665 0.02474916
0.9856665 0.02508361
0.9856665 0.02508361
0.9856665 0.02508361
0.9856665 0.02508361
0.9856665 0.02508361
0.9856665 0.02508361
0.9856665 0.02541806
0.9859999 0.02541806
0.9859999 0.02541806
0.9859999 0.02575251
0.9859999 0.02575251
0.9859999 0.02608696
0.9859999 0.0264214
0.9859999 0.0264214
0.9859999 0.0264214
0.9859999 0.0264214
0.9859999 0.0264214
0.9859999 0.0264214
0.9859999 0.0264214
0.9863333 0.0264214
0.9866667 0.0264214
0.9866667 0.02675585
0.9866667 0.02675585
0.9866667 0.02675585
0.9866667 0.02675585
0.9866667 0.02675585
0.9866667 0.02675585
0.9866667 0.02675585
0.9866667 0.0270903
0.9866667 0.0270903
0.9866667 0.02742475
0.9866667 0.02742475
0.9866667 0.02742475
0.9866667 0.02742475
0.9866667 0.02742475
0.9866667 0.02742475
0.9866667 0.0277592
0.9866667 0.0277592
0.9866667 0.0277592
0.9866667 0.0277592
0.9866667 0.02809365
0.9866667 0.02809365
0.9866667 0.02809365
0.9866667 0.02809365
0.9866667 0.02809365
0.9866667 0.02809365
0.9866667 0.02809365
0.9866667 0.02809365
0.9866667 0.02809365
0.9866667 0.02809365
0.9866667 0.0284281
0.9866667 0.02876255
0.987 0.029097
0.987 0.029097
0.987 0.029097
0.987 0.029097
0.9873334 0.029097
0.9873334 0.029097
0.9873334 0.029097
0.9873334 0.029097
0.9873334 0.029097
0.9876668 0.029097
0.9876668 0.029097
0.9876668 0.02976589
0.9880001 0.02976589
0.9880001 0.02976589
0.9880001 0.02976589
0.9880001 0.03010034
0.9880001 0.03043479
0.9880001 0.03043479
0.9880001 0.03043479
0.9880001 0.03043479
0.9880001 0.03043479
0.9880001 0.03043479
0.9880001 0.03043479
0.9880001 0.03043479
0.9883334 0.03043479
0.9883334 0.03043479
0.9883334 0.03043479
0.9883334 0.03043479
0.9883334 0.03043479
0.9883334 0.03043479
0.9883334 0.03043479
0.9883334 0.03076924
0.9886668 0.03076924
0.9886668 0.03076924
0.9886668 0.03076924
0.9886668 0.03110369
0.9886668 0.03143814
0.9886668 0.03143814
0.9890001 0.03143814
0.9890001 0.03143814
0.9893334 0.03143814
0.9896667 0.03143814
0.9896667 0.03143814
0.9896667 0.03143814
0.99 0.03143814
0.99 0.03143814
0.99 0.03143814
0.99 0.03143814
0.99 0.03143814
0.99 0.03177259
0.99 0.03177259
0.99 0.03177259
0.99 0.03177259
0.99 0.03177259
0.99 0.03210704
0.9903333 0.03210704
0.9903333 0.03210704
0.9903333 0.03244149
0.9903333 0.03244149
0.9903333 0.03277594
0.9903333 0.03311038
0.9903333 0.03344483
0.9903333 0.03344483
0.9903333 0.03377927
0.9903333 0.03377927
0.9903333 0.03377927
0.9903333 0.03377927
0.9903333 0.03377927
0.9903333 0.03377927
0.9903333 0.03411371
0.9903333 0.03511706
0.9903333 0.0354515
0.9903333 0.0354515
0.9903333 0.0354515
0.9903333 0.0361204
0.9903333 0.0361204
0.9903333 0.03645485
0.9903333 0.03678929
0.9903333 0.03678929
0.9903333 0.03678929
0.9903333 0.03712374
0.9903333 0.03712374
0.9903333 0.03712374
0.9903333 0.03712374
0.9903333 0.03712374
0.9903333 0.03712374
0.9906666 0.03712374
0.9906666 0.03712374
0.9906666 0.03712374
0.9906666 0.03745819
0.9909999 0.03779264
0.9909999 0.03779264
0.9909999 0.03779264
0.9913332 0.03812709
0.9913332 0.03812709
0.9916666 0.03812709
0.9916666 0.03846154
0.9916666 0.03846154
0.9916666 0.03879599
0.9919999 0.03913044
0.9923333 0.03946489
0.9923333 0.03946489
0.9923333 0.03946489
0.9923333 0.03979934
0.9923333 0.03979934
0.9923333 0.03979934
0.9923333 0.04013379
0.9923333 0.04013379
0.9923333 0.04013379
0.9923333 0.04013379
0.9923333 0.04046823
0.9923333 0.04046823
0.9923333 0.04046823
0.9923333 0.04046823
0.9923333 0.04046823
0.9923333 0.04046823
0.9926667 0.04046823
0.993 0.04046823
0.993 0.04046823
0.993 0.04046823
0.9933334 0.04046823
0.9933334 0.04046823
0.9933334 0.04046823
0.9933334 0.04046823
0.9933334 0.04046823
0.9933334 0.04046823
0.9933334 0.04080268
0.9933334 0.04080268
0.9933334 0.04113713
0.9933334 0.04113713
0.9933334 0.04113713
0.9933334 0.04113713
0.9936667 0.04147157
0.9936667 0.04180602
0.9940001 0.04214046
0.9940001 0.04214046
0.9940001 0.04214046
0.9940001 0.04247491
0.9940001 0.04280935
0.9940001 0.04280935
0.9943335 0.04280935
0.9943335 0.04280935
0.9943335 0.0431438
0.9943335 0.0431438
0.9943335 0.0431438
0.9943335 0.0431438
0.9943335 0.0431438
0.9943335 0.0431438
0.9943335 0.04347825
0.9943335 0.0438127
0.9943335 0.0438127
0.9943335 0.0438127
0.9943335 0.0438127
0.9943335 0.04414715
0.9943335 0.04414715
0.9943335 0.0444816
0.9943335 0.0444816
0.9946668 0.0444816
0.9946668 0.04481605
0.9946668 0.04481605
0.9950001 0.04481605
0.9950001 0.04481605
0.9950001 0.04481605
0.9950001 0.04481605
0.9950001 0.0451505
0.9950001 0.04548495
0.9950001 0.04548495
0.9950001 0.04548495
0.9950001 0.04615385
0.9950001 0.04615385
0.9950001 0.04615385
0.9950001 0.04615385
0.9950001 0.04615385
0.9950001 0.0464883
0.9950001 0.04682275
0.9950001 0.04682275
0.9950001 0.04682275
0.9950001 0.0471572
0.9950001 0.0471572
0.9950001 0.04749165
0.9950001 0.04749165
0.9950001 0.04749165
0.9950001 0.0478261
0.9950001 0.0478261
0.9950001 0.0478261
0.9950001 0.0478261
0.9950001 0.0478261
0.9950001 0.04816055
0.9950001 0.04882945
0.9950001 0.04882945
0.9950001 0.04882945
0.9950001 0.04916389
0.9950001 0.04916389
0.9950001 0.04916389
0.9950001 0.04949833
0.9950001 0.05016723
0.9950001 0.05050167
0.9950001 0.05150502
0.9950001 0.05183947
0.9950001 0.05183947
0.9950001 0.05217392
0.9950001 0.05250836
0.9950001 0.05284281
0.9950001 0.05284281
0.9950001 0.05317726
0.9950001 0.05317726
0.9950001 0.05317726
0.9950001 0.0535117
0.9950001 0.0535117
0.9950001 0.0535117
0.9953334 0.0535117
0.9953334 0.0535117
0.9953334 0.0535117
0.9953334 0.0535117
0.9953334 0.05384615
0.9953334 0.05418059
0.9953334 0.05418059
0.9953334 0.05418059
0.9953334 0.05451504
0.9953334 0.05451504
0.9953334 0.05484949
0.9953334 0.05484949
0.9953334 0.05484949
0.9953334 0.05484949
0.9953334 0.05484949
0.9953334 0.05484949
0.9953334 0.05484949
0.9953334 0.05484949
0.9953334 0.05551839
0.9953334 0.05585284
0.9953334 0.05585284
0.9953334 0.05585284
0.9953334 0.05585284
0.9956667 0.05585284
0.9956667 0.05585284
0.9956667 0.05585284
0.9956667 0.05585284
0.996 0.05585284
0.996 0.05585284
0.996 0.05652174
0.996 0.05652174
0.996 0.05652174
0.996 0.05652174
0.996 0.05685619
0.996 0.05719063
0.996 0.05752508
0.996 0.05752508
0.996 0.05752508
0.996 0.05785953
0.996 0.05785953
0.996 0.05785953
0.996 0.05819397
0.996 0.05819397
0.996 0.05819397
0.996 0.05819397
0.996 0.05852842
0.996 0.05886287
0.996 0.05919732
0.996 0.05986622
0.996 0.06086955
0.996 0.06086955
0.996 0.06086955
0.996 0.06086955
0.996 0.06086955
0.996 0.061204
0.996 0.061204
0.996 0.06153845
0.996 0.06153845
0.996 0.06153845
0.996 0.06153845
0.996 0.06153845
0.996 0.0618729
0.996 0.06220735
0.996 0.06220735
0.996 0.0625418
0.996 0.06287625
0.996 0.06287625
0.996 0.06321069
0.996 0.06321069
0.996 0.06321069
0.996 0.06321069
0.996 0.06321069
0.996 0.06354514
0.996 0.06354514
0.996 0.06387959
0.996 0.06387959
0.996 0.06387959
0.996 0.06488294
0.996 0.06488294
0.996 0.06488294
0.996 0.06521739
0.996 0.06555184
0.996 0.06555184
0.996 0.06555184
0.996 0.06555184
0.996 0.06555184
0.996 0.06555184
0.996 0.06555184
0.996 0.06622074
0.996 0.06622074
0.9963334 0.06622074
0.997 0.06722408
0.997 0.06755852
0.997 0.06789297
0.997 0.06789297
0.997 0.06822742
0.997 0.06822742
0.997 0.06822742
0.997 0.06822742
0.997 0.06822742
0.997 0.06822742
0.997 0.06923076
0.997 0.06956521
0.997 0.06956521
0.997 0.06956521
0.997 0.06989966
0.9973333 0.07056856
0.9973333 0.07090301
0.9973333 0.07090301
0.9973333 0.07157191
0.9973333 0.07157191
0.9973333 0.07224081
0.9973333 0.07257526
0.9973333 0.07257526
0.9973333 0.07257526
0.9973333 0.07290971
0.9973333 0.07290971
0.9973333 0.07290971
0.9973333 0.07324416
0.9973333 0.07324416
0.9973333 0.07324416
0.9973333 0.07324416
0.9973333 0.0735786
0.9973333 0.07391305
0.9973333 0.07391305
0.9973333 0.07391305
0.9973333 0.07424749
0.9973333 0.07458194
0.9973333 0.07558528
0.9973333 0.07591973
0.9973333 0.07591973
0.9973333 0.07591973
0.9973333 0.07591973
0.9973333 0.07591973
0.9973333 0.07591973
0.9973333 0.07625418
0.9973333 0.07658863
0.9973333 0.07658863
0.9973333 0.07658863
0.9973333 0.07658863
0.9973333 0.07692308
0.9973333 0.07692308
0.9973333 0.07692308
0.9973333 0.07792638
0.9976666 0.07792638
0.9976666 0.07826083
0.9976666 0.07859527
0.9976666 0.07859527
0.9976666 0.07859527
0.9976666 0.07859527
0.9976666 0.07892967
0.9976666 0.07892967
0.9976666 0.07926411
0.9976666 0.07926411
0.9976666 0.07926411
0.9976666 0.07959856
0.9976666 0.07959856
0.9976666 0.07993301
0.9976666 0.07993301
0.9976666 0.08060201
0.9976666 0.08060201
0.9976666 0.08060201
0.9976666 0.08093646
0.9976666 0.0812709
0.9976666 0.0816053
0.9976666 0.0816053
0.9976666 0.0816053
0.9976666 0.08193975
0.9976666 0.0822742
0.9976666 0.08260865
0.9976666 0.08260865
0.9976666 0.08260865
0.9976666 0.083612
0.9976666 0.0842809
0.9976666 0.0842809
0.9976666 0.08461535
0.9976666 0.08461535
0.9976666 0.08561868
0.9976666 0.08561868
0.9976666 0.08561868
0.9976666 0.08662198
0.9976666 0.08695643
0.9976666 0.08695643
0.9976666 0.08695643
0.9976666 0.08695643
0.9976666 0.08695643
0.9976666 0.08695643
0.9976666 0.08729083
0.9976666 0.08729083
0.9976666 0.08729083
0.9976666 0.08729083
0.9976666 0.08729083
0.9976666 0.08829423
0.9976666 0.08862868
0.9976666 0.08862868
0.9976666 0.08862868
0.9976666 0.08862868
0.9976666 0.08862868
0.9976666 0.08862868
0.9976666 0.08896313
0.9976666 0.08929758
0.9976666 0.08929758
0.9976666 0.08929758
0.9976666 0.08929758
0.9976666 0.08963208
0.9976666 0.08963208
0.9976666 0.09030098
0.9976666 0.09030098
0.9976666 0.09063543
0.9976666 0.09096983
0.9976666 0.09130428
0.9976666 0.09163873
0.9976666 0.09163873
0.9976666 0.09163873
0.9976666 0.09163873
0.9976666 0.09197323
0.9976666 0.09197323
0.9976666 0.09264203
0.9976666 0.09264203
0.9976666 0.09264203
0.9976666 0.09264203
0.9976666 0.09264203
0.9976666 0.09297653
0.9976666 0.09364538
0.9976666 0.09364538
0.9976666 0.09364538
0.9976666 0.09364538
0.9976666 0.09364538
0.9976666 0.09364538
0.9976666 0.09364538
0.9976666 0.09364538
0.9976666 0.09397988
0.9976666 0.09498318
0.9976666 0.09498318
0.9976666 0.09498318
0.9976666 0.09598657
0.9976666 0.09598657
0.9976666 0.09598657
0.9976666 0.09598657
0.9976666 0.09598657
0.9976666 0.09632097
0.9976666 0.09665542
0.9976666 0.09732436
0.9976666 0.09732436
0.9976666 0.09765876
0.9976666 0.09799326
0.9976666 0.09866206
0.9976666 0.09899656
0.9976666 0.09933106
0.9976666 0.09933106
0.9976666 0.09933106
0.9976666 0.09966546
0.9976666 0.09966546
0.9976666 0.09999991
0.9976666 0.09999991
0.9976666 0.10033436
0.9976666 0.10033436
0.9976666 0.10033436
0.9976666 0.10100321
0.9976666 0.10100321
0.9976666 0.10167211
0.9976666 0.10167211
0.9976666 0.10167211
0.9976666 0.10167211
0.9976666 0.10200656
0.9976666 0.10200656
0.9976666 0.10200656
0.9976666 0.10200656
0.9976666 0.10234106
0.9976666 0.10300996
0.9976666 0.10300996
0.9976666 0.10334441
0.9976666 0.10367891
0.9976666 0.10401341
0.9976666 0.10434781
0.9976666 0.10468226
0.9976666 0.10501666
0.9976666 0.10535116
0.9976666 0.10601996
0.9976666 0.10601996
0.9976666 0.10635446
0.9976666 0.10702336
0.9976666 0.10702336
0.9976666 0.10735786
0.9976666 0.10735786
0.9976666 0.10735786
0.9976666 0.10735786
0.9976666 0.10735786
0.9976666 0.10735786
0.9976666 0.10769236
0.9976666 0.10802681
0.9976666 0.10869575
0.9976666 0.10903015
0.9976666 0.1100335
0.9976666 0.1107023
0.9976666 0.11103675
0.9976666 0.11103675
0.9976666 0.11137115
0.9976666 0.1120401
0.9976666 0.1120401
0.9976666 0.1127089
0.9976666 0.1130433
0.9976666 0.1130433
0.9976666 0.1130433
0.9976666 0.1133777
0.9976666 0.1140467
0.9976666 0.1143812
0.9976666 0.1143812
0.9976666 0.11471565
0.9976666 0.11538455
0.9976666 0.11571895
0.9976666 0.11605345
0.9976666 0.11605345
0.9976666 0.11638785
0.9976666 0.11638785
0.9976666 0.11672235
0.9976666 0.11672235
0.9976666 0.11672235
0.9976666 0.11672235
0.9976666 0.11672235
0.9976666 0.1170568
0.9976666 0.1170568
0.9976666 0.1170568
0.9976666 0.1170568
0.9976666 0.1170568
0.9976666 0.1173913
0.9976666 0.1173913
0.9976666 0.1180601
0.9976666 0.1183945
0.9976666 0.1183945
0.9976666 0.1183945
0.9976666 0.1183945
0.9976666 0.1187289
0.9976666 0.1190633
0.9976666 0.1190633
0.9976666 0.1190633
0.9976666 0.1193978
0.9976666 0.1193978
0.9976666 0.1197322
0.9976666 0.1197322
0.9976666 0.1197322
0.998 0.1200667
0.998 0.1210701
0.998 0.1217391
0.998 0.1220735
0.998 0.12240795
0.998 0.1227424
0.998 0.1230769
0.998 0.1234113
0.998 0.1234113
0.998 0.1234113
0.998 0.1237458
0.998 0.1240803
0.998 0.12508365
0.998 0.12541805
0.998 0.12575245
0.998 0.1267559
0.998 0.1270903
0.998 0.1277591
0.998 0.1280936
0.998 0.1280936
0.998 0.128428
0.998 0.1294314
0.998 0.1294314
0.998 0.1297658
0.998 0.1301002
0.998 0.1304347
0.998 0.1307692
0.998 0.1307692
0.998 0.1314381
0.998 0.1317725
0.998 0.132107
0.998 0.1324414
0.998 0.1327759
0.998 0.1331103
0.998 0.1331103
0.998 0.1331103
0.998 0.1334448
0.998 0.1341137
0.998 0.1341137
0.998 0.1341137
0.998 0.1344481
0.998 0.1344481
0.998 0.1344481
0.998 0.1347825
0.998 0.1347825
0.998 0.135117
0.998 0.1354514
0.998 0.1354514
0.998 0.1367893
0.998 0.1371237
0.998 0.1377926
0.998 0.1384615
0.998 0.138796
0.998 0.138796
0.998 0.138796
0.998 0.1391305
0.998 0.1397993
0.9983334 0.1397993
0.9983334 0.1401338
0.9983334 0.1404682
0.9983334 0.1408026
0.9983334 0.1408026
0.9983334 0.1408026
0.9983334 0.1411371
0.9983334 0.1411371
0.9983334 0.1411371
0.9983334 0.1411371
0.9983334 0.1411371
0.9983334 0.1421405
0.9983334 0.1421405
0.9983334 0.1428095
0.9983334 0.1428095
0.9983334 0.1431439
0.9983334 0.1438128
0.9983334 0.1438128
0.9983334 0.1448162
0.9983334 0.1448162
0.9983334 0.1448162
0.9983334 0.1454852
0.9983334 0.1471574
0.9983334 0.1481607
0.9983334 0.1484951
0.9983334 0.1494984
0.9983334 0.1498329
0.9983334 0.1501674
0.9983334 0.1511707
0.9983334 0.1515051
0.9983334 0.1515051
0.9983334 0.152174
0.9983334 0.1528428
0.9983334 0.1535116
0.9983334 0.1545149
0.9983334 0.1545149
0.9983334 0.1555183
0.9983334 0.1555183
0.9983334 0.1558527
0.9983334 0.1561872
0.9983334 0.1561872
0.9983334 0.1565217
0.9983334 0.1565217
0.9983334 0.1568562
0.9983334 0.1571907
0.9983334 0.1581942
0.9983334 0.1585286
0.9983334 0.158863
0.9983334 0.158863
0.9983334 0.1591974
0.9983334 0.1595318
0.9983334 0.1595318
0.9983334 0.1598662
0.9983334 0.1598662
0.9983334 0.1598662
0.9983334 0.1602006
0.9983334 0.1602006
0.9983334 0.160535
0.9983334 0.1608695
0.9983334 0.1608695
0.9983334 0.1612039
0.9983334 0.1612039
0.9983334 0.1615384
0.9983334 0.1615384
0.9983334 0.1618729
0.9983334 0.1622073
0.9983334 0.1622073
0.9983334 0.1628762
0.9983334 0.1632107
0.9983334 0.1635451
0.9983334 0.164214
0.9983334 0.164883
0.9983334 0.1652174
0.9983334 0.1652174
0.9983334 0.1652174
0.9983334 0.1655519
0.9983334 0.1655519
0.9983334 0.1658864
0.9983334 0.1662208
0.9983334 0.1665553
0.9983334 0.1675586
0.9983334 0.1682275
0.9983334 0.1688963
0.9983334 0.1688963
0.9983334 0.1688963
0.9983334 0.1692307
0.9983334 0.1695652
0.9983334 0.1695652
0.9983334 0.1695652
0.9983334 0.1695652
0.9983334 0.1702342
0.9983334 0.170903
0.9983334 0.1712374
0.9983334 0.1712374
0.9983334 0.1719063
0.9983334 0.1722408
0.9983334 0.1729097
0.9983334 0.1729097
0.9983334 0.1735787
0.9983334 0.1735787
0.9983334 0.1739132
0.9983334 0.1749164
0.9983334 0.1749164
0.9983334 0.1759198
0.9983334 0.1762542
0.9983334 0.1765887
0.9983334 0.1765887
0.9983334 0.1772576
0.9983334 0.1782608
0.9983334 0.1782608
0.9983334 0.1785953
0.9983334 0.1785953
0.9983334 0.1789298
0.9983334 0.1792643
0.9983334 0.1795987
0.9983334 0.1802677
0.9983334 0.1802677
0.9983334 0.1802677
0.9983334 0.1809366
0.9983334 0.1809366
0.9983334 0.1816055
0.9983334 0.18194
0.9983334 0.1822745
0.9986668 0.1822745
0.9986668 0.1822745
0.9986668 0.1822745
0.9986668 0.1822745
0.9986668 0.1826089
0.9986668 0.1832777
0.9986668 0.1836122
0.9986668 0.1842811
0.9986668 0.1842811
0.9986668 0.1842811
0.9986668 0.1842811
0.9986668 0.1859532
0.9986668 0.186622
0.9986668 0.186622
0.9986668 0.186622
0.9986668 0.1872909
0.9986668 0.1882942
0.9986668 0.1886287
0.9986668 0.1886287
0.9986668 0.1896321
0.9986668 0.1896321
0.9986668 0.1899665
0.9986668 0.1899665
0.9986668 0.190301
0.9986668 0.190301
0.9986668 0.1906354
0.9986668 0.1913043
0.9986668 0.1916387
0.9986668 0.1926421
0.9986668 0.1929765
0.9986668 0.1936454
0.9986668 0.1939799
0.9986668 0.1943143
0.9986668 0.1946488
0.9986668 0.1956521
0.9986668 0.1956521
0.9986668 0.1959866
0.9986668 0.1963211
0.9986668 0.1973243
0.9986668 0.1979933
0.9986668 0.1983277
0.9986668 0.1986621
0.9986668 0.199331
0.9986668 0.1996655
0.9986668 0.1996655
0.9986668 0.2
0.9986668 0.2003344
0.9986668 0.2003344
0.9986668 0.2016722
0.9986668 0.2016722
0.9986668 0.2016722
0.9986668 0.2026755
0.9986668 0.20301
0.9986668 0.2040133
0.9986668 0.2046822
0.9986668 0.2050167
0.9986668 0.2053511
0.9986668 0.2066888
0.9986668 0.2066888
0.9986668 0.2073577
0.9986668 0.2076922
0.9986668 0.208361
0.9986668 0.208361
0.9986668 0.2086955
0.9986668 0.2093645
0.9986668 0.2100335
0.9986668 0.2100335
0.9986668 0.2100335
0.9986668 0.2100335
0.9986668 0.2103679
0.9986668 0.2103679
0.9986668 0.2103679
0.9986668 0.2107024
0.9986668 0.2113712
0.9986668 0.2117056
0.9986668 0.21204
0.9986668 0.2123745
0.9986668 0.2130434
0.9986668 0.2130434
0.9986668 0.2133779
0.9986668 0.2133779
0.9986668 0.2133779
0.9986668 0.2137123
0.9986668 0.2140467
0.9986668 0.2147156
0.9986668 0.2153844
0.9986668 0.2160533
0.9986668 0.2167222
0.9986668 0.2170567
0.9986668 0.2183945
0.9986668 0.2183945
0.9986668 0.2197323
0.9986668 0.2207357
0.9986668 0.2210701
0.9986668 0.2214045
0.9986668 0.221739
0.9986668 0.221739
0.9986668 0.2220735
0.9986668 0.2234114
0.9986668 0.2240802
0.9986668 0.2257523
0.9986668 0.2257523
0.9986668 0.2257523
0.9986668 0.2264213
0.9986668 0.2267558
0.9986668 0.2270903
0.9986668 0.2270903
0.9986668 0.2277592
0.9986668 0.2277592
0.9986668 0.2284281
0.9986668 0.2287626
0.9986668 0.2287626
0.9986668 0.2287626
0.9986668 0.229097
0.9986668 0.2301004
0.9986668 0.2307693
0.9986668 0.2311038
0.9986668 0.232107
0.9986668 0.2324415
0.9986668 0.232776
0.9986668 0.232776
0.9986668 0.2331105
0.9986668 0.2337793
0.9986668 0.2344483
0.9986668 0.2347827
0.9986668 0.2351171
0.9986668 0.2357859
0.9986668 0.2364549
0.9986668 0.2364549
0.9986668 0.2371239
0.9986668 0.2371239
0.9986668 0.2377927
0.9986668 0.2377927
0.9986668 0.2381271
0.9986668 0.2384615
0.9986668 0.2384615
0.9986668 0.238796
0.9986668 0.2391304
0.9986668 0.2391304
0.9986668 0.2404683
0.9986668 0.2411372
0.9986668 0.2418061
0.9986668 0.2418061
0.9986668 0.2418061
0.9986668 0.2428094
0.9986668 0.2428094
0.9986668 0.2428094
0.9986668 0.2434783
0.9986668 0.2441471
0.9986668 0.2444815
0.9986668 0.2444815
0.9986668 0.2451504
0.9986668 0.2454849
0.9986668 0.2464883
0.9986668 0.2471573
0.9986668 0.2471573
0.9986668 0.2478262
0.9986668 0.248495
0.9986668 0.2488295
0.9986668 0.2491639
0.9986668 0.2498329
0.9986668 0.2501674
0.9986668 0.2501674
0.9986668 0.2505018
0.9986668 0.2508363
0.9986668 0.2515052
0.9986668 0.2515052
0.9986668 0.2518397
0.9986668 0.2521741
0.9986668 0.2521741
0.9986668 0.2525085
0.9986668 0.2535119
0.9986668 0.2541807
0.9986668 0.2551839
0.9986668 0.2558528
0.9986668 0.2568561
0.9986668 0.2568561
0.9986668 0.2568561
0.9986668 0.257525
0.9986668 0.2585283
0.9986668 0.2588628
0.9986668 0.2591973
0.9986668 0.2591973
0.9986668 0.2595318
0.9986668 0.261873
0.9986668 0.2622075
0.9986668 0.2628763
0.9986668 0.2628763
0.9986668 0.2632108
0.9986668 0.2638796
0.9986668 0.2645485
0.9986668 0.2652174
0.9986668 0.2655519
0.9986668 0.2665552
0.9986668 0.2665552
0.9986668 0.2678931
0.9986668 0.268562
0.9986668 0.2692308
0.9986668 0.2695652
0.9986668 0.2702341
0.9986668 0.2705686
0.9986668 0.272241
0.9986668 0.2725754
0.9986668 0.2729098
0.9986668 0.273913
0.9986668 0.2749164
0.9986668 0.2755852
0.9986668 0.2759197
0.9986668 0.2765887
0.9986668 0.2769231
0.9986668 0.2789299
0.9986668 0.2799331
0.9986668 0.2802675
0.9986668 0.2812709
0.9986668 0.2819398
0.9986668 0.2826087
0.9986668 0.2829431
0.9986668 0.2836119
0.9986668 0.2839464
0.9986668 0.2842809
0.9986668 0.2846153
0.9986668 0.2849497
0.9986668 0.2859531
0.9986668 0.2866221
0.9986668 0.287291
0.9986668 0.2876254
0.9986668 0.2879599
0.9986668 0.2886289
0.9986668 0.2892978
0.9986668 0.2899666
0.9986668 0.290301
0.9986668 0.2913043
0.9986668 0.2926421
0.9986668 0.2929766
0.9986668 0.2936454
0.9986668 0.2946487
0.9986668 0.2949832
0.9986668 0.2959865
0.9986668 0.296321
0.9986668 0.296321
0.9986668 0.2966554
0.9986668 0.2969899
0.9986668 0.2973244
0.9986668 0.2976588
0.9986668 0.2983277
0.9986668 0.2989967
0.9986668 0.2996656
0.9986668 0.3000001
0.9986668 0.3010033
0.9986668 0.3010033
0.9986668 0.3016722
0.9986668 0.3016722
0.9986668 0.3020067
0.9986668 0.3030101
0.9986668 0.3030101
0.9986668 0.3030101
0.9986668 0.303679
0.9986668 0.303679
0.9986668 0.3040134
0.9986668 0.3040134
0.9986668 0.3046823
0.9986668 0.3046823
0.9986668 0.3046823
0.9986668 0.3050167
0.9986668 0.3056855
0.9990001 0.30602
0.9990001 0.3063544
0.9990001 0.3066888
0.9990001 0.3080266
0.9990001 0.3086956
0.9990001 0.3086956
0.9990001 0.309699
0.9990001 0.309699
0.9990001 0.3100335
0.9993334 0.3107024
0.9993334 0.3120402
0.9993334 0.312709
0.9993334 0.3140468
0.9993334 0.3147158
0.9993334 0.3147158
0.9993334 0.3147158
0.9993334 0.3153847
0.9993334 0.3160537
0.9993334 0.3163881
0.9993334 0.317057
0.9993334 0.3183948
0.9993334 0.3190637
0.9993334 0.3197326
0.9993334 0.3207359
0.9993334 0.3210703
0.9993334 0.3210703
0.9993334 0.3214047
0.9993334 0.3220735
0.9993334 0.3234113
0.9993334 0.3240802
0.9993334 0.3244146
0.9993334 0.3247491
0.9993334 0.3254181
0.9993334 0.3254181
0.9993334 0.3257526
0.9993334 0.3260871
0.9993334 0.3264215
0.9993334 0.3274248
0.9993334 0.3280937
0.9993334 0.3287626
0.9993334 0.3294315
0.9993334 0.3301004
0.9993334 0.3304348
0.9993334 0.3307693
0.9993334 0.3314383
0.9993334 0.3321072
0.9993334 0.3331105
0.9993334 0.3331105
0.9993334 0.3337794
0.9993334 0.3341138
0.9993334 0.3351171
0.9996667 0.3357859
0.9996667 0.3367893
0.9996667 0.3371237
0.9996667 0.3374581
0.9996667 0.3377926
0.9996667 0.3381271
0.9996667 0.3384616
0.9996667 0.338796
0.9996667 0.3394649
0.9996667 0.3404681
0.9996667 0.3414715
0.9996667 0.3424748
0.9996667 0.3424748
0.9996667 0.3424748
0.9996667 0.3434782
0.9996667 0.3434782
0.9996667 0.3438127
0.9996667 0.3448161
0.9996667 0.3451505
1 0.3451505
1 0.345485
1 0.3461538
1 0.3468228
1 0.3471572
1 0.3471572
1 0.3474916
1 0.3481605
1 0.3491639
1 0.3494984
1 0.3505017
1 0.3508362
1 0.351505
1 0.351505
1 0.3531774
1 0.3541807
1 0.3561873
1 0.3568563
1 0.3568563
1 0.3568563
1 0.3578597
1 0.3585286
1 0.3588631
1 0.3588631
1 0.3591975
1 0.3598664
1 0.3605353
1 0.3622076
1 0.3638796
1 0.3645485
1 0.364883
1 0.3652175
1 0.3655519
1 0.3655519
1 0.3662207
1 0.3665552
1 0.3672241
1 0.3678931
1 0.3688963
1 0.3692308
1 0.3695653
1 0.3695653
1 0.3702342
1 0.3712376
1 0.3722409
1 0.3725753
1 0.373913
1 0.373913
1 0.3749164
1 0.3755852
1 0.3769231
1 0.3769231
1 0.377592
1 0.3785953
1 0.3789297
1 0.3795986
1 0.3802675
1 0.3812709
1 0.3816054
1 0.3829432
1 0.3832776
1 0.383612
1 0.383612
1 0.383612
1 0.384281
1 0.3846154
1 0.3852844
1 0.3852844
1 0.3866221
1 0.3869565
1 0.3872909
1 0.3879598
1 0.3882943
1 0.3892975
1 0.3903009
1 0.3919732
1 0.392642
1 0.3933109
1 0.3939798
1 0.3946488
1 0.3946488
1 0.3946488
1 0.3953177
1 0.3953177
1 0.3953177
1 0.3953177
1 0.3953177
1 0.3966556
1 0.3969901
1 0.3969901
1 0.3979934
1 0.3993311
1 0.4
1 0.4003344
1 0.4003344
1 0.4006689
1 0.4010033
1 0.4016722
1 0.4020066
1 0.4026755
1 0.40301
1 0.4033444
1 0.4033444
1 0.4033444
1 0.4036788
1 0.4043478
1 0.4046823
1 0.4050167
1 0.4056856
1 0.4063544
1 0.4066888
1 0.4083612
1 0.4093646
1 0.409699
1 0.4107024
1 0.4117056
1 0.4123745
1 0.4123745
1 0.4130435
1 0.4140468
1 0.4153846
1 0.4157191
1 0.4157191
1 0.416388
1 0.417057
1 0.4183946
1 0.4193979
1 0.4197323
1 0.4204011
1 0.4214045
1 0.4224079
1 0.4230769
1 0.4234114
1 0.4244147
1 0.4250836
1 0.425418
1 0.4264214
1 0.4267559
1 0.4270903
1 0.4270903
1 0.4277592
1 0.4284281
1 0.4297659
1 0.4314381
1 0.432776
1 0.432776
1 0.4331104
1 0.4334448
1 0.4347827
1 0.4351171
1 0.4357861
1 0.4357861
1 0.436455
1 0.4371238
1 0.4377927
1 0.4381272
1 0.4387961
1 0.4391306
1 0.4397995
1 0.4404684
1 0.4414716
1 0.441806
1 0.4424748
1 0.4434783
1 0.4441471
1 0.4444816
1 0.4451505
1 0.4451505
1 0.4454849
1 0.4464882
1 0.4464882
1 0.4471571
1 0.4471571
1 0.4474916
1 0.4488294
1 0.4488294
1 0.4491638
1 0.4505016
1 0.4505016
1 0.4508361
1 0.4518395
1 0.4521739
1 0.4528428
1 0.4531772
1 0.454515
1 0.454515
1 0.4555183
1 0.4558528
1 0.4558528
1 0.4561873
1 0.4568562
1 0.4571906
1 0.458863
1 0.458863
1 0.4591974
1 0.4602007
1 0.461873
1 0.4628764
1 0.4632109
1 0.4635453
1 0.4642141
1 0.4658863
1 0.4662207
1 0.4675585
1 0.4682275
1 0.4685619
1 0.4695651
1 0.4698996
1 0.470234
1 0.4709029
1 0.4719062
1 0.4722406
1 0.4729096
1 0.4742475
1 0.4749164
1 0.4752509
1 0.4765888
1 0.4775921
1 0.4785954
1 0.4799331
1 0.4802676
1 0.4816055
1 0.4816055
1 0.4832775
1 0.4842809
1 0.4856187
1 0.4862876
1 0.4872909
1 0.4876253
1 0.4882942
1 0.4889632
1 0.4896321
1 0.4899666
1 0.4906354
1 0.4909699
1 0.4919733
1 0.4923078
1 0.493311
1 0.4936455
1 0.49398
1 0.494649
1 0.4949834
1 0.4953179
1 0.4956523
1 0.49699
1 0.4986622
1 0.4989966
1 0.4993311
1 0.5000001
1 0.5003345
1 0.5003345
1 0.5016723
1 0.5020068
1 0.5023412
1 0.5040133
1 0.5046822
1 0.5046822
1 0.5050167
1 0.5053512
1 0.5070233
1 0.5076922
1 0.5076922
1 0.5086955
1 0.50903
1 0.50903
1 0.5100334
1 0.5110366
1 0.5117055
1 0.51204
1 0.5127089
1 0.5133779
1 0.5140468
1 0.5150501
1 0.5163878
1 0.5163878
1 0.5167223
1 0.5167223
1 0.5173913
1 0.5183947
1 0.5183947
1 0.5183947
1 0.5187292
1 0.5190637
1 0.5193981
1 0.5207357
1 0.5217391
1 0.5220735
1 0.5224079
1 0.5230768
1 0.5237458
1 0.5244146
1 0.5250835
1 0.5257524
1 0.5260869
1 0.5264214
1 0.5267558
1 0.5274248
1 0.5284281
1 0.5290971
1 0.5301005
1 0.5311038
1 0.5317727
1 0.5321071
1 0.5324415
1 0.5334449
1 0.5334449
1 0.5341138
1 0.535117
1 0.5361204
1 0.5361204
1 0.5371239
1 0.5381271
1 0.5384615
1 0.5397993
1 0.5401338
1 0.541137
1 0.5414715
1 0.5421404
1 0.5421404
1 0.5434782
1 0.5438126
1 0.544816
1 0.544816
1 0.5451505
1 0.5454849
1 0.5454849
1 0.5454849
1 0.5461537
1 0.5464882
1 0.5468227
1 0.5474916
1 0.5494984
1 0.5494984
1 0.5501673
1 0.5508362
1 0.5515052
1 0.5525085
1 0.5528429
1 0.554515
1 0.5548495
1 0.5548495
1 0.5551839
1 0.5568561
1 0.5571905
1 0.5578594
1 0.5591973
1 0.5595317
1 0.5598662
1 0.5598662
1 0.5605351
1 0.5608696
1 0.561204
1 0.5625418
1 0.5635451
1 0.5638796
1 0.5645484
1 0.5652174
1 0.5652174
1 0.5655518
1 0.5655518
1 0.5658863
1 0.5662208
1 0.5665552
1 0.5675586
1 0.5682275
1 0.5692309
1 0.5702342
1 0.5702342
1 0.5705686
1 0.5712375
1 0.5719064
1 0.5729097
1 0.5729097
1 0.5735785
1 0.574582
1 0.5755852
1 0.5765885
1 0.5775919
1 0.5775919
1 0.5782609
1 0.5785953
1 0.5792642
1 0.5795986
1 0.5802675
1 0.5802675
1 0.5809363
1 0.5816052
1 0.5819397
1 0.5826086
1 0.5836119
1 0.5856187
1 0.5866221
1 0.5869565
1 0.5872909
1 0.5872909
1 0.5876254
1 0.5882942
1 0.5889631
1 0.5899664
1 0.5906354
1 0.5909699
1 0.5916387
1 0.5926421
1 0.593311
1 0.5936455
1 0.59398
1 0.5949833
1 0.5959867
1 0.5959867
1 0.5966555
1 0.5973245
1 0.5973245
1 0.5979933
1 0.5983278
1 0.6000001
1 0.600669
1 0.6010034
1 0.6020066
1 0.6023411
1 0.6026755
1 0.6030099
1 0.6030099
1 0.6036788
1 0.6036788
1 0.6046822
1 0.6056856
1 0.60602
1 0.60602
1 0.6063545
1 0.6083612
1 0.6090301
1 0.6107022
1 0.6117056
1 0.6123745
1 0.6130434
1 0.6137124
1 0.6137124
1 0.6137124
1 0.6143813
1 0.6147158
1 0.6150502
1 0.6157191
1 0.6157191
1 0.616388
1 0.6167225
1 0.6173914
1 0.6177258
1 0.6197325
1 0.6204014
1 0.6210704
1 0.6214048
1 0.6214048
1 0.6227424
1 0.6227424
1 0.6234114
1 0.6240802
1 0.6244147
1 0.6254181
1 0.6257525
1 0.6264215
1 0.6280936
1 0.6280936
1 0.6287625
1 0.6297658
1 0.6301002
1 0.6307692
1 0.6311036
1 0.6314381
1 0.6321069
1 0.6334449
1 0.6341138
1 0.6347828
1 0.6351172
1 0.6354516
1 0.635786
1 0.6364549
1 0.6371238
1 0.6377928
1 0.638796
1 0.6401338
1 0.6401338
1 0.6404682
1 0.6414716
1 0.641806
1 0.6434783
1 0.6438128
1 0.6438128
1 0.6444816
1 0.644816
1 0.644816
1 0.644816
1 0.6451504
1 0.6454848
1 0.6454848
1 0.6461537
1 0.6464882
1 0.6471572
1 0.6471572
1 0.6491639
1 0.6501672
1 0.6515051
1 0.6518395
1 0.6525084
1 0.6538463
1 0.6545151
1 0.6555185
1 0.6558529
1 0.6561873
1 0.6575251
1 0.6578595
1 0.6585284
1 0.6591973
1 0.6595318
1 0.660535
1 0.6608695
1 0.6615384
1 0.6625417
1 0.6628762
1 0.6632107
1 0.6635452
1 0.6645485
1 0.6648829
1 0.6648829
1 0.6655519
1 0.667224
1 0.667224
1 0.6675585
1 0.6675585
1 0.6682274
1 0.6682274
1 0.6692307
1 0.6698997
1 0.6702342
1 0.6709031
1 0.6715721
1 0.6719066
1 0.6719066
1 0.6735787
1 0.6755853
1 0.6755853
1 0.6765885
1 0.6765885
1 0.676923
1 0.6772574
1 0.6779263
1 0.6785952
1 0.6789296
1 0.6795986
1 0.6795986
1 0.6795986
1 0.6802676
1 0.6806021
1 0.6812709
1 0.6819397
1 0.6822742
1 0.6839465
1 0.684281
1 0.6849499
1 0.6849499
1 0.6856188
1 0.6869564
1 0.6872909
1 0.6876253
1 0.6879598
1 0.6882942
1 0.6886287
1 0.6899666
1 0.6906356
1 0.6906356
1 0.6906356
1 0.6913044
1 0.6913044
1 0.6913044
1 0.6916389
1 0.6916389
1 0.6919733
1 0.6923077
1 0.6923077
1 0.6923077
1 0.6926422
1 0.6926422
1 0.6933111
1 0.6939799
1 0.6953177
1 0.6963212
1 0.69699
1 0.6973245
1 0.6973245
1 0.6986623
1 0.6996656
1 0.7010034
1 0.7010034
1 0.7016723
1 0.7016723
1 0.7020068
1 0.7023412
1 0.7026756
1 0.7033444
1 0.7036789
1 0.7043479
1 0.7046824
1 0.7053512
1 0.7070234
1 0.7080267
1 0.7080267
1 0.7086955
1 0.7093645
1 0.7093645
1 0.7096989
1 0.7100333
1 0.7100333
1 0.7103677
1 0.7117056
1 0.7117056
1 0.7117056
1 0.71204
1 0.7123745
1 0.7123745
1 0.7133778
1 0.7140468
1 0.7143812
1 0.7150501
1 0.7157189
1 0.7163878
1 0.7163878
1 0.7163878
1 0.7167222
1 0.7177257
1 0.7183946
1 0.7190635
1 0.7193979
1 0.7197323
1 0.7204012
1 0.7214046
1 0.7220735
1 0.7230768
1 0.7237457
1 0.7240801
1 0.7244145
1 0.7247489
1 0.7254179
1 0.7254179
1 0.7260869
1 0.7264213
1 0.727759
1 0.7280935
1 0.7280935
1 0.7287625
1 0.7294313
1 0.7301002
1 0.7311035
1 0.7314379
1 0.7317724
1 0.7324414
1 0.7331102
1 0.7334447
1 0.7341136
1 0.7357858
1 0.7364547
1 0.7374581
1 0.7381271
1 0.7381271
1 0.7384615
1 0.7384615
1 0.7387959
1 0.7387959
1 0.7391304
1 0.7401338
1 0.7401338
1 0.7408027
1 0.7421405
1 0.7428094
1 0.7431439
1 0.7438127
1 0.7448161
1 0.7454849
1 0.7458194
1 0.7468227
1 0.7468227
1 0.7474916
1 0.7481605
1 0.748495
1 0.7494982
1 0.7494982
1 0.7498327
1 0.7505016
1 0.7525084
1 0.7528428
1 0.7531773
1 0.7538461
1 0.7548494
1 0.7551838
1 0.7555183
1 0.7558527
1 0.7558527
1 0.7558527
1 0.7558527
1 0.7565216
1 0.7571906
1 0.7575251
1 0.7578596
1 0.758194
1 0.7588628
1 0.7598661
1 0.760535
1 0.7615385
1 0.7625418
1 0.7628763
1 0.7632108
1 0.7632108
1 0.7632108
1 0.7638797
1 0.7645485
1 0.764883
1 0.7652174
1 0.7665551
1 0.7665551
1 0.767224
1 0.7678929
1 0.7682273
1 0.7688962
1 0.7692306
1 0.7698996
1 0.770903
1 0.7712374
1 0.7719062
1 0.7732441
1 0.773913
1 0.774582
1 0.774582
1 0.774582
1 0.7755853
1 0.7762543
1 0.7765888
1 0.777592
1 0.7779264
1 0.7782608
1 0.7789298
1 0.7795988
1 0.7802676
1 0.7802676
1 0.7802676
1 0.7802676
1 0.7816054
1 0.7829431
1 0.7832775
1 0.7836119
1 0.7846154
1 0.7846154
1 0.7849498
1 0.7859532
1 0.7862876
1 0.7869566
1 0.7879599
1 0.7879599
1 0.7879599
1 0.7886288
1 0.7892977
1 0.7892977
1 0.7899666
1 0.790301
1 0.790301
1 0.7906355
1 0.791639
1 0.7919734
1 0.7926422
1 0.7933111
1 0.7933111
1 0.79398
1 0.79398
1 0.7946488
1 0.7949832
1 0.7949832
1 0.7956521
1 0.7963211
1 0.79699
1 0.79699
1 0.7976589
1 0.7979933
1 0.7983277
1 0.7983277
1 0.7986621
1 0.7986621
1 0.7993311
1 0.7993311
1 0.8003345
1 0.8006689
1 0.8013379
1 0.8016724
1 0.8026756
1 0.8026756
1 0.8033445
1 0.8033445
1 0.8043479
1 0.8046824
1 0.8056857
1 0.8060201
1 0.8060201
1 0.8060201
1 0.806689
1 0.806689
1 0.806689
1 0.806689
1 0.8070234
1 0.8080268
1 0.8080268
1 0.8093646
1 0.809699
1 0.809699
1 0.8103679
1 0.8107023
1 0.8107023
1 0.8113711
1 0.8117056
1 0.812709
1 0.8133778
1 0.8143812
1 0.8150501
1 0.8157191
1 0.8160535
1 0.8163879
1 0.8167224
1 0.8173914
1 0.8187292
1 0.8190637
1 0.8190637
1 0.8193982
1 0.8204014
1 0.8214047
1 0.8214047
1 0.8220735
1 0.8227423
1 0.8234112
1 0.8244145
1 0.8244145
1 0.8247489
1 0.8254179
1 0.8254179
1 0.8254179
1 0.8254179
1 0.8254179
1 0.8257523
1 0.8264213
1 0.8270901
1 0.8270901
1 0.8277591
1 0.8287625
1 0.8290969
1 0.8294314
1 0.8297659
1 0.8301003
1 0.8311037
1 0.8314382
1 0.8324415
1 0.832776
1 0.8331105
1 0.8331105
1 0.8337794
1 0.835786
1 0.8361204
1 0.8364549
1 0.8371237
1 0.8371237
1 0.8374581
1 0.8374581
1 0.8391305
1 0.8394649
1 0.8397993
1 0.8397993
1 0.8401338
1 0.8401338
1 0.8404682
1 0.841137
1 0.841806
1 0.8421405
1 0.8424749
1 0.8431438
1 0.8434783
1 0.8434783
1 0.8434783
1 0.8438127
1 0.8438127
1 0.844816
1 0.8451505
1 0.8454849
1 0.8461538
1 0.8464882
1 0.8468226
1 0.8468226
1 0.8468226
1 0.8468226
1 0.8471571
1 0.847826
1 0.8484949
1 0.8484949
1 0.8491639
1 0.8491639
1 0.8494983
1 0.8501672
1 0.8508361
1 0.8508361
1 0.8518394
1 0.8518394
1 0.8521738
1 0.8521738
1 0.8528427
1 0.8531772
1 0.8535117
1 0.8535117
1 0.8538461
1 0.8541806
1 0.8545151
1 0.8555183
1 0.8558528
1 0.8565216
1 0.857525
1 0.8578595
1 0.8578595
1 0.8578595
1 0.8585284
1 0.8585284
1 0.8588628
1 0.8588628
1 0.8588628
1 0.8588628
1 0.8591973
1 0.8591973
1 0.8591973
1 0.8598661
1 0.8598661
1 0.860535
1 0.860535
1 0.8608695
1 0.861204
1 0.8615385
1 0.8618729
1 0.8622074
1 0.8625419
1 0.8625419
1 0.8628763
1 0.8632108
1 0.8635452
1 0.8635452
1 0.8635452
1 0.8635452
1 0.8642141
1 0.8645486
1 0.8655518
1 0.8662208
1 0.8662208
1 0.8665552
1 0.8668897
1 0.8675586
1 0.8675586
1 0.867893
1 0.8682275
1 0.8688964
1 0.8692308
1 0.8695653
1 0.8702342
1 0.8702342
1 0.8702342
1 0.8709032
1 0.871572
1 0.8719064
1 0.8725753
1 0.8729098
1 0.8732442
1 0.8732442
1 0.8732442
1 0.8732442
1 0.8732442
1 0.873913
1 0.8742474
1 0.8745819
1 0.8745819
1 0.8752508
1 0.8752508
1 0.8759197
1 0.8765887
1 0.8765887
1 0.8765887
1 0.8765887
1 0.8765887
1 0.8769232
1 0.8775921
1 0.8779265
1 0.878261
1 0.878261
1 0.8785954
1 0.8785954
1 0.8785954
1 0.8785954
1 0.8785954
1 0.8789299
1 0.8792643
1 0.8795987
1 0.8799331
1 0.8802675
1 0.8816053
1 0.8832774
1 0.8832774
1 0.8832774
1 0.8842808
1 0.8849497
1 0.8852841
1 0.885953
1 0.885953
1 0.885953
1 0.885953
1 0.8869564
1 0.8872909
1 0.8876254
1 0.8879599
1 0.8889633
1 0.8896321
1 0.8899666
1 0.8899666
1 0.890301
1 0.8906354
1 0.8909698
1 0.8909698
1 0.8923076
1 0.8929765
1 0.8929765
1 0.8933109
1 0.8936454
1 0.8936454
1 0.8939799
1 0.8943144
1 0.8946488
1 0.8946488
1 0.8949833
1 0.8956522
1 0.8956522
1 0.8966555
1 0.89699
1 0.8976589
1 0.8976589
1 0.8976589
1 0.8976589
1 0.8976589
1 0.8976589
1 0.8979933
1 0.8979933
1 0.8983278
1 0.8983278
1 0.8983278
1 0.8983278
1 0.8989967
1 0.8993312
1 0.8993312
1 0.8993312
1 0.8996656
1 0.9003345
1 0.9006689
1 0.9013378
1 0.9023411
1 0.9026756
1 0.9026756
1 0.90301
1 0.90301
1 0.9033445
1 0.9033445
1 0.9033445
1 0.9033445
1 0.9033445
1 0.9033445
1 0.9033445
1 0.9033445
1 0.9036789
1 0.9043478
1 0.9043478
1 0.9043478
1 0.9043478
1 0.9046823
1 0.9050168
1 0.9056856
1 0.90602
1 0.90602
1 0.9063545
1 0.906689
1 0.9070235
1 0.9073579
1 0.9073579
1 0.9076923
1 0.9086956
1 0.9086956
1 0.9086956
1 0.9086956
1 0.9086956
1 0.9090301
1 0.9093645
1 0.909699
1 0.9103679
1 0.9110369
1 0.9117057
1 0.9117057
1 0.9117057
1 0.9117057
1 0.9117057
1 0.9120402
1 0.9120402
1 0.9120402
1 0.9123747
1 0.9133779
1 0.9137123
1 0.9137123
1 0.9137123
1 0.9140467
1 0.9143812
1 0.9147157
1 0.9147157
1 0.9150502
1 0.9150502
1 0.9153847
1 0.9160535
1 0.9160535
1 0.9160535
1 0.916388
1 0.9167225
1 0.9167225
1 0.9167225
1 0.9167225
1 0.9173914
1 0.9173914
1 0.9177259
1 0.9177259
1 0.9180604
1 0.9180604
1 0.9183948
1 0.9187292
1 0.9190637
1 0.9190637
1 0.9197325
1 0.920067
1 0.920067
1 0.920067
1 0.920067
1 0.920067
1 0.920067
1 0.9204015
1 0.9214048
1 0.9214048
1 0.9217392
1 0.9220737
1 0.9220737
1 0.9220737
1 0.9224081
1 0.9227425
1 0.9230769
1 0.9230769
1 0.9234113
1 0.9244146
1 0.9244146
1 0.9244146
1 0.9244146
1 0.9244146
1 0.9244146
1 0.9244146
1 0.9244146
1 0.9244146
1 0.9244146
1 0.9244146
1 0.9244146
1 0.9247491
1 0.9250835
1 0.925418
1 0.925418
1 0.925418
1 0.925418
1 0.925418
1 0.9260868
1 0.9260868
1 0.9264213
1 0.9264213
1 0.9264213
1 0.9270902
1 0.9274247
1 0.9274247
1 0.9277591
1 0.9277591
1 0.9277591
1 0.9277591
1 0.928428
1 0.928428
1 0.9287625
1 0.9287625
1 0.9287625
1 0.9287625
1 0.929097
1 0.9294315
1 0.9294315
1 0.9294315
1 0.9301004
1 0.9307692
1 0.9307692
1 0.9307692
1 0.9314381
1 0.9314381
1 0.9317725
1 0.932107
1 0.932107
1 0.9324414
1 0.9327758
1 0.9327758
1 0.9331102
1 0.9331102
1 0.9337791
1 0.9337791
1 0.9337791
1 0.9341135
1 0.9347824
1 0.9347824
1 0.9351168
1 0.9351168
1 0.9357858
1 0.9357858
1 0.9357858
1 0.9361203
1 0.9361203
1 0.9361203
1 0.9364548
1 0.9367892
1 0.9371236
1 0.9371236
1 0.9371236
1 0.9371236
1 0.9371236
1 0.9371236
1 0.9371236
1 0.937458
1 0.937458
1 0.937458
1 0.938127
1 0.938127
1 0.9384614
1 0.9387958
1 0.9387958
1 0.9387958
1 0.9387958
1 0.9394647
1 0.9394647
1 0.9394647
1 0.9394647
1 0.9397992
1 0.9397992
1 0.9397992
1 0.9397992
1 0.9397992
1 0.9401337
1 0.9404682
1 0.9404682
1 0.9404682
1 0.9404682
1 0.9408027
1 0.9408027
1 0.9408027
1 0.9408027
1 0.9411372
1 0.9411372
1 0.9411372
1 0.9411372
1 0.9414716
1 0.9421405
1 0.9421405
1 0.9421405
1 0.9421405
1 0.9421405
1 0.9424749
1 0.9424749
1 0.9424749
1 0.9424749
1 0.9424749
1 0.9424749
1 0.9424749
1 0.9424749
1 0.9428093
1 0.9428093
1 0.9431438
1 0.944816
1 0.9451505
1 0.945485
1 0.945485
1 0.9458195
1 0.9458195
1 0.9461539
1 0.9464884
1 0.9464884
1 0.9464884
1 0.9464884
1 0.9464884
1 0.9464884
1 0.9464884
1 0.9474916
1 0.9474916
1 0.9474916
1 0.9474916
1 0.947826
1 0.947826
1 0.947826
1 0.9481604
1 0.9491638
1 0.9491638
1 0.9491638
1 0.9491638
1 0.9491638
1 0.9494982
1 0.9494982
1 0.9494982
1 0.9494982
1 0.9494982
1 0.9494982
1 0.9494982
1 0.9494982
1 0.9498327
1 0.9498327
1 0.9501671
1 0.9501671
1 0.9505016
1 0.9508361
1 0.9511705
1 0.951505
1 0.951505
1 0.951505
1 0.951505
1 0.951505
1 0.9518394
1 0.9518394
1 0.9521739
1 0.9521739
1 0.9525083
1 0.9531772
1 0.9531772
1 0.9531772
1 0.9531772
1 0.9535116
1 0.953846
1 0.9541805
1 0.9541805
1 0.9545149
1 0.9555183
1 0.9555183
1 0.9555183
1 0.9555183
1 0.9555183
1 0.9558528
1 0.9565218
1 0.9565218
1 0.9565218
1 0.9568562
1 0.9568562
1 0.9568562
1 0.9568562
1 0.9571906
1 0.9571906
1 0.9571906
1 0.9571906
1 0.9571906
1 0.957525
1 0.9578595
1 0.9578595
1 0.9578595
1 0.9578595
1 0.958194
1 0.958194
1 0.958194
1 0.9585284
1 0.9585284
1 0.9585284
1 0.9585284
1 0.9585284
1 0.9585284
1 0.9588629
1 0.9588629
1 0.9588629
1 0.9588629
1 0.9588629
1 0.9588629
1 0.9591974
1 0.9591974
1 0.9591974
1 0.9591974
1 0.9591974
1 0.9591974
1 0.9595318
1 0.9595318
1 0.9598662
1 0.9598662
1 0.9598662
1 0.9598662
1 0.9598662
1 0.9598662
1 0.9605352
1 0.9605352
1 0.9605352
1 0.9605352
1 0.9612041
1 0.9612041
1 0.9615385
1 0.9615385
1 0.9615385
1 0.9615385
1 0.961873
1 0.9622074
1 0.9622074
1 0.9622074
1 0.9622074
1 0.9625418
1 0.9625418
1 0.9625418
1 0.9628763
1 0.9632107
1 0.9642141
1 0.9645485
1 0.964883
1 0.9652175
1 0.9652175
1 0.9652175
1 0.9655519
1 0.9655519
1 0.9655519
1 0.9658864
1 0.9658864
1 0.9658864
1 0.9658864
1 0.9658864
1 0.9662208
1 0.9662208
1 0.9662208
1 0.9662208
1 0.9662208
1 0.9665553
1 0.9665553
1 0.9668897
1 0.9668897
1 0.9672241
1 0.9682276
1 0.9682276
1 0.9682276
1 0.9682276
1 0.968562
1 0.9688964
1 0.9688964
1 0.9688964
1 0.9688964
1 0.9688964
1 0.9688964
1 0.9688964
1 0.9688964
1 0.9688964
1 0.9688964
1 0.9688964
1 0.9688964
1 0.9688964
1 0.9695653
1 0.9695653
1 0.9698998
1 0.9702342
1 0.9702342
1 0.9702342
1 0.9702342
1 0.9702342
1 0.9702342
1 0.9705686
1 0.9705686
1 0.9705686
1 0.9705686
1 0.9705686
1 0.9705686
1 0.9705686
1 0.9705686
1 0.9705686
1 0.9705686
1 0.9705686
1 0.9705686
1 0.9705686
1 0.9705686
1 0.9705686
1 0.9705686
1 0.9705686
1 0.9705686
1 0.9705686
1 0.9705686
1 0.9705686
1 0.9705686
1 0.9705686
1 0.9705686
1 0.9705686
1 0.9705686
1 0.9705686
1 0.9705686
1 0.9705686
1 0.9705686
1 0.9705686
1 0.970903
1 0.9712375
1 0.971572
1 0.9719065
1 0.9719065
1 0.9719065
1 0.9719065
1 0.9719065
1 0.9722409
1 0.9722409
1 0.9722409
1 0.9722409
1 0.9722409
1 0.9722409
1 0.9722409
1 0.9722409
1 0.9725753
1 0.9725753
1 0.9725753
1 0.9725753
1 0.9725753
1 0.9729097
1 0.9729097
1 0.9729097
1 0.9729097
1 0.9729097
1 0.9732441
1 0.9732441
1 0.9735786
1 0.9735786
1 0.9735786
1 0.973913
1 0.973913
1 0.973913
1 0.973913
1 0.9742475
1 0.9742475
1 0.9742475
1 0.9742475
1 0.9742475
1 0.9742475
1 0.9742475
1 0.9742475
1 0.9742475
1 0.9742475
1 0.9742475
1 0.9745819
1 0.9745819
1 0.9745819
1 0.9749163
1 0.9749163
1 0.9749163
1 0.9749163
1 0.9749163
1 0.9749163
1 0.9749163
1 0.9752508
1 0.9752508
1 0.9752508
1 0.9752508
1 0.9752508
1 0.9752508
1 0.9752508
1 0.9755853
1 0.9755853
1 0.9755853
1 0.9755853
1 0.9755853
1 0.9755853
1 0.9755853
1 0.9755853
1 0.9755853
1 0.9755853
1 0.9759198
1 0.9759198
1 0.9762542
1 0.9762542
1 0.9762542
1 0.9762542
1 0.9762542
1 0.9769232
1 0.9769232
1 0.9769232
1 0.9775921
1 0.9779265
1 0.9779265
1 0.9779265
1 0.9779265
1 0.9779265
1 0.9779265
1 0.9779265
1 0.9779265
1 0.9779265
1 0.9789299
1 0.9789299
1 0.9789299
1 0.9789299
1 0.9789299
1 0.9789299
1 0.9789299
1 0.9789299
1 0.9789299
1 0.9789299
1 0.9789299
1 0.9789299
1 0.9789299
1 0.9789299
1 0.9789299
1 0.9789299
1 0.9789299
1 0.9792643
1 0.9792643
1 0.9792643
1 0.9792643
1 0.9792643
1 0.9792643
1 0.9792643
1 0.9795988
1 0.9795988
1 0.9795988
1 0.9795988
1 0.9795988
1 0.9795988
1 0.9795988
1 0.9795988
1 0.9795988
1 0.9795988
1 0.9795988
1 0.9799332
1 0.9799332
1 0.9799332
1 0.9799332
1 0.9802677
1 0.9802677
1 0.9802677
1 0.9802677
1 0.9802677
1 0.9802677
1 0.9802677
1 0.9802677
1 0.9802677
1 0.9802677
1 0.9802677
1 0.9802677
1 0.9802677
1 0.9809367
1 0.9809367
1 0.9809367
1 0.9809367
1 0.9809367
1 0.9809367
1 0.9816057
1 0.9816057
1 0.9816057
1 0.9816057
1 0.9816057
1 0.9819401
1 0.9819401
1 0.9819401
1 0.9819401
1 0.9819401
1 0.9819401
1 0.9819401
1 0.9822745
1 0.982609
1 0.982609
1 0.982609
1 0.982609
1 0.982609
1 0.982609
1 0.982609
1 0.982609
1 0.9829435
1 0.9829435
1 0.9829435
1 0.9829435
1 0.9829435
1 0.9832779
1 0.9832779
1 0.9832779
1 0.9836123
1 0.9839468
1 0.9839468
1 0.9839468
1 0.9839468
1 0.9839468
1 0.9839468
1 0.9839468
1 0.9839468
1 0.9839468
1 0.9839468
1 0.9839468
1 0.9839468
1 0.9839468
1 0.9839468
1 0.9839468
1 0.9839468
1 0.9842812
1 0.9842812
1 0.9842812
1 0.9842812
1 0.9846157
1 0.9846157
1 0.9849501
1 0.9849501
1 0.9849501
1 0.9849501
1 0.9852845
1 0.9852845
1 0.9852845
1 0.9852845
1 0.9852845
1 0.9852845
1 0.9852845
1 0.9852845
1 0.9852845
1 0.9852845
1 0.9852845
1 0.985619
1 0.985619
1 0.985619
1 0.985619
1 0.985619
1 0.985619
1 0.985619
1 0.985619
1 0.985619
1 0.985619
1 0.985619
1 0.985619
1 0.985619
1 0.985619
1 0.985619
1 0.985619
1 0.985619
1 0.985619
1 0.985619
1 0.985619
1 0.985619
1 0.985619
1 0.9859535
1 0.9859535
1 0.9859535
1 0.9859535
1 0.9862879
1 0.9862879
1 0.9862879
1 0.9862879
1 0.9866224
1 0.9866224
1 0.9869568
1 0.9869568
1 0.9869568
1 0.9869568
1 0.9869568
1 0.9869568
1 0.9869568
1 0.9869568
1 0.9869568
1 0.9869568
1 0.9869568
1 0.9869568
1 0.9869568
1 0.9869568
1 0.9869568
1 0.9869568
1 0.9869568
1 0.9869568
1 0.9869568
1 0.9869568
1 0.9869568
1 0.9869568
1 0.9869568
1 0.9869568
1 0.9869568
1 0.9869568
1 0.9869568
1 0.9869568
1 0.9869568
1 0.9869568
1 0.9869568
1 0.9869568
1 0.9869568
1 0.9869568
1 0.9869568
1 0.9869568
1 0.9869568
1 0.9869568
1 0.9869568
1 0.9869568
1 0.9872913
1 0.9879602
1 0.9879602
1 0.9882946
1 0.9882946
1 0.9882946
1 0.9882946
1 0.9882946
1 0.9882946
1 0.9882946
1 0.9882946
1 0.9882946
1 0.9882946
1 0.9882946
1 0.9882946
1 0.9882946
1 0.9882946
1 0.9882946
1 0.9882946
1 0.9882946
1 0.9882946
1 0.988629
1 0.988629
1 0.988629
1 0.988629
1 0.988629
1 0.988629
1 0.988629
1 0.988629
1 0.988629
1 0.988629
1 0.988629
1 0.988629
1 0.988629
1 0.9889635
1 0.989298
1 0.989298
1 0.989298
1 0.9896324
1 0.9896324
1 0.9896324
1 0.9899668
1 0.9899668
1 0.9899668
1 0.9899668
1 0.9903013
1 0.9903013
1 0.9903013
1 0.9903013
1 0.9906357
1 0.9906357
1 0.9906357
1 0.9906357
1 0.9906357
1 0.9906357
1 0.9906357
1 0.9906357
1 0.9906357
1 0.9906357
1 0.9906357
1 0.9906357
1 0.9906357
1 0.9906357
1 0.9906357
1 0.9906357
1 0.9906357
1 0.9906357
1 0.9906357
1 0.9906357
1 0.9906357
1 0.9906357
1 0.9906357
1 0.9906357
1 0.9906357
1 0.9906357
1 0.9906357
1 0.9906357
1 0.9906357
1 0.9906357
1 0.9906357
1 0.9906357
1 0.9906357
1 0.9906357
1 0.9909701
1 0.9913045
1 0.9913045
1 0.9913045
1 0.9916389
1 0.9919734
1 0.9919734
1 0.9919734
1 0.9919734
1 0.9919734
1 0.9919734
1 0.9919734
1 0.9919734
1 0.9923079
1 0.9923079
1 0.9923079
1 0.9923079
1 0.9923079
1 0.9923079
1 0.9923079
1 0.9923079
1 0.9926423
1 0.9926423
1 0.9926423
1 0.9926423
1 0.9926423
1 0.9926423
1 0.9926423
1 0.9926423
1 0.9926423
1 0.9926423
1 0.9926423
1 0.9926423
1 0.9926423
1 0.9926423
1 0.9926423
1 0.9926423
1 0.9926423
1 0.9926423
1 0.9926423
1 0.9926423
1 0.9926423
1 0.9926423
1 0.9926423
1 0.9926423
1 0.9926423
1 0.9926423
1 0.9926423
1 0.9926423
1 0.9926423
1 0.9926423
1 0.9926423
1 0.9926423
1 0.9926423
1 0.9926423
1 0.9926423
1 0.9926423
1 0.9926423
1 0.9926423
1 0.9926423
1 0.9926423
1 0.9926423
1 0.9929767
1 0.9929767
1 0.9929767
1 0.9929767
1 0.9929767
1 0.9929767
1 0.9929767
1 0.9929767
1 0.9929767
1 0.9929767
1 0.9929767
1 0.9929767
1 0.9933112
1 0.9933112
1 0.9933112
1 0.9933112
1 0.9936457
1 0.9936457
1 0.9936457
1 0.9936457
1 0.9936457
1 0.9936457
1 0.9936457
1 0.9936457
1 0.9936457
1 0.9936457
1 0.9936457
1 0.9936457
1 0.9936457
1 0.9936457
1 0.9936457
1 0.9936457
1 0.9936457
1 0.9936457
1 0.9936457
1 0.9936457
1 0.9936457
1 0.9936457
1 0.9936457
1 0.9936457
1 0.9936457
1 0.9936457
1 0.9936457
1 0.9936457
1 0.9936457
1 0.9936457
1 0.9936457
1 0.9936457
1 0.9936457
1 0.9936457
1 0.9936457
1 0.9936457
1 0.9936457
1 0.9936457
1 0.9936457
1 0.9936457
1 0.9936457
1 0.9936457
1 0.9936457
1 0.9936457
1 0.9936457
1 0.9936457
1 0.9936457
1 0.9936457
1 0.9936457
1 0.9936457
1 0.9936457
1 0.9939802
1 0.9939802
1 0.9939802
1 0.9943146
1 0.9943146
1 0.9943146
1 0.9943146
1 0.9943146
1 0.9943146
1 0.9943146
1 0.9943146
1 0.9943146
1 0.9943146
1 0.9943146
1 0.9943146
1 0.9943146
1 0.9943146
1 0.9943146
1 0.9943146
1 0.9943146
1 0.9943146
1 0.9943146
1 0.9943146
1 0.9943146
1 0.9943146
1 0.9943146
1 0.9943146
1 0.9943146
1 0.9943146
1 0.9943146
1 0.9943146
1 0.9943146
1 0.9943146
1 0.9943146
1 0.9946491
1 0.9946491
1 0.9946491
1 0.9946491
1 0.9946491
1 0.9946491
1 0.9946491
1 0.9946491
1 0.9946491
1 0.9946491
1 0.9949835
1 0.9949835
1 0.9949835
1 0.9949835
1 0.9949835
1 0.9949835
1 0.9949835
1 0.9949835
1 0.9949835
1 0.9949835
1 0.9949835
1 0.9949835
1 0.9949835
1 0.9949835
1 0.9949835
1 0.9949835
1 0.9949835
1 0.9949835
1 0.9949835
1 0.9949835
1 0.9949835
1 0.9949835
1 0.9949835
1 0.9949835
1 0.9949835
1 0.9949835
1 0.9949835
1 0.9949835
1 0.9949835
1 0.9949835
1 0.9949835
1 0.9949835
1 0.995318
1 0.9956524
1 0.9956524
1 0.9956524
1 0.9956524
1 0.9956524
1 0.9956524
1 0.9956524
1 0.9956524
1 0.9956524
1 0.9956524
1 0.9956524
1 0.9956524
1 0.9956524
1 0.9956524
1 0.9956524
1 0.9956524
1 0.9959869
1 0.9959869
1 0.9959869
1 0.9963213
1 0.9963213
1 0.9963213
1 0.9966558
1 0.9966558
1 0.9966558
1 0.9966558
1 0.9966558
1 0.9966558
1 0.9966558
1 0.9966558
1 0.9966558
1 0.9966558
1 0.9966558
1 0.9966558
1 0.9966558
1 0.9966558
1 0.9966558
1 0.9966558
1 0.9969902
1 0.9969902
1 0.9969902
1 0.9969902
1 0.9969902
1 0.9969902
1 0.9969902
1 0.9969902
1 0.9969902
1 0.9969902
1 0.9969902
1 0.9969902
1 0.9969902
1 0.9969902
1 0.9969902
1 0.9969902
1 0.9969902
1 0.9969902
1 0.9969902
1 0.9969902
1 0.9969902
1 0.9973247
1 0.9973247
1 0.9973247
1 0.9973247
1 0.9973247
1 0.9973247
1 0.9973247
1 0.9973247
1 0.9973247
1 0.9973247
1 0.9973247
1 0.9973247
1 0.9973247
1 0.9973247
1 0.9973247
1 0.9973247
1 0.9973247
1 0.9973247
1 0.9973247
1 0.9973247
1 0.9973247
1 0.9973247
1 0.9973247
1 0.9973247
1 0.9973247
1 0.9973247
1 0.9973247
1 0.9973247
1 0.9973247
1 0.9973247
1 0.9973247
1 0.9973247
1 0.9973247
1 0.9973247
1 0.9973247
1 0.9973247
1 0.9973247
1 0.9973247
1 0.9973247
1 0.9973247
1 0.9973247
1 0.9973247
1 0.9973247
1 0.9973247
1 0.9973247
1 0.9973247
1 0.9973247
1 0.9973247
1 0.9973247
1 0.9973247
1 0.9973247
1 0.9973247
1 0.9973247
1 0.9973247
1 0.9973247
1 0.9973247
1 0.9973247
1 0.9973247
1 0.9973247
1 0.9973247
1 0.9973247
1 0.9973247
1 0.9973247
1 0.9973247
1 0.9973247
1 0.9973247
1 0.9973247
1 0.9973247
1 0.9973247
1 0.9973247
1 0.9973247
1 0.9973247
1 0.9973247
1 0.9973247
1 0.9973247
1 0.9973247
1 0.9973247
1 0.9973247
1 0.9973247
1 0.9973247
1 0.9973247
1 0.9973247
1 0.9973247
1 0.9973247
1 0.9973247
1 0.9973247
1 0.9973247
1 0.9973247
1 0.9973247
1 0.9973247
1 0.9973247
1 0.9973247
1 0.9973247
1 0.9973247
1 0.9973247
1 0.9973247
1 0.9973247
1 0.9976592
1 0.9976592
1 0.9976592
1 0.9976592
1 0.9976592
1 0.9976592
1 0.9976592
1 0.9976592
1 0.9976592
1 0.9976592
1 0.9976592
1 0.9976592
1 0.9976592
1 0.9976592
1 0.9976592
1 0.9976592
1 0.9976592
1 0.9976592
1 0.9976592
1 0.9976592
1 0.9976592
1 0.9976592
1 0.9976592
1 0.9976592
1 0.9976592
1 0.9976592
1 0.9976592
1 0.9976592
1 0.9976592
1 0.9976592
1 0.9976592
1 0.9976592
1 0.9976592
1 0.9976592
1 0.9976592
1 0.9976592
1 0.9976592
1 0.9976592
1 0.9976592
1 0.9976592
1 0.9976592
1 0.9976592
1 0.9976592
1 0.9976592
1 0.9976592
1 0.9976592
1 0.9976592
1 0.9976592
1 0.9976592
1 0.9976592
1 0.9976592
1 0.9976592
1 0.9976592
1 0.9976592
1 0.9976592
1 0.9976592
1 0.9976592
1 0.9976592
1 0.9976592
1 0.9976592
1 0.9976592
1 0.9976592
1 0.9976592
1 0.9976592
1 0.9976592
1 0.9976592
1 0.9976592
1 0.9976592
1 0.9976592
1 0.9976592
1 0.9976592
1 0.9976592
1 0.9976592
1 0.9976592
1 0.9976592
1 0.9976592
1 0.9976592
1 0.9976592
1 0.9976592
1 0.9976592
1 0.9976592
1 0.9976592
1 0.9976592
1 0.9976592
1 0.9976592
1 0.9979936
1 0.9979936
1 0.9979936
1 0.9979936
1 0.9979936
1 0.9979936
1 0.9979936
1 0.9979936
1 0.9979936
1 0.9979936
1 0.9979936
1 0.9979936
1 0.9979936
1 0.9979936
1 0.9979936
1 0.9979936
1 0.9979936
1 0.9979936
1 0.9979936
1 0.9979936
1 0.9979936
1 0.9979936
1 0.9979936
1 0.9979936
1 0.9979936
1 0.9979936
1 0.9979936
1 0.998328
1 0.998328
1 0.998328
1 0.998328
1 0.998328
1 0.998328
1 0.998328
1 0.998328
1 0.998328
1 0.998328
1 0.998328
1 0.998328
1 0.998328
1 0.998328
1 0.998328
1 0.998328
1 0.998328
1 0.998328
1 0.998328
1 0.998328
1 0.998328
1 0.998328
1 0.998328
1 0.998328
1 0.998328
1 0.998328
1 0.998328
1 0.998328
1 0.998328
1 0.998328
1 0.998328
1 0.998328
1 0.998328
1 0.998328
1 0.998328
1 0.998328
1 0.998328
1 0.998328
1 0.998328
1 0.998328
1 0.998328
1 0.998328
1 0.998328
1 0.998328
1 0.998328
1 0.998328
1 0.998328
1 0.998328
1 0.998328
1 0.998328
1 0.998328
1 0.998328
1 0.998328
1 0.998328
1 0.998328
1 0.998328
1 0.998328
1 0.998328
1 0.998328
1 0.998328
1 0.998328
1 0.998328
1 0.998328
1 0.998328
1 0.998328
1 0.998328
1 0.998328
1 0.9986624
1 0.9986624
1 0.9986624
1 0.9986624
1 0.9986624
1 0.9986624
1 0.9986624
1 0.9986624
1 0.9986624
1 0.9986624
1 0.9986624
1 0.9986624
1 0.9986624
1 0.9986624
1 0.9986624
1 0.9986624
1 0.9986624
1 0.9986624
1 0.9986624
1 0.9986624
1 0.9986624
1 0.9986624
1 0.9986624
1 0.9986624
1 0.9986624
1 0.9986624
1 0.9986624
1 0.9986624
1 0.9986624
1 0.9986624
1 0.9986624
1 0.9986624
1 0.9986624
1 0.9986624
1 0.9986624
1 0.9986624
1 0.9986624
1 0.9986624
1 0.9986624
1 0.9986624
1 0.9986624
1 0.9986624
1 0.9986624
1 0.9986624
1 0.9986624
1 0.9986624
1 0.9986624
1 0.9986624
1 0.9986624
1 0.9986624
1 0.9986624
1 0.9986624
1 0.9986624
1 0.9986624
1 0.9986624
1 0.9986624
1 0.9986624
1 0.9986624
1 0.9986624
1 0.9986624
1 0.9986624
1 0.9986624
1 0.9986624
1 0.9986624
1 0.9986624
1 0.9986624
1 0.9986624
1 0.9986624
1 0.9986624
1 0.9986624
1 0.9986624
1 0.9986624
1 0.9986624
1 0.9986624
1 0.9986624
1 0.9986624
1 0.9986624
1 0.9986624
1 0.9986624
1 0.9986624
1 0.9986624
1 0.9986624
1 0.9986624
1 0.9986624
1 0.9986624
1 0.9986624
1 0.9986624
1 0.9986624
1 0.9986624
1 0.9986624
1 0.9986624
1 0.9986624
1 0.9986624
1 0.9986624
1 0.9986624
1 0.9986624
1 0.9986624
1 0.9986624
1 0.9986624
1 0.9989968
1 0.9989968
1 0.9989968
1 0.9989968
1 0.9989968
1 0.9989968
1 0.9989968
1 0.9989968
1 0.9993312
1 0.9993312
1 0.9993312
1 0.9993312
1 0.9993312
1 0.9993312
1 0.9993312
1 0.9993312
1 0.9993312
1 0.9993312
1 0.9993312
1 0.9993312
1 0.9993312
1 0.9993312
1 0.9993312
1 0.9993312
1 0.9993312
1 0.9993312
1 0.9993312
1 0.9993312
1 0.9993312
1 0.9993312
1 0.9993312
1 0.9993312
1 0.9993312
1 0.9993312
1 0.9993312
1 0.9993312
1 0.9993312
1 0.9993312
1 0.9993312
1 0.9993312
1 0.9993312
1 0.9993312
1 0.9993312
1 0.9993312
1 0.9993312
1 0.9993312
1 0.9993312
1 0.9993312
1 0.9993312
1 0.9993312
1 0.9993312
1 0.9993312
1 0.9993312
1 0.9993312
1 0.9993312
1 0.9993312
1 0.9993312
1 0.9993312
1 0.9993312
1 0.9993312
1 0.9993312
1 0.9993312
1 0.9993312
1 0.9993312
1 0.9993312
1 0.9993312
1 0.9993312
1 0.9993312
1 0.9993312
1 0.9993312
1 0.9993312
1 0.9993312
1 0.9993312
1 0.9993312
1 0.9993312
1 0.9993312
1 0.9993312
1 0.9993312
1 0.9993312
1 0.9993312
1 0.9993312
1 0.9993312
1 0.9996656
1 0.9996656
1 0.9996656
1 0.9996656
1 0.9996656
1 0.9996656
1 0.9996656
1 0.9996656
1 0.9996656
1 0.9996656
1 0.9996656
1 0.9996656
1 0.9996656
1 0.9996656
1 0.9996656
1 0.9996656
1 0.9996656
1 0.9996656
1 0.9996656
1 0.9996656
1 0.9996656
1 0.9996656
1 0.9996656
1 0.9996656
1 0.9996656
1 0.9996656
1 0.9996656
1 0.9996656
1 0.9996656
1 0.9996656
1 0.9996656
1 0.9996656
1 0.9996656
1 0.9996656
1 0.9996656
1 0.9996656
1 0.9996656
1 0.9996656
1 0.9996656
1 0.9996656
1 0.9996656
1 0.9996656
1 0.9996656
1 0.9996656
1 0.9996656
1 0.9996656
1 0.9996656
1 0.9996656
