0 0
0 0.000333333
0 0.000666667
0 0.001
0 0.00133333
0 0.00166667
0 0.002
0 0.00233333
0 0.00266667
0 0.003
0 0.00333333
0 0.00366667
0 0.004
0 0.00433333
0 0.00466667
0 0.005
0 0.00533333
0 0.00566667
0 0.006
0 0.00633333
0 0.00666667
0 0.007
0 0.00733333
0 0.00766667
0 0.008
0 0.00833333
0 0.00866667
0 0.009
0 0.00933333
0 0.00966667
0 0.01
0 0.0103333
0 0.0106667
0 0.011
0 0.0113333
0 0.0116667
0 0.012
0 0.0123333
0 0.0126667
0 0.013
0 0.0133333
0 0.0136667
0 0.014
0 0.0143333
0 0.0146667
0 0.015
0 0.0153333
0 0.0156667
0 0.016
0 0.0163333
0 0.0166667
0 0.017
0 0.0173333
0 0.0176667
0 0.018
0 0.0183333
0 0.0186667
0 0.019
0 0.0193333
0 0.0196667
0 0.02
0 0.0203333
0 0.0206667
0 0.021
0 0.0213333
0 0.0216667
0 0.022
0 0.0223333
0 0.0226667
0 0.023
0 0.0233333
0 0.0236667
0 0.024
0 0.0243333
0 0.0246667
0 0.025
0 0.0253333
0 0.0256667
0 0.026
0 0.0263333
0 0.0266667
0 0.027
0 0.0273333
0 0.0276667
0 0.028
0 0.0283333
0 0.0286667
0 0.029
0 0.0293333
0 0.0296667
0 0.03
0 0.0303333
0 0.0306667
0 0.031
0 0.0313333
0 0.0316667
0 0.032
0 0.0323333
0 0.0326667
0 0.033
0 0.0333333
0 0.0336667
0 0.034
0 0.0343333
0 0.0346667
0 0.035
0 0.0353333
0 0.0356667
0 0.036
0 0.0363333
0 0.0366667
0 0.037
0 0.0373333
0 0.0376667
0 0.038
0 0.0383333
0 0.0386667
0 0.039
0 0.0393333
0 0.0396667
0 0.04
0 0.0403333
0 0.0406667
0 0.041
0 0.0413333
0 0.0416667
0 0.042
0 0.0423333
0 0.0426667
0 0.043
0 0.0433333
0 0.0436667
0 0.044
0 0.0443333
0 0.0446667
0 0.045
0 0.0453333
0 0.0456667
0 0.046
0 0.0463333
0 0.0466667
0 0.047
0 0.0473333
0 0.0476667
0 0.048
0 0.0483333
0 0.0486667
0 0.049
0 0.0493333
0 0.0496667
0 0.05
0 0.0503333
0 0.0506667
0 0.051
0 0.0513333
0 0.0516667
0 0.052
0 0.0523333
0 0.0526667
0 0.053
0 0.0533333
0 0.0536667
0 0.054
0 0.0543333
0 0.0546667
0 0.055
0 0.0553333
0 0.0556667
0 0.056
0 0.0563333
0 0.0566667
0 0.057
0 0.0573333
0 0.0576667
0 0.058
0 0.0583333
0 0.0586667
0 0.059
0 0.0593333
0 0.0596667
0 0.06
0 0.0603333
0 0.0606667
0 0.061
0 0.0613333
0 0.0616667
0 0.062
0 0.0623333
0 0.0626667
0 0.063
0 0.0633333
0 0.0636667
0 0.064
0 0.0643333
0 0.0646667
0 0.065
0 0.0653333
0 0.0656667
0 0.066
0 0.0663333
0 0.0666667
0 0.067
0 0.0673333
0 0.0676667
0 0.068
0 0.0683333
0 0.0686667
0 0.069
0 0.0693333
0 0.0696667
0 0.07
0 0.0703333
0 0.0706667
0 0.071
0 0.0713333
0 0.0716667
0 0.072
0 0.0723333
0 0.0726667
0 0.073
0 0.0733333
0 0.0736667
0 0.074
0 0.0743333
0 0.0746667
0 0.075
0 0.0753333
0 0.0756667
0 0.076
0 0.0763333
0 0.0766667
0 0.077
0 0.0773333
0 0.0776667
0 0.078
0 0.0783333
0 0.0786667
0 0.079
0 0.0793333
0 0.0796667
0 0.08
0 0.0803333
0 0.0806667
0 0.081
0 0.0813333
0 0.0816667
0 0.082
0 0.0823333
0 0.0826667
0 0.083
0 0.0833333
0 0.0836667
0 0.084
0 0.0843333
0 0.0846667
0 0.085
0 0.0853333
0 0.0856667
0 0.086
0 0.0863333
0 0.0866667
0 0.087
0 0.0873333
0 0.0876667
0 0.088
0 0.0883333
0 0.0886667
0 0.089
0 0.0893333
0 0.0896667
0 0.09
0 0.0903333
0 0.0906667
0 0.091
0 0.0913333
0 0.0916667
0 0.092
0 0.0923333
0 0.0926667
0 0.093
0 0.0933333
0 0.0936667
0 0.094
0 0.0943333
0 0.0946667
0 0.095
0 0.0953333
0 0.0956667
0 0.096
0 0.0963333
0 0.0966667
0 0.097
0 0.0973333
0 0.0976667
0 0.098
0 0.0983333
0 0.0986667
0 0.099
0 0.0993333
0 0.0996667
0 0.1
0 0.100333
0 0.100667
0 0.101
0 0.101333
0 0.101667
0 0.102
0 0.102333
0 0.102667
0 0.103
0 0.103333
0 0.103667
0 0.104
0 0.104333
0 0.104667
0 0.105
0 0.105333
0 0.105667
0 0.106
0 0.106333
0 0.106667
0 0.107
0 0.107333
0 0.107667
0 0.108
0 0.108333
0 0.108667
0 0.109
0 0.109333
0 0.109667
0 0.11
0 0.110333
0 0.110667
0 0.111
0 0.111333
0 0.111667
0 0.112
0 0.112333
0 0.112667
0 0.113
0 0.113333
0 0.113667
0 0.114
0 0.114333
0 0.114667
0 0.115
0 0.115333
0 0.115667
0 0.116
0 0.116333
0 0.116667
0 0.117
0 0.117333
0 0.117667
0 0.118
0 0.118333
0 0.118667
0 0.119
0 0.119333
0 0.119667
0 0.12
0 0.120333
0 0.120667
0 0.121
0 0.121333
0 0.121667
0 0.122
0 0.122333
0 0.122667
0 0.123
0 0.123333
0 0.123667
0 0.124
0 0.124333
0 0.124667
0 0.125
0 0.125333
0 0.125667
0 0.126
0 0.126333
0 0.126667
0 0.127
0 0.127333
0 0.127667
0 0.128
0 0.128333
0 0.128667
0 0.129
0 0.129333
0 0.129667
0 0.13
0 0.130333
0 0.130667
0 0.131
0 0.131333
0 0.131667
0 0.132
0 0.132333
0 0.132667
0 0.133
0 0.133333
0 0.133667
0 0.134
0 0.134333
0 0.134667
0 0.135
0 0.135333
0 0.135667
0 0.136
0 0.136333
0 0.136667
0 0.137
0 0.137333
0 0.137667
0 0.138
0 0.138333
0 0.138667
0 0.139
0 0.139333
0 0.139667
0 0.14
0 0.140333
0 0.140667
0 0.141
0 0.141333
0 0.141667
0 0.142
0 0.142333
0 0.142667
0 0.143
0 0.143333
0 0.143667
0 0.144
0 0.144333
0 0.144667
0 0.145
0 0.145333
0 0.145667
0 0.146
0 0.146333
0 0.146667
0 0.147
0 0.147333
0 0.147667
0 0.148
0 0.148333
0 0.148667
0 0.149
0 0.149333
0 0.149667
0 0.15
0 0.150333
0 0.150667
0 0.151
0 0.151333
0 0.151667
0 0.152
0 0.152333
0 0.152667
0 0.153
0 0.153333
0 0.153667
0 0.154
0 0.154333
0 0.154667
0 0.155
0 0.155333
0 0.155667
0 0.156
0 0.156333
0 0.156667
0 0.157
0 0.157333
0 0.157667
0 0.158
0 0.158333
0 0.158667
0 0.159
0 0.159333
0 0.159667
0 0.16
0 0.160333
0 0.160667
0 0.161
0 0.161333
0 0.161667
0 0.162
0 0.162333
0 0.162667
0 0.163
0 0.163333
0 0.163667
0 0.164
0 0.164333
0 0.164667
0 0.165
0 0.165333
0 0.165667
0 0.166
0 0.166333
0 0.166667
0 0.167
0 0.167333
0 0.167667
0 0.168
0 0.168333
0 0.168667
0 0.169
0 0.169333
0 0.169667
0 0.17
0 0.170333
0 0.170667
0 0.171
0 0.171333
0 0.171667
0 0.172
0 0.172333
0 0.172667
0 0.173
0 0.173333
0 0.173667
0 0.174
0 0.174333
0 0.174667
0 0.175
0 0.175333
0 0.175667
0 0.176
0 0.176333
0 0.176667
0 0.177
0 0.177333
0 0.177667
0 0.178
0 0.178333
0 0.178667
0 0.179
0 0.179333
0 0.179667
0 0.18
0 0.180333
0 0.180667
0 0.181
0 0.181333
0 0.181667
0 0.182
0 0.182333
0 0.182667
0 0.183
0 0.183333
0 0.183667
0 0.184
0 0.184333
0 0.184667
0 0.185
0 0.185333
0 0.185667
0 0.186
0 0.186333
0 0.186667
0 0.187
0 0.187333
0 0.187667
0 0.188
0 0.188333
0 0.188667
0 0.189
0 0.189333
0 0.189667
0 0.19
0 0.190333
0 0.190667
0 0.191
0 0.191333
0 0.191667
0 0.192
0 0.192333
0 0.192667
0 0.193
0 0.193333
0 0.193667
0 0.194
0 0.194333
0 0.194667
0 0.195
0 0.195333
0 0.195667
0 0.196
0 0.196333
0 0.196667
0 0.197
0 0.197333
0 0.197667
0 0.198
0 0.198333
0 0.198667
0 0.199
0 0.199333
0 0.199667
0 0.2
0 0.200333
0 0.200667
0 0.201
0 0.201333
0 0.201667
0 0.202
0 0.202333
0 0.202667
0 0.203
0 0.203333
0 0.203667
0 0.204
0 0.204333
0 0.204667
0 0.205
0 0.205333
0 0.205667
0 0.206
0 0.206333
0 0.206667
0 0.207
0 0.207333
0 0.207667
0 0.208
0 0.208333
0 0.208667
0 0.209
0 0.209333
0 0.209667
0 0.21
0 0.210333
0 0.210667
0 0.211
0 0.211333
0 0.211667
0 0.212
0 0.212333
0 0.212667
0 0.213
0 0.213333
0 0.213667
0 0.214
0 0.214333
0 0.214667
0 0.215
0 0.215333
0 0.215667
0 0.216
0 0.216333
0 0.216667
0 0.217
0 0.217333
0 0.217667
0 0.218
0 0.218333
0 0.218667
0 0.219
0 0.219333
0 0.219667
0 0.22
0 0.220333
0 0.220667
0 0.221
0 0.221333
0 0.221667
0 0.222
0 0.222333
0 0.222667
0 0.223
0 0.223333
0 0.223667
0 0.224
0 0.224333
0 0.224667
0 0.225
0 0.225333
0 0.225667
0 0.226
0 0.226333
0 0.226667
0 0.227
0 0.227333
0 0.227667
0 0.228
0 0.228333
0 0.228667
0 0.229
0 0.229333
0 0.229667
0 0.23
0 0.230333
0 0.230667
0 0.231
0 0.231333
0 0.231667
0 0.232
0 0.232333
0 0.232667
0 0.233
0 0.233333
0 0.233667
0 0.234
0 0.234333
0 0.234667
0 0.235
0 0.235333
0 0.235667
0 0.236
0 0.236333
0 0.236667
0 0.237
0 0.237333
0 0.237667
0 0.238
0 0.238333
0 0.238667
0 0.239
0 0.239333
0 0.239667
0 0.24
0 0.240333
0 0.240667
0 0.241
0 0.241333
0 0.241667
0 0.242
0 0.242333
0 0.242667
0 0.243
0 0.243333
0 0.243667
0 0.244
0 0.244333
0 0.244667
0 0.245
0 0.245333
0 0.245667
0 0.246
0 0.246333
0 0.246667
0 0.247
0 0.247333
0 0.247667
0 0.248
0 0.248333
0 0.248667
0 0.249
0 0.249333
0 0.249667
0 0.25
0 0.250333
0 0.250667
0 0.251
0 0.251333
0 0.251667
0 0.252
0 0.252333
0 0.252667
0 0.253
0 0.253333
0 0.253667
0 0.254
0 0.254333
0 0.254667
0 0.255
0 0.255333
0 0.255667
0 0.256
0 0.256333
0 0.256667
0 0.257
0 0.257333
0 0.257667
0 0.258
0 0.258333
0 0.258667
0 0.259
0 0.259333
0 0.259667
0 0.26
0 0.260333
0 0.260667
0 0.261
0 0.261333
0 0.261667
0 0.262
0 0.262333
0 0.262667
0 0.263
0 0.263333
0 0.263667
0 0.264
0 0.264333
0 0.264667
0 0.265
0 0.265333
0 0.265667
0 0.266
0 0.266333
0 0.266667
0 0.267
0 0.267333
0 0.267667
0 0.268
0 0.268333
0 0.268667
0 0.269
0 0.269333
0 0.269667
0 0.27
0 0.270333
0 0.270667
0 0.271
0 0.271333
0 0.271667
0 0.272
0 0.272333
0 0.272667
0 0.273
0 0.273333
0 0.273667
0 0.274
0 0.274333
0 0.274667
0 0.275
0 0.275333
0 0.275667
0 0.276
0 0.276333
0 0.276667
0 0.277
0 0.277333
0 0.277667
0 0.278
0 0.278333
0 0.278667
0 0.279
0 0.279333
0 0.279667
0 0.28
0 0.280333
0 0.280667
0 0.281
0 0.281333
0 0.281667
0 0.282
0 0.282333
0 0.282667
0 0.283
0 0.283333
0 0.283667
0 0.284
0 0.284333
0 0.284667
0 0.285
0 0.285333
0 0.285667
0 0.286
0 0.286333
0 0.286667
0 0.287
0 0.287333
0 0.287667
0 0.288
0 0.288333
0 0.288667
0 0.289
0 0.289333
0 0.289667
0 0.29
0 0.290333
0 0.290667
0 0.291
0 0.291333
0 0.291667
0 0.292
0 0.292333
0 0.292667
0 0.293
0 0.293333
0 0.293667
0 0.294
0 0.294333
0 0.294667
0 0.295
0 0.295333
0 0.295667
0 0.296
0 0.296333
0 0.296667
0 0.297
0 0.297333
0 0.297667
0 0.298
0 0.298333
0 0.298667
0 0.299
0 0.299333
0 0.299667
0 0.3
0 0.300333
0 0.300667
0 0.301
0 0.301333
0 0.301667
0 0.302
0 0.302333
0 0.302667
0 0.303
0 0.303333
0 0.303667
0 0.304
0 0.304333
0 0.304667
0 0.305
0 0.305333
0 0.305667
0 0.306
0 0.306333
0 0.306667
0 0.307
0 0.307333
0 0.307667
0 0.308
0 0.308333
0 0.308667
0 0.309
0 0.309333
0 0.309667
0 0.31
0 0.310333
0 0.310667
0 0.311
0 0.311333
0 0.311667
0 0.312
0 0.312333
0 0.312667
0 0.313
0 0.313333
0 0.313667
0 0.314
0 0.314333
0 0.314667
0 0.315
0 0.315333
0 0.315667
0 0.316
0 0.316333
0 0.316667
0 0.317
0 0.317333
0 0.317667
0 0.318
0 0.318333
0 0.318667
0 0.319
0 0.319333
0 0.319667
0 0.32
0 0.320333
0 0.320667
0 0.321
0 0.321333
0 0.321667
0 0.322
0 0.322333
0 0.322667
0 0.323
0 0.323333
0 0.323667
0 0.324
0 0.324333
0 0.324667
0 0.325
0 0.325333
0 0.325667
0 0.326
0 0.326333
0 0.326667
0 0.327
0 0.327333
0 0.327667
0 0.328
0 0.328333
0 0.328667
0 0.329
0 0.329333
0 0.329667
0 0.33
0 0.330333
0 0.330667
0 0.331
0 0.331333
0 0.331667
0 0.332
0 0.332333
0 0.332667
0 0.333
0 0.333333
0 0.333667
0 0.334
0 0.334333
0 0.334667
0 0.335
0 0.335333
0 0.335667
0 0.336
0 0.336333
0 0.336667
0 0.337
0 0.337333
0 0.337667
0 0.338
0 0.338333
0 0.338667
0 0.339
0 0.339333
0 0.339667
0 0.34
0 0.340333
0 0.340667
0 0.341
0 0.341333
0 0.341667
0 0.342
0 0.342333
0 0.342667
0 0.343
0 0.343333
0 0.343667
0 0.344
0 0.344333
0 0.344667
0 0.345
0 0.345333
0 0.345667
0 0.346
0 0.346333
0 0.346667
0 0.347
0 0.347333
0 0.347667
0 0.348
0 0.348333
0 0.348667
0 0.349
0 0.349333
0 0.349667
0 0.35
0 0.350333
0 0.350667
0 0.351
0 0.351333
0 0.351667
0 0.352
0 0.352333
0 0.352667
0 0.353
0 0.353333
0 0.353667
0 0.354
0 0.354333
0 0.354667
0 0.355
0 0.355333
0 0.355667
0 0.356
0 0.356333
0 0.356667
0 0.357
0 0.357333
0 0.357667
0 0.358
0 0.358333
0 0.358667
0 0.359
0 0.359333
0 0.359667
0 0.36
0 0.360333
0 0.360667
0 0.361
0 0.361333
0 0.361667
0 0.362
0 0.362333
0 0.362667
0 0.363
0 0.363333
0 0.363667
0 0.364
0 0.364333
0 0.364667
0 0.365
0 0.365333
0 0.365667
0 0.366
0 0.366333
0 0.366667
0 0.367
0 0.367333
0 0.367667
0 0.368
0 0.368333
0 0.368667
0 0.369
0 0.369333
0 0.369667
0 0.37
0 0.370333
0 0.370667
0 0.371
0 0.371333
0 0.371667
0 0.372
0 0.372333
0 0.372667
0 0.373
0 0.373333
0 0.373667
0 0.374
0 0.374333
0 0.374667
0 0.375
0 0.375333
0 0.375667
0 0.376
0 0.376333
0 0.376667
0 0.377
0 0.377333
0 0.377667
0 0.378
0 0.378333
0 0.378667
0 0.379
0 0.379333
0 0.379667
0 0.38
0 0.380333
0 0.380667
0 0.381
0 0.381333
0 0.381667
0 0.382
0 0.382333
0 0.382667
0 0.383
0 0.383333
0 0.383667
0 0.384
0 0.384333
0 0.384667
0 0.385
0 0.385333
0 0.385667
0 0.386
0 0.386333
0 0.386667
0 0.387
0 0.387333
0 0.387667
0 0.388
0 0.388333
0 0.388667
0 0.389
0 0.389333
0 0.389667
0 0.39
0 0.390333
0 0.390667
0 0.391
0 0.391333
0 0.391667
0 0.392
0 0.392333
0 0.392667
0 0.393
0 0.393333
0 0.393667
0 0.394
0 0.394333
0 0.394667
0 0.395
0 0.395333
0 0.395667
0 0.396
0 0.396333
0 0.396667
0 0.397
0 0.397333
0 0.397667
0 0.398
0 0.398333
0 0.398667
0 0.399
0 0.399333
0 0.399667
0 0.4
0 0.400333
0 0.400667
0 0.401
0 0.401333
0 0.401667
0 0.402
0 0.402333
0 0.402667
0 0.403
0 0.403333
0 0.403667
0 0.404
0 0.404333
0 0.404667
0 0.405
0 0.405333
0 0.405667
0 0.406
0 0.406333
0 0.406667
0 0.407
0 0.407333
0 0.407667
0 0.408
0 0.408333
0 0.408667
0 0.409
0 0.409333
0 0.409667
0 0.41
0 0.410333
0 0.410667
0 0.411
0 0.411333
0 0.411667
0 0.412
0 0.412333
0 0.412667
0 0.413
0 0.413333
0 0.413667
0 0.414
0 0.414333
0 0.414667
0 0.415
0 0.415333
0 0.415667
0 0.416
0 0.416333
0 0.416667
0 0.417
0 0.417333
0 0.417667
0 0.418
0 0.418333
0 0.418667
0 0.419
0 0.419333
0 0.419667
0 0.42
0 0.420333
0 0.420667
0 0.421
0 0.421333
0 0.421667
0 0.422
0 0.422333
0 0.422667
0 0.423
0 0.423333
0 0.423667
0 0.424
0 0.424333
0 0.424667
0 0.425
0 0.425333
0 0.425667
0 0.426
0 0.426333
0 0.426667
0 0.427
0 0.427333
0 0.427667
0 0.428
0 0.428333
0 0.428667
0 0.429
0 0.429333
0 0.429667
0 0.43
0 0.430333
0 0.430667
0 0.431
0 0.431333
0 0.431667
0 0.432
0 0.432333
0 0.432667
0 0.433
0 0.433333
0 0.433667
0 0.434
0 0.434333
0 0.434667
0 0.435
0 0.435333
0 0.435667
0 0.436
0 0.436333
0 0.436667
0 0.437
0 0.437333
0 0.437667
0 0.438
0 0.438333
0 0.438667
0 0.439
0 0.439333
0 0.439667
0 0.44
0 0.440333
0 0.440667
0 0.441
0 0.441333
0 0.441667
0 0.442
0 0.442333
0 0.442667
0 0.443
0 0.443333
0 0.443667
0 0.444
0 0.444333
0 0.444667
0 0.445
0 0.445333
0 0.445667
0 0.446
0 0.446333
0 0.446667
0 0.447
0 0.447333
0 0.447667
0 0.448
0 0.448333
0 0.448667
0 0.449
0 0.449333
0 0.449667
0 0.45
0 0.450333
0 0.450667
0 0.451
0 0.451333
0 0.451667
0 0.452
0 0.452333
0 0.452667
0 0.453
0 0.453333
0 0.453667
0 0.454
0 0.454333
0 0.454667
0 0.455
0 0.455333
0 0.455667
0 0.456
0 0.456333
0 0.456667
0 0.457
0 0.457333
0 0.457667
0 0.458
0 0.458333
0 0.458667
0 0.459
0 0.459333
0 0.459667
0 0.46
0 0.460333
0 0.460667
0 0.461
0 0.461333
0 0.461667
0 0.462
0 0.462333
0 0.462667
0 0.463
0 0.463333
0 0.463667
0 0.464
0 0.464333
0 0.464667
0 0.465
0 0.465333
0 0.465667
0 0.466
0 0.466333
0 0.466667
0 0.467
0 0.467333
0 0.467667
0 0.468
0 0.468333
0 0.468667
0 0.469
0 0.469333
0 0.469667
0 0.47
0 0.470333
0 0.470667
0 0.471
0 0.471333
0 0.471667
0 0.472
0 0.472333
0 0.472667
0 0.473
0 0.473333
0 0.473667
0 0.474
0 0.474333
0 0.474667
0 0.475
0 0.475333
0 0.475667
0 0.476
0 0.476333
0 0.476667
0 0.477
0 0.477333
0 0.477667
0 0.478
0 0.478333
0 0.478667
0 0.479
0 0.479333
0 0.479667
0 0.48
0 0.480333
0 0.480667
0 0.481
0 0.481333
0 0.481667
0 0.482
0 0.482333
0 0.482667
0 0.483
0 0.483333
0 0.483667
0 0.484
0 0.484333
0 0.484667
0 0.485
0 0.485333
0 0.485667
0 0.486
0 0.486333
0 0.486667
0 0.487
0 0.487333
0 0.487667
0 0.488
0 0.488333
0 0.488667
0 0.489
0 0.489333
0 0.489667
0 0.49
0 0.490333
0 0.490667
0 0.491
0 0.491333
0 0.491667
0 0.492
0 0.492333
0 0.492667
0 0.493
0 0.493333
0 0.493667
0 0.494
0 0.494333
0 0.494667
0 0.495
0 0.495333
0 0.495667
0 0.496
0 0.496333
0 0.496667
0 0.497
0 0.497333
0 0.497667
0 0.498
0 0.498333
0 0.498667
0 0.499
0 0.499333
0 0.499667
0 0.5
0 0.500333
0 0.500667
0 0.501
0 0.501333
0 0.501667
0 0.502
0 0.502333
0 0.502667
0 0.503
0 0.503333
0 0.503667
0 0.504
0 0.504333
0 0.504667
0 0.505
0 0.505333
0 0.505667
0 0.506
0 0.506333
0 0.506667
0 0.507
0 0.507333
0 0.507667
0 0.508
0 0.508333
0 0.508667
0 0.509
0 0.509333
0 0.509667
0 0.51
0 0.510333
0 0.510667
0 0.511
0 0.511333
0 0.511667
0 0.512
0 0.512333
0 0.512667
0 0.513
0 0.513333
0 0.513667
0 0.514
0 0.514333
0 0.514667
0 0.515
0 0.515333
0 0.515667
0 0.516
0 0.516333
0 0.516667
0 0.517
0 0.517333
0 0.517667
0 0.518
0 0.518333
0 0.518667
0 0.519
0 0.519333
0 0.519667
0 0.52
0 0.520333
0 0.520667
0 0.521
0 0.521333
0 0.521667
0 0.522
0 0.522333
0 0.522667
0 0.523
0 0.523333
0 0.523667
0 0.524
0 0.524333
0 0.524667
0 0.525
0 0.525333
0 0.525667
0 0.526
0 0.526333
0 0.526667
0 0.527
0 0.527333
0 0.527667
0 0.528
0 0.528333
0 0.528667
0 0.529
0 0.529333
0 0.529667
0 0.53
0 0.530333
0 0.530667
0 0.531
0 0.531333
0 0.531667
0 0.532
0 0.532333
0 0.532667
0 0.533
0 0.533333
0 0.533667
0 0.534
0 0.534333
0 0.534667
0 0.535
0 0.535333
0 0.535667
0 0.536
0 0.536333
0 0.536667
0 0.537
0 0.537333
0 0.537667
0 0.538
0 0.538333
0 0.538667
0 0.539
0 0.539333
0 0.539667
0 0.54
0 0.540333
0 0.540667
0 0.541
0 0.541333
0 0.541667
0 0.542
0 0.542333
0 0.542667
0 0.543
0 0.543333
0 0.543667
0 0.544
0 0.544333
0 0.544667
0 0.545
0 0.545333
0 0.545667
0 0.546
0 0.546333
0 0.546667
0 0.547
0 0.547333
0 0.547667
0 0.548
0 0.548333
0 0.548667
0 0.549
0 0.549333
0 0.549667
0 0.55
0 0.550333
0 0.550667
0 0.551
0 0.551333
0 0.551667
0 0.552
0 0.552333
0 0.552667
0 0.553
0 0.553333
0 0.553667
0 0.554
0 0.554333
0 0.554667
0 0.555
0 0.555333
0 0.555667
0 0.556
0 0.556333
0 0.556667
0 0.557
0 0.557333
0 0.557667
0 0.558
0 0.558333
0 0.558667
0 0.559
0 0.559333
0 0.559667
0 0.56
0 0.560333
0 0.560667
0 0.561
0 0.561333
0 0.561667
0 0.562
0 0.562333
0 0.562667
0 0.563
0 0.563333
0 0.563667
0 0.564
0 0.564333
0 0.564667
0 0.565
0 0.565333
0 0.565667
0 0.566
0 0.566333
0 0.566667
0 0.567
0 0.567333
0 0.567667
0 0.568
0 0.568333
0 0.568667
0 0.569
0 0.569333
0 0.569667
0 0.57
0 0.570333
0 0.570667
0 0.571
0 0.571333
0 0.571667
0 0.572
0 0.572333
0 0.572667
0 0.573
0 0.573333
0 0.573667
0 0.574
0 0.574333
0 0.574667
0 0.575
0 0.575333
0 0.575667
0 0.576
0 0.576333
0 0.576667
0 0.577
0 0.577333
0 0.577667
0 0.578
0 0.578333
0 0.578667
0 0.579
0 0.579333
0 0.579667
0 0.58
0 0.580333
0 0.580667
0 0.581
0 0.581333
0 0.581667
0 0.582
0 0.582333
0 0.582667
0 0.583
0 0.583333
0 0.583667
0 0.584
0 0.584333
0 0.584667
0 0.585
0 0.585333
0 0.585667
0 0.586
0 0.586333
0 0.586667
0 0.587
0 0.587333
0 0.587667
0 0.588
0 0.588333
0 0.588667
0 0.589
0 0.589333
0 0.589667
0 0.59
0 0.590333
0 0.590667
0 0.591
0 0.591333
0 0.591667
0 0.592
0 0.592333
0 0.592667
0 0.593
0 0.593333
0 0.593667
0 0.594
0 0.594333
0 0.594667
0 0.595
0 0.595333
0 0.595667
0 0.596
0 0.596333
0 0.596667
0 0.597
0 0.597333
0 0.597667
0 0.598
0 0.598333
0 0.598667
0 0.599
0 0.599333
0 0.599667
0 0.6
0 0.600333
0 0.600667
0 0.601
0 0.601333
0 0.601667
0 0.602
0 0.602333
0 0.602667
0 0.603
0 0.603333
0 0.603667
0 0.604
0 0.604333
0 0.604667
0 0.605
0 0.605333
0 0.605667
0 0.606
0 0.606333
0 0.606667
0 0.607
0 0.607333
0 0.607667
0 0.608
0 0.608333
0 0.608667
0 0.609
0 0.609333
0 0.609667
0 0.61
0 0.610333
0 0.610667
0 0.611
0 0.611333
0 0.611667
0 0.612
0 0.612333
0 0.612667
0 0.613
0 0.613333
0 0.613667
0 0.614
0 0.614333
0 0.614667
0 0.615
0 0.615333
0 0.615667
0 0.616
0 0.616333
0 0.616667
0 0.617
0 0.617333
0 0.617667
0 0.618
0 0.618333
0 0.618667
0 0.619
0 0.619333
0 0.619667
0 0.62
0 0.620333
0 0.620667
0 0.621
0 0.621333
0 0.621667
0 0.622
0 0.622333
0 0.622667
0 0.623
0 0.623333
0 0.623667
0 0.624
0 0.624333
0 0.624667
0 0.625
0 0.625333
0 0.625667
0 0.626
0 0.626333
0 0.626667
0 0.627
0 0.627333
0 0.627667
0 0.628
0 0.628333
0 0.628667
0 0.629
0 0.629333
0 0.629667
0 0.63
0 0.630333
0 0.630667
0 0.631
0 0.631333
0 0.631667
0 0.632
0 0.632333
0 0.632667
0 0.633
0 0.633333
0 0.633667
0 0.634
0 0.634333
0 0.634667
0 0.635
0 0.635333
0 0.635667
0 0.636
0 0.636333
0 0.636667
0 0.637
0 0.637333
0 0.637667
0 0.638
0 0.638333
0 0.638667
0 0.639
0 0.639333
0 0.639667
0 0.64
0 0.640333
0 0.640667
0 0.641
0 0.641333
0 0.641667
0 0.642
0 0.642333
0 0.642667
0 0.643
0 0.643333
0 0.643667
0 0.644
0 0.644333
0 0.644667
0 0.645
0 0.645333
0 0.645667
0 0.646
0 0.646333
0 0.646667
0 0.647
0 0.647333
0 0.647667
0 0.648
0 0.648333
0 0.648667
0 0.649
0 0.649333
0 0.649667
0 0.65
0 0.650333
0 0.650667
0 0.651
0 0.651333
0 0.651667
0 0.652
0 0.652333
0 0.652667
0 0.653
0 0.653333
0 0.653667
0 0.654
0 0.654333
0 0.654667
0 0.655
0 0.655333
0 0.655667
0 0.656
0 0.656333
0 0.656667
0 0.657
0 0.657333
0 0.657667
0 0.658
0 0.658333
0 0.658667
0 0.659
0 0.659333
0 0.659667
0 0.66
0 0.660333
0 0.660667
0 0.661
0 0.661333
0 0.661667
0 0.662
0 0.662333
0 0.662667
0 0.663
0 0.663333
0 0.663667
0 0.664
0 0.664333
0 0.664667
0 0.665
0 0.665333
0 0.665667
0 0.666
0 0.666333
0 0.666667
0 0.667
0 0.667333
0 0.667667
0 0.668
0 0.668333
0 0.668667
0 0.669
0 0.669333
0 0.669667
0 0.67
0 0.670333
0 0.670667
0 0.671
0 0.671333
0 0.671667
0 0.672
0 0.672333
0 0.672667
0 0.673
0 0.673333
0 0.673667
0 0.674
0 0.674333
0 0.674667
0 0.675
0 0.675333
0 0.675667
0 0.676
0 0.676333
0 0.676667
0 0.677
0 0.677333
0 0.677667
0 0.678
0 0.678333
0 0.678667
0 0.679
0 0.679333
0 0.679667
0 0.68
0 0.680333
0 0.680667
0 0.681
0 0.681333
0 0.681667
0 0.682
0 0.682333
0 0.682667
0 0.683
0 0.683333
0 0.683667
0 0.684
0 0.684333
0 0.684667
0 0.685
0 0.685333
0 0.685667
0 0.686
0 0.686333
0 0.686667
0 0.687
0 0.687333
0 0.687667
0 0.688
0 0.688333
0 0.688667
0 0.689
0 0.689333
0 0.689667
0 0.69
0 0.690333
0 0.690667
0 0.691
0 0.691333
0 0.691667
0 0.692
0 0.692333
0 0.692667
0 0.693
0 0.693333
0 0.693667
0 0.694
0 0.694333
0 0.694667
0 0.695
0 0.695333
0 0.695667
0 0.696
0 0.696333
0 0.696667
0 0.697
0 0.697333
0 0.697667
0 0.698
0 0.698333
0 0.698667
0 0.699
0 0.699333
0 0.699667
0 0.7
0 0.700333
0 0.700667
0 0.701
0 0.701333
0 0.701667
0 0.702
0 0.702333
0 0.702667
0 0.703
0 0.703333
0 0.703667
0 0.704
0 0.704333
0 0.704667
0 0.705
0 0.705333
0 0.705667
0 0.706
0 0.706333
0 0.706667
0 0.707
0 0.707333
0 0.707667
0 0.708
0 0.708333
0 0.708667
0 0.709
0 0.709333
0 0.709667
0 0.71
0 0.710333
0 0.710667
0 0.711
0 0.711333
0 0.711667
0 0.712
0 0.712333
0 0.712667
0 0.713
0 0.713333
0 0.713667
0 0.714
0 0.714333
0 0.714667
0 0.715
0 0.715333
0 0.715667
0 0.716
0 0.716333
0 0.716667
0 0.717
0 0.717333
0 0.717667
0 0.718
0 0.718333
0 0.718667
0 0.719
0 0.719333
0 0.719667
0 0.72
0 0.720333
0 0.720667
0 0.721
0 0.721333
0 0.721667
0 0.722
0 0.722333
0 0.722667
0 0.723
0 0.723333
0 0.723667
0 0.724
0 0.724333
0 0.724667
0 0.725
0 0.725333
0 0.725667
0 0.726
0 0.726333
0 0.726667
0 0.727
0 0.727333
0 0.727667
0 0.728
0 0.728333
0 0.728667
0 0.729
0 0.729333
0 0.729667
0 0.73
0 0.730333
0 0.730667
0 0.731
0 0.731333
0 0.731667
0 0.732
0 0.732333
0 0.732667
0 0.733
0 0.733333
0 0.733667
0 0.734
0 0.734333
0 0.734667
0 0.735
0 0.735333
0 0.735667
0 0.736
0 0.736333
0 0.736667
0 0.737
0 0.737333
0 0.737667
0 0.738
0 0.738333
0 0.738667
0 0.739
0 0.739333
0 0.739667
0 0.74
0 0.740333
0 0.740667
0 0.741
0 0.741333
0 0.741667
0 0.742
0 0.742333
0 0.742667
0 0.743
0 0.743333
0 0.743667
0 0.744
0 0.744333
0 0.744667
0 0.745
0 0.745333
0 0.745667
0 0.746
0 0.746333
0 0.746667
0 0.747
0 0.747333
0 0.747667
0 0.748
0 0.748333
0 0.748667
0 0.749
0 0.749333
0 0.749667
0 0.75
0 0.750333
0 0.750667
0 0.751
0 0.751333
0 0.751667
0 0.752
0 0.752333
0 0.752667
0 0.753
0 0.753333
0 0.753667
0 0.754
0 0.754333
0 0.754667
0 0.755
0 0.755333
0 0.755667
0 0.756
0 0.756333
0 0.756667
0 0.757
0 0.757333
0 0.757667
0 0.758
0 0.758333
0 0.758667
0 0.759
0 0.759333
0 0.759667
0 0.76
0 0.760333
0 0.760667
0 0.761
0 0.761333
0 0.761667
0 0.762
0 0.762333
0 0.762667
0 0.763
0 0.763333
0 0.763667
0 0.764
0 0.764333
0 0.764667
0 0.765
0 0.765333
0 0.765667
0 0.766
0 0.766333
0 0.766667
0 0.767
0 0.767333
0 0.767667
0 0.768
0 0.768333
0 0.768667
0 0.769
0 0.769333
0 0.769667
0 0.77
0 0.770333
0 0.770667
0 0.771
0 0.771333
0 0.771667
0 0.772
0 0.772333
0 0.772667
0 0.773
0 0.773333
0 0.773667
0 0.774
0 0.774333
0 0.774667
0 0.775
0 0.775333
0 0.775667
0 0.776
0 0.776333
0 0.776667
0 0.777
0 0.777333
0 0.777667
0 0.778
0 0.778333
0 0.778667
0 0.779
0 0.779333
0 0.779667
0 0.78
0 0.780333
0 0.780667
0 0.781
0 0.781333
0 0.781667
0 0.782
0 0.782333
0 0.782667
0 0.783
0 0.783333
0 0.783667
0 0.784
0 0.784333
0 0.784667
0 0.785
0 0.785333
0 0.785667
0 0.786
0 0.786333
0 0.786667
0 0.787
0 0.787333
0 0.787667
0 0.788
0 0.788333
0 0.788667
0 0.789
0 0.789333
0 0.789667
0 0.79
0 0.790333
0 0.790667
0 0.791
0 0.791333
0 0.791667
0 0.792
0 0.792333
0 0.792667
0 0.793
0 0.793333
0 0.793667
0 0.794
0 0.794333
0 0.794667
0 0.795
0 0.795333
0 0.795667
0 0.796
0 0.796333
0 0.796667
0 0.797
0 0.797333
0 0.797667
0 0.798
0 0.798333
0 0.798667
0 0.799
0 0.799333
0 0.799667
0 0.8
0 0.800333
0 0.800667
0 0.801
0 0.801333
0 0.801667
0 0.802
0 0.802333
0 0.802667
0 0.803
0 0.803333
0 0.803667
0 0.804
0 0.804333
0 0.804667
0 0.805
0 0.805333
0 0.805667
0 0.806
0 0.806333
0 0.806667
0 0.807
0 0.807333
0 0.807667
0 0.808
0 0.808333
0 0.808667
0 0.809
0 0.809333
0 0.809667
0 0.81
0 0.810333
0 0.810667
0 0.811
0 0.811333
0 0.811667
0 0.812
0 0.812333
0 0.812667
0 0.813
0 0.813333
0 0.813667
0 0.814
0 0.814333
0 0.814667
0 0.815
0 0.815333
0 0.815667
0 0.816
0 0.816333
0 0.816667
0 0.817
0 0.817333
0 0.817667
0 0.818
0 0.818333
0 0.818667
0 0.819
0 0.819333
0 0.819667
0 0.82
0 0.820333
0 0.820667
0 0.821
0 0.821333
0 0.821667
0 0.822
0 0.822333
0 0.822667
0 0.823
0 0.823333
0 0.823667
0 0.824
0 0.824333
0 0.824667
0 0.825
0 0.825333
0 0.825667
0 0.826
0 0.826333
0 0.826667
0 0.827
0 0.827333
0 0.827667
0 0.828
0 0.828333
0 0.828667
0 0.829
0 0.829333
0 0.829667
0 0.83
0 0.830333
0 0.830667
0 0.831
0 0.831333
0 0.831667
0 0.832
0 0.832333
0 0.832667
0 0.833
0 0.833333
0 0.833667
0 0.834
0 0.834333
0 0.834667
0 0.835
0 0.835333
0 0.835667
0 0.836
0 0.836333
0 0.836667
0 0.837
0 0.837333
0 0.837667
0 0.838
0 0.838333
0 0.838667
0 0.839
0 0.839333
0 0.839667
0 0.84
0 0.840333
0 0.840667
0 0.841
0 0.841333
0 0.841667
0 0.842
0 0.842333
0 0.842667
0 0.843
0 0.843333
0 0.843667
0 0.844
0 0.844333
0 0.844667
0 0.845
0 0.845333
0 0.845667
0 0.846
0 0.846333
0 0.846667
0 0.847
0 0.847333
0 0.847667
0 0.848
0 0.848333
0 0.848667
0 0.849
0 0.849333
0 0.849667
0 0.85
0 0.850333
0 0.850667
0 0.851
0 0.851333
0 0.851667
0 0.852
0 0.852333
0 0.852667
0 0.853
0 0.853333
0 0.853667
0 0.854
0 0.854333
0 0.854667
0 0.855
0 0.855333
0 0.855667
0 0.856
0 0.856333
0 0.856667
0 0.857
0 0.857333
0 0.857667
0 0.858
0 0.858333
0 0.858667
0 0.859
0 0.859333
0 0.859667
0 0.86
0 0.860333
0 0.860667
0 0.861
0 0.861333
0 0.861667
0 0.862
0 0.862333
0 0.862667
0 0.863
0 0.863333
0 0.863667
0 0.864
0 0.864333
0 0.864667
0 0.865
0 0.865333
0 0.865667
0 0.866
0 0.866333
0 0.866667
0 0.867
0 0.867333
0 0.867667
0 0.868
0 0.868333
0 0.868667
0 0.869
0 0.869333
0 0.869667
0 0.87
0 0.870333
0 0.870667
0 0.871
0 0.871333
0 0.871667
0 0.872
0 0.872333
0 0.872667
0 0.873
0 0.873333
0 0.873667
0 0.874
0 0.874333
0 0.874667
0 0.875
0 0.875333
0 0.875667
0 0.876
0 0.876333
0 0.876667
0 0.877
0 0.877333
0 0.877667
0 0.878
0 0.878333
0 0.878667
0 0.879
0 0.879333
0 0.879667
0 0.88
0 0.880333
0 0.880667
0 0.881
0 0.881333
0 0.881667
0 0.882
0 0.882333
0 0.882667
0 0.883
0.000333309 0.883
0.000333309 0.883333
0.000333309 0.883667
0.000333309 0.884
0.000333309 0.884333
0.000333309 0.884667
0.000333309 0.885
0.000333309 0.885333
0.000333309 0.885667
0.000333309 0.886
0.000333309 0.886333
0.000333309 0.886667
0.000333309 0.887
0.000333309 0.887333
0.000333309 0.887667
0.000333309 0.888
0.000333309 0.888333
0.000333309 0.888667
0.000333309 0.889
0.000333309 0.889333
0.000333309 0.889667
0.000333309 0.89
0.000333309 0.890333
0.000333309 0.890667
0.000333309 0.891
0.000333309 0.891333
0.000333309 0.891667
0.000333309 0.892
0.000333309 0.892333
0.000333309 0.892667
0.000333309 0.893
0.000666678 0.893
0.000666678 0.893333
0.000666678 0.893667
0.000666678 0.894
0.000666678 0.894333
0.000666678 0.894667
0.000666678 0.895
0.000666678 0.895333
0.000666678 0.895667
0.000666678 0.896
0.000666678 0.896333
0.000666678 0.896667
0.000666678 0.897
0.000666678 0.897333
0.000666678 0.897667
0.000666678 0.898
0.000666678 0.898333
0.000666678 0.898667
0.000666678 0.899
0.000666678 0.899333
0.000666678 0.899667
0.000666678 0.9
0.000666678 0.900333
0.000666678 0.900667
0.000666678 0.901
0.000666678 0.901333
0.000666678 0.901667
0.000666678 0.902
0.000666678 0.902333
0.000666678 0.902667
0.000666678 0.903
0.000666678 0.903333
0.000666678 0.903667
0.000666678 0.904
0.000666678 0.904333
0.000666678 0.904667
0.000666678 0.905
0.000666678 0.905333
0.000666678 0.905667
0.000666678 0.906
0.000666678 0.906333
0.000666678 0.906667
0.000666678 0.907
0.000666678 0.907333
0.000666678 0.907667
0.000666678 0.908
0.000666678 0.908333
0.000666678 0.908667
0.000666678 0.909
0.000666678 0.909333
0.000666678 0.909667
0.000666678 0.91
0.000666678 0.910333
0.000666678 0.910667
0.000666678 0.911
0.000666678 0.911333
0.000666678 0.911667
0.000666678 0.912
0.000666678 0.912333
0.000666678 0.912667
0.000666678 0.913
0.000666678 0.913333
0.000666678 0.913667
0.000666678 0.914
0.000666678 0.914333
0.000666678 0.914667
0.000666678 0.915
0.000666678 0.915333
0.000666678 0.915667
0.000666678 0.916
0.000666678 0.916333
0.000666678 0.916667
0.000666678 0.917
0.000666678 0.917333
0.000666678 0.917667
0.000666678 0.918
0.000666678 0.918333
0.000666678 0.918667
0.000666678 0.919
0.000666678 0.919333
0.000666678 0.919667
0.000666678 0.92
0.000666678 0.920333
0.000666678 0.920667
0.000666678 0.921
0.000666678 0.921333
0.000666678 0.921667
0.000666678 0.922
0.000666678 0.922333
0.000666678 0.922667
0.000666678 0.923
0.000666678 0.923333
0.000666678 0.923667
0.000666678 0.924
0.000666678 0.924333
0.000666678 0.924667
0.000666678 0.925
0.000666678 0.925333
0.000666678 0.925667
0.000666678 0.926
0.000666678 0.926333
0.000666678 0.926667
0.000666678 0.927
0.000666678 0.927333
0.000666678 0.927667
0.000666678 0.928
0.000666678 0.928333
0.000666678 0.928667
0.000666678 0.929
0.000666678 0.929333
0.000666678 0.929667
0.000666678 0.93
0.000666678 0.930333
0.000666678 0.930667
0.000666678 0.931
0.000666678 0.931333
0.000666678 0.931667
0.000666678 0.932
0.000666678 0.932333
0.000666678 0.932667
0.000666678 0.933
0.000666678 0.933333
0.000666678 0.933667
0.000666678 0.934
0.000666678 0.934333
0.000666678 0.934667
0.000666678 0.935
0.000666678 0.935333
0.000666678 0.935667
0.000666678 0.936
0.000666678 0.936333
0.000666678 0.936667
0.000666678 0.937
0.000666678 0.937333
0.000666678 0.937667
0.000666678 0.938
0.000666678 0.938333
0.000666678 0.938667
0.000666678 0.939
0.000666678 0.939333
0.000666678 0.939667
0.000666678 0.94
0.000666678 0.940333
0.000666678 0.940667
0.000999987 0.940667
0.000999987 0.941
0.000999987 0.941333
0.000999987 0.941667
0.000999987 0.942
0.000999987 0.942333
0.000999987 0.942667
0.000999987 0.943
0.000999987 0.943333
0.000999987 0.943667
0.000999987 0.944
0.000999987 0.944333
0.000999987 0.944667
0.000999987 0.945
0.000999987 0.945333
0.000999987 0.945667
0.000999987 0.946
0.000999987 0.946333
0.000999987 0.946667
0.000999987 0.947
0.000999987 0.947333
0.000999987 0.947667
0.000999987 0.948
0.000999987 0.948333
0.000999987 0.948667
0.000999987 0.949
0.000999987 0.949333
0.000999987 0.949667
0.00133336 0.949667
0.00133336 0.95
0.00133336 0.950333
0.00133336 0.950667
0.00133336 0.951
0.00133336 0.951333
0.00133336 0.951667
0.00133336 0.952
0.00133336 0.952333
0.00133336 0.952667
0.00133336 0.953
0.00133336 0.953333
0.00133336 0.953667
0.00133336 0.954
0.00133336 0.954333
0.00166667 0.954333
0.00166667 0.954667
0.00166667 0.955
0.00166667 0.955333
0.00166667 0.955667
0.00166667 0.956
0.00166667 0.956333
0.00166667 0.956667
0.00166667 0.957
0.00166667 0.957333
0.00166667 0.957667
0.00166667 0.958
0.00166667 0.958333
0.00166667 0.958667
0.00166667 0.959
0.00166667 0.959333
0.00166667 0.959667
0.00166667 0.96
0.00166667 0.960333
0.00166667 0.960667
0.00166667 0.961
0.00166667 0.961333
0.00199997 0.961333
0.00199997 0.961667
0.00199997 0.962
0.00199997 0.962333
0.00199997 0.962667
0.00199997 0.963
0.00199997 0.963333
0.00199997 0.963667
0.00199997 0.964
0.00199997 0.964333
0.00233334 0.964333
0.00233334 0.964667
0.00233334 0.965
0.00233334 0.965333
0.00233334 0.965667
0.00233334 0.966
0.00233334 0.966333
0.00266665 0.966333
0.00266665 0.966667
0.00300002 0.966667
0.00300002 0.967
0.00300002 0.967333
0.00333333 0.967333
0.00333333 0.967667
0.00366664 0.967667
0.00366664 0.968
0.00366664 0.968333
0.00366664 0.968667
0.00366664 0.969
0.00366664 0.969333
0.00366664 0.969667
0.00366664 0.97
0.00366664 0.970333
0.00366664 0.970667
0.00366664 0.971
0.00366664 0.971333
0.00400001 0.971333
0.00400001 0.971667
0.00400001 0.972
0.00400001 0.972333
0.00400001 0.972667
0.00400001 0.973
0.00400001 0.973333
0.00400001 0.973667
0.00400001 0.974
0.00400001 0.974333
0.00400001 0.974667
0.00400001 0.975
0.00400001 0.975333
0.00400001 0.975667
0.00400001 0.976
0.00400001 0.976333
0.00400001 0.976667
0.00400001 0.977
0.00400001 0.977333
0.00433332 0.977333
0.00433332 0.977667
0.00433332 0.978
0.00433332 0.978333
0.00433332 0.978667
0.00433332 0.979
0.00433332 0.979333
0.00433332 0.979667
0.00433332 0.98
0.00433332 0.980333
0.00433332 0.980667
0.00433332 0.981
0.00433332 0.981333
0.00433332 0.981667
0.00433332 0.982
0.00433332 0.982333
0.00433332 0.982667
0.00433332 0.983
0.00433332 0.983333
0.00433332 0.983667
0.00433332 0.984
0.00433332 0.984333
0.00433332 0.984667
0.00466669 0.984667
0.00466669 0.985
0.00466669 0.985333
0.00466669 0.985667
0.005 0.985667
0.005 0.986
0.005 0.986333
0.0053333 0.986333
0.0053333 0.986667
0.0053333 0.987
0.0053333 0.987333
0.0053333 0.987667
0.0053333 0.988
0.0053333 0.988333
0.0053333 0.988667
0.00566667 0.988667
0.00599998 0.988667
0.00599998 0.989
0.00633335 0.989
0.00633335 0.989333
0.00633335 0.989667
0.00633335 0.99
0.00633335 0.990333
0.00633335 0.990667
0.00666666 0.990667
0.00666666 0.991
0.00666666 0.991333
0.00700003 0.991333
0.00700003 0.991667
0.00733334 0.991667
0.00733334 0.992
0.00766665 0.992
0.00766665 0.992333
0.00800002 0.992333
0.00833333 0.992333
0.00866669 0.992333
0.009 0.992333
0.00933331 0.992333
0.00966668 0.992333
0.00999999 0.992333
0.0103334 0.992333
0.0106667 0.992333
0.011 0.992333
0.0113333 0.992333
0.0116667 0.992333
0.012 0.992333
0.0123333 0.992333
0.0126666 0.992333
0.013 0.992333
0.0133333 0.992333
0.0136667 0.992333
0.014 0.992333
0.0143333 0.992333
0.0146667 0.992333
0.015 0.992333
0.0153334 0.992333
0.0153334 0.992667
0.0156667 0.992667
0.016 0.992667
0.0163333 0.992667
0.0166667 0.992667
0.017 0.992667
0.0173333 0.992667
0.0176666 0.992667
0.018 0.992667
0.0183333 0.992667
0.0186667 0.992667
0.019 0.992667
0.0193334 0.992667
0.0196667 0.992667
0.02 0.992667
0.0203333 0.992667
0.0206667 0.992667
0.021 0.992667
0.0213333 0.992667
0.0216666 0.992667
0.022 0.992667
0.0223333 0.992667
0.0226667 0.992667
0.023 0.992667
0.0233333 0.992667
0.0236667 0.992667
0.024 0.992667
0.0243334 0.992667
0.0246667 0.992667
0.025 0.992667
0.0253333 0.992667
0.0256667 0.992667
0.026 0.992667
0.026 0.993
0.0263333 0.993
0.0263333 0.993333
0.0266666 0.993333
0.027 0.993333
0.0273333 0.993333
0.0276667 0.993333
0.028 0.993333
0.0283333 0.993333
0.0286667 0.993333
0.029 0.993333
0.0293334 0.993333
0.0296667 0.993333
0.03 0.993333
0.0303333 0.993333
0.0306666 0.993333
0.031 0.993333
0.0313333 0.993333
0.0316666 0.993333
0.032 0.993333
0.0323333 0.993333
0.0326667 0.993333
0.0326667 0.993667
0.033 0.993667
0.0333334 0.993667
0.0336667 0.993667
0.034 0.993667
0.0343333 0.993667
0.0346667 0.993667
0.035 0.993667
0.0353333 0.993667
0.0356666 0.993667
0.036 0.993667
0.0363333 0.993667
0.0366667 0.993667
0.037 0.993667
0.0373333 0.993667
0.0376667 0.993667
0.038 0.993667
0.0383334 0.993667
0.0386667 0.993667
0.039 0.993667
0.039 0.994
0.0393333 0.994
0.0396667 0.994
0.04 0.994
0.0403333 0.994
0.0406666 0.994
0.041 0.994
0.0413333 0.994
0.0416667 0.994
0.042 0.994
0.0423334 0.994
0.0426667 0.994
0.043 0.994
0.043 0.994333
0.0433334 0.994333
0.0436667 0.994333
0.044 0.994333
0.044 0.994667
0.0443333 0.994667
0.0446666 0.994667
0.045 0.994667
0.0453333 0.994667
0.0456667 0.994667
0.046 0.994667
0.0463333 0.994667
0.0466667 0.994667
0.047 0.994667
0.0473334 0.994667
0.0476667 0.994667
0.048 0.994667
0.0483333 0.994667
0.0483333 0.995
0.0486667 0.995
0.0486667 0.995333
0.049 0.995333
0.0493333 0.995333
0.0496666 0.995333
0.05 0.995333
0.0503333 0.995333
0.0506667 0.995333
0.051 0.995333
0.0513333 0.995333
0.0516667 0.995333
0.052 0.995333
0.0523334 0.995333
0.0526667 0.995333
0.053 0.995333
0.0533333 0.995333
0.0536667 0.995333
0.054 0.995333
0.0543333 0.995333
0.0546666 0.995333
0.055 0.995333
0.0553333 0.995333
0.0556667 0.995333
0.056 0.995333
0.056 0.995667
0.0563333 0.995667
0.0566667 0.995667
0.057 0.995667
0.0573334 0.995667
0.0576667 0.995667
0.058 0.995667
0.0583333 0.995667
0.0586666 0.995667
0.059 0.995667
0.0593333 0.995667
0.0596667 0.995667
0.06 0.995667
0.06 0.996
0.0603333 0.996
0.0606667 0.996
0.061 0.996
0.0613334 0.996
0.0616667 0.996
0.062 0.996
0.0623333 0.996
0.0626667 0.996
0.063 0.996
0.0633333 0.996
0.0636666 0.996
0.064 0.996
0.0643333 0.996
0.0646667 0.996
0.065 0.996
0.0653334 0.996
0.0656667 0.996
0.066 0.996
0.0663334 0.996
0.0666667 0.996
0.067 0.996
0.0673333 0.996
0.0676666 0.996
0.068 0.996
0.068 0.996333
0.0683333 0.996333
0.0686667 0.996333
0.069 0.996333
0.0693333 0.996333
0.0696667 0.996333
0.07 0.996333
0.0703334 0.996333
0.0706667 0.996333
0.071 0.996333
0.0713333 0.996333
0.0716667 0.996333
0.072 0.996333
0.0723333 0.996333
0.0726666 0.996333
0.073 0.996333
0.0733333 0.996333
0.0733333 0.996667
0.0736667 0.996667
0.074 0.996667
0.0743333 0.996667
0.0746667 0.996667
0.075 0.996667
0.0753334 0.996667
0.0756667 0.996667
0.076 0.996667
0.0763333 0.996667
0.0766667 0.996667
0.077 0.996667
0.0773333 0.996667
0.0776666 0.996667
0.078 0.996667
0.0783333 0.996667
0.0786667 0.996667
0.079 0.996667
0.0793333 0.996667
0.0796667 0.996667
0.08 0.996667
0.0803334 0.996667
0.0806667 0.996667
0.081 0.996667
0.0813333 0.996667
0.0816666 0.996667
0.082 0.996667
0.0823333 0.996667
0.0826666 0.996667
0.083 0.996667
0.0833333 0.996667
0.0836667 0.996667
0.084 0.996667
0.0843333 0.996667
0.0843333 0.997
0.0846667 0.997
0.0846667 0.997333
0.085 0.997333
0.0853333 0.997333
0.0856667 0.997333
0.086 0.997333
0.0863333 0.997333
0.0866666 0.997333
0.087 0.997333
0.0873333 0.997333
0.0876667 0.997333
0.088 0.997333
0.0883333 0.997333
0.0886667 0.997333
0.089 0.997333
0.0893334 0.997333
0.0896667 0.997333
0.09 0.997333
0.0903333 0.997333
0.0906667 0.997333
0.091 0.997333
0.0913333 0.997333
0.0916667 0.997333
0.092 0.997333
0.0923333 0.997333
0.0926667 0.997333
0.093 0.997333
0.0933334 0.997333
0.0936667 0.997333
0.094 0.997333
0.0943334 0.997333
0.0946667 0.997333
0.095 0.997333
0.0953333 0.997333
0.0956666 0.997333
0.096 0.997333
0.0963333 0.997333
0.0963333 0.997667
0.0966667 0.997667
0.097 0.997667
0.0973333 0.997667
0.0976667 0.997667
0.098 0.997667
0.0983334 0.997667
0.0986667 0.997667
0.099 0.997667
0.0993333 0.997667
0.0996667 0.997667
0.1 0.997667
0.100333 0.997667
0.100667 0.997667
0.101 0.997667
0.101333 0.997667
0.101667 0.997667
0.102 0.997667
0.102333 0.997667
0.102667 0.997667
0.103 0.997667
0.103333 0.997667
0.103667 0.997667
0.104 0.997667
0.104333 0.997667
0.104667 0.997667
0.105 0.997667
0.105333 0.997667
0.105667 0.997667
0.106 0.997667
0.106333 0.997667
0.106667 0.997667
0.107 0.997667
0.107333 0.997667
0.107667 0.997667
0.108 0.997667
0.108333 0.997667
0.108667 0.997667
0.108667 0.998
0.109 0.998
0.109333 0.998
0.109667 0.998
0.11 0.998
0.110333 0.998
0.110667 0.998
0.111 0.998
0.111333 0.998
0.111667 0.998
0.112 0.998
0.112333 0.998
0.112667 0.998
0.113 0.998
0.113333 0.998
0.113667 0.998
0.114 0.998
0.114333 0.998
0.114667 0.998
0.115 0.998
0.115333 0.998
0.115667 0.998
0.116 0.998
0.116333 0.998
0.116667 0.998
0.117 0.998
0.117333 0.998
0.117667 0.998
0.118 0.998
0.118333 0.998
0.118667 0.998
0.119 0.998
0.119333 0.998
0.119667 0.998
0.12 0.998
0.120333 0.998
0.120667 0.998
0.121 0.998
0.121333 0.998
0.121667 0.998
0.122 0.998
0.122333 0.998
0.122667 0.998
0.123 0.998
0.123333 0.998
0.123667 0.998
0.124 0.998
0.124333 0.998
0.124667 0.998
0.125 0.998
0.125333 0.998
0.125667 0.998
0.126 0.998
0.126333 0.998
0.126667 0.998
0.127 0.998
0.127333 0.998
0.127667 0.998
0.128 0.998
0.128333 0.998
0.128667 0.998
0.129 0.998
0.129333 0.998
0.129667 0.998
0.13 0.998
0.130333 0.998
0.130667 0.998
0.131 0.998
0.131333 0.998
0.131667 0.998
0.132 0.998
0.132333 0.998
0.132667 0.998
0.133 0.998
0.133333 0.998
0.133667 0.998
0.134 0.998
0.134333 0.998
0.134667 0.998
0.135 0.998
0.135333 0.998
0.135667 0.998
0.136 0.998
0.136333 0.998
0.136667 0.998
0.137 0.998
0.137333 0.998
0.137667 0.998
0.138 0.998
0.138333 0.998
0.138667 0.998
0.139 0.998
0.139333 0.998
0.139667 0.998
0.14 0.998
0.140333 0.998
0.140667 0.998
0.141 0.998
0.141333 0.998
0.141667 0.998
0.142 0.998
0.142333 0.998
0.142667 0.998
0.143 0.998
0.143333 0.998
0.143667 0.998
0.144 0.998
0.144333 0.998
0.144667 0.998
0.145 0.998
0.145333 0.998
0.145667 0.998
0.146 0.998
0.146333 0.998
0.146667 0.998
0.147 0.998
0.147333 0.998
0.147667 0.998
0.148 0.998
0.148333 0.998
0.148667 0.998
0.149 0.998
0.149333 0.998
0.149667 0.998
0.15 0.998
0.150333 0.998
0.150667 0.998
0.151 0.998
0.151333 0.998
0.151667 0.998
0.152 0.998
0.152333 0.998
0.152667 0.998
0.153 0.998
0.153333 0.998
0.153667 0.998
0.154 0.998
0.154333 0.998
0.154667 0.998
0.155 0.998
0.155333 0.998
0.155667 0.998
0.156 0.998
0.156333 0.998
0.156667 0.998
0.157 0.998
0.157333 0.998
0.157667 0.998
0.158 0.998
0.158333 0.998
0.158667 0.998
0.159 0.998
0.159333 0.998
0.159667 0.998
0.16 0.998
0.160333 0.998
0.160667 0.998
0.161 0.998
0.161333 0.998
0.161667 0.998
0.162 0.998
0.162333 0.998
0.162667 0.998
0.163 0.998
0.163333 0.998
0.163667 0.998
0.164 0.998
0.164333 0.998
0.164667 0.998
0.165 0.998
0.165333 0.998
0.165667 0.998
0.166 0.998
0.166333 0.998
0.166667 0.998
0.167 0.998
0.167333 0.998
0.167667 0.998
0.168 0.998
0.168333 0.998
0.168667 0.998
0.169 0.998
0.169333 0.998
0.169667 0.998
0.17 0.998
0.170333 0.998
0.170667 0.998
0.171 0.998
0.171333 0.998
0.171667 0.998
0.172 0.998
0.172333 0.998
0.172667 0.998
0.173 0.998
0.173333 0.998
0.173667 0.998
0.174 0.998
0.174333 0.998
0.174667 0.998
0.175 0.998
0.175333 0.998
0.175667 0.998
0.176 0.998
0.176333 0.998
0.176667 0.998
0.177 0.998
0.177333 0.998
0.177667 0.998
0.178 0.998
0.178333 0.998
0.178667 0.998
0.179 0.998
0.179333 0.998
0.179667 0.998
0.18 0.998
0.180333 0.998
0.180667 0.998
0.181 0.998
0.181333 0.998
0.181667 0.998
0.182 0.998
0.182333 0.998
0.182667 0.998
0.183 0.998
0.183333 0.998
0.183667 0.998
0.184 0.998
0.184333 0.998
0.184667 0.998
0.185 0.998
0.185333 0.998
0.185667 0.998
0.186 0.998
0.186333 0.998
0.186333 0.998333
0.186667 0.998333
0.187 0.998333
0.187333 0.998333
0.187667 0.998333
0.188 0.998333
0.188333 0.998333
0.188667 0.998333
0.189 0.998333
0.189333 0.998333
0.189667 0.998333
0.19 0.998333
0.190333 0.998333
0.190667 0.998333
0.191 0.998333
0.191333 0.998333
0.191667 0.998333
0.192 0.998333
0.192333 0.998333
0.192667 0.998333
0.193 0.998333
0.193333 0.998333
0.193667 0.998333
0.194 0.998333
0.194333 0.998333
0.194667 0.998333
0.195 0.998333
0.195333 0.998333
0.195667 0.998333
0.196 0.998333
0.196333 0.998333
0.196667 0.998333
0.197 0.998333
0.197333 0.998333
0.197667 0.998333
0.198 0.998333
0.198333 0.998333
0.198667 0.998333
0.199 0.998333
0.199333 0.998333
0.199667 0.998333
0.2 0.998333
0.200333 0.998333
0.200667 0.998333
0.201 0.998333
0.201333 0.998333
0.201667 0.998333
0.202 0.998333
0.202333 0.998333
0.202667 0.998333
0.203 0.998333
0.203333 0.998333
0.203667 0.998333
0.204 0.998333
0.204333 0.998333
0.204667 0.998333
0.205 0.998333
0.205333 0.998333
0.205667 0.998333
0.206 0.998333
0.206333 0.998333
0.206667 0.998333
0.207 0.998333
0.207333 0.998333
0.207667 0.998333
0.208 0.998333
0.208333 0.998333
0.208667 0.998333
0.209 0.998333
0.209333 0.998333
0.209667 0.998333
0.21 0.998333
0.210333 0.998333
0.210667 0.998333
0.211 0.998333
0.211333 0.998333
0.211667 0.998333
0.212 0.998333
0.212333 0.998333
0.212667 0.998333
0.213 0.998333
0.213333 0.998333
0.213667 0.998333
0.214 0.998333
0.214333 0.998333
0.214667 0.998333
0.215 0.998333
0.215333 0.998333
0.215667 0.998333
0.216 0.998333
0.216333 0.998333
0.216667 0.998333
0.216667 0.998667
0.217 0.998667
0.217333 0.998667
0.217667 0.998667
0.218 0.998667
0.218333 0.998667
0.218667 0.998667
0.219 0.998667
0.219333 0.998667
0.219667 0.998667
0.22 0.998667
0.220333 0.998667
0.220667 0.998667
0.221 0.998667
0.221333 0.998667
0.221667 0.998667
0.222 0.998667
0.222333 0.998667
0.222667 0.998667
0.223 0.998667
0.223333 0.998667
0.223667 0.998667
0.224 0.998667
0.224333 0.998667
0.224667 0.998667
0.225 0.998667
0.225333 0.998667
0.225667 0.998667
0.226 0.998667
0.226333 0.998667
0.226667 0.998667
0.227 0.998667
0.227333 0.998667
0.227667 0.998667
0.228 0.998667
0.228333 0.998667
0.228667 0.998667
0.229 0.998667
0.229333 0.998667
0.229667 0.998667
0.23 0.998667
0.230333 0.998667
0.230667 0.998667
0.231 0.998667
0.231333 0.998667
0.231667 0.998667
0.232 0.998667
0.232333 0.998667
0.232667 0.998667
0.233 0.998667
0.233333 0.998667
0.233667 0.998667
0.234 0.998667
0.234333 0.998667
0.234667 0.998667
0.235 0.998667
0.235333 0.998667
0.235667 0.998667
0.236 0.998667
0.236333 0.998667
0.236667 0.998667
0.237 0.998667
0.237333 0.998667
0.237667 0.998667
0.238 0.998667
0.238333 0.998667
0.238667 0.998667
0.239 0.998667
0.239333 0.998667
0.239667 0.998667
0.24 0.998667
0.240333 0.998667
0.240667 0.998667
0.241 0.998667
0.241333 0.998667
0.241667 0.998667
0.242 0.998667
0.242333 0.998667
0.242667 0.998667
0.243 0.998667
0.243333 0.998667
0.243667 0.998667
0.243667 0.999
0.244 0.999
0.244333 0.999
0.244667 0.999
0.245 0.999
0.245333 0.999
0.245667 0.999
0.246 0.999
0.246333 0.999
0.246667 0.999
0.247 0.999
0.247333 0.999
0.247667 0.999
0.248 0.999
0.248333 0.999
0.248667 0.999
0.249 0.999
0.249333 0.999
0.249667 0.999
0.25 0.999
0.250333 0.999
0.250667 0.999
0.251 0.999
0.251333 0.999
0.251667 0.999
0.252 0.999
0.252333 0.999
0.252667 0.999
0.253 0.999
0.253333 0.999
0.253667 0.999
0.254 0.999
0.254 0.999333
0.254333 0.999333
0.254667 0.999333
0.255 0.999333
0.255333 0.999333
0.255667 0.999333
0.256 0.999333
0.256333 0.999333
0.256667 0.999333
0.257 0.999333
0.257333 0.999333
0.257667 0.999333
0.258 0.999333
0.258333 0.999333
0.258667 0.999333
0.259 0.999333
0.259333 0.999333
0.259667 0.999333
0.26 0.999333
0.260333 0.999333
0.260667 0.999333
0.261 0.999333
0.261333 0.999333
0.261667 0.999333
0.262 0.999333
0.262333 0.999333
0.262667 0.999333
0.263 0.999333
0.263333 0.999333
0.263667 0.999333
0.264 0.999333
0.264333 0.999333
0.264667 0.999333
0.265 0.999333
0.265333 0.999333
0.265667 0.999333
0.266 0.999333
0.266333 0.999333
0.266667 0.999333
0.267 0.999333
0.267333 0.999333
0.267667 0.999333
0.268 0.999333
0.268333 0.999333
0.268667 0.999333
0.269 0.999333
0.269333 0.999333
0.269667 0.999333
0.27 0.999333
0.270333 0.999333
0.270667 0.999333
0.271 0.999333
0.271333 0.999333
0.271667 0.999333
0.272 0.999333
0.272333 0.999333
0.272667 0.999333
0.273 0.999333
0.273333 0.999333
0.273667 0.999333
0.274 0.999333
0.274333 0.999333
0.274667 0.999333
0.275 0.999333
0.275333 0.999333
0.275667 0.999333
0.276 0.999333
0.276333 0.999333
0.276667 0.999333
0.277 0.999333
0.277333 0.999333
0.277667 0.999333
0.278 0.999333
0.278333 0.999333
0.278667 0.999333
0.279 0.999333
0.279333 0.999333
0.279667 0.999333
0.28 0.999333
0.280333 0.999333
0.280667 0.999333
0.281 0.999333
0.281333 0.999333
0.281667 0.999333
0.282 0.999333
0.282333 0.999333
0.282667 0.999333
0.283 0.999333
0.283333 0.999333
0.283667 0.999333
0.284 0.999333
0.284333 0.999333
0.284667 0.999333
0.285 0.999333
0.285333 0.999333
0.285667 0.999333
0.286 0.999333
0.286333 0.999333
0.286667 0.999333
0.287 0.999333
0.287333 0.999333
0.287667 0.999333
0.288 0.999333
0.288333 0.999333
0.288667 0.999333
0.289 0.999333
0.289333 0.999333
0.289667 0.999333
0.29 0.999333
0.290333 0.999333
0.290667 0.999333
0.291 0.999333
0.291333 0.999333
0.291667 0.999333
0.292 0.999333
0.292333 0.999333
0.292667 0.999333
0.293 0.999333
0.293333 0.999333
0.293667 0.999333
0.294 0.999333
0.294333 0.999333
0.294667 0.999333
0.295 0.999333
0.295333 0.999333
0.295667 0.999333
0.296 0.999333
0.296333 0.999333
0.296667 0.999333
0.297 0.999333
0.297333 0.999333
0.297667 0.999333
0.298 0.999333
0.298333 0.999333
0.298667 0.999333
0.299 0.999333
0.299333 0.999333
0.299667 0.999333
0.3 0.999333
0.300333 0.999333
0.300667 0.999333
0.301 0.999333
0.301333 0.999333
0.301667 0.999333
0.302 0.999333
0.302333 0.999333
0.302667 0.999333
0.303 0.999333
0.303333 0.999333
0.303667 0.999333
0.304 0.999333
0.304333 0.999333
0.304667 0.999333
0.305 0.999333
0.305333 0.999333
0.305667 0.999333
0.306 0.999333
0.306333 0.999333
0.306667 0.999333
0.307 0.999333
0.307333 0.999333
0.307667 0.999333
0.308 0.999333
0.308333 0.999333
0.308667 0.999333
0.309 0.999333
0.309333 0.999333
0.309667 0.999333
0.31 0.999333
0.310333 0.999333
0.310667 0.999333
0.311 0.999333
0.311333 0.999333
0.311667 0.999333
0.312 0.999333
0.312333 0.999333
0.312667 0.999333
0.313 0.999333
0.313333 0.999333
0.313667 0.999333
0.314 0.999333
0.314333 0.999333
0.314667 0.999333
0.315 0.999333
0.315333 0.999333
0.315667 0.999333
0.316 0.999333
0.316333 0.999333
0.316667 0.999333
0.317 0.999333
0.317333 0.999333
0.317667 0.999333
0.318 0.999333
0.318333 0.999333
0.318667 0.999333
0.319 0.999333
0.319333 0.999333
0.319667 0.999333
0.32 0.999333
0.320333 0.999333
0.320667 0.999333
0.321 0.999333
0.321333 0.999333
0.321667 0.999333
0.322 0.999333
0.322333 0.999333
0.322667 0.999333
0.323 0.999333
0.323333 0.999333
0.323667 0.999333
0.324 0.999333
0.324333 0.999333
0.324667 0.999333
0.325 0.999333
0.325333 0.999333
0.325667 0.999333
0.326 0.999333
0.326333 0.999333
0.326667 0.999333
0.327 0.999333
0.327333 0.999333
0.327667 0.999333
0.328 0.999333
0.328333 0.999333
0.328667 0.999333
0.329 0.999333
0.329333 0.999333
0.329667 0.999333
0.33 0.999333
0.330333 0.999333
0.330667 0.999333
0.331 0.999333
0.331333 0.999333
0.331667 0.999333
0.332 0.999333
0.332333 0.999333
0.332667 0.999333
0.333 0.999333
0.333333 0.999333
0.333667 0.999333
0.334 0.999333
0.334333 0.999333
0.334667 0.999333
0.335 0.999333
0.335333 0.999333
0.335667 0.999333
0.336 0.999333
0.336333 0.999333
0.336667 0.999333
0.337 0.999333
0.337333 0.999333
0.337667 0.999333
0.338 0.999333
0.338333 0.999333
0.338667 0.999333
0.339 0.999333
0.339333 0.999333
0.339667 0.999333
0.34 0.999333
0.340333 0.999333
0.340667 0.999333
0.341 0.999333
0.341333 0.999333
0.341667 0.999333
0.342 0.999333
0.342333 0.999333
0.342667 0.999333
0.343 0.999333
0.343333 0.999333
0.343667 0.999333
0.344 0.999333
0.344333 0.999333
0.344667 0.999333
0.345 0.999333
0.345333 0.999333
0.345667 0.999333
0.346 0.999333
0.346333 0.999333
0.346667 0.999333
0.347 0.999333
0.347333 0.999333
0.347667 0.999333
0.348 0.999333
0.348333 0.999333
0.348667 0.999333
0.349 0.999333
0.349333 0.999333
0.349667 0.999333
0.35 0.999333
0.350333 0.999333
0.350667 0.999333
0.351 0.999333
0.351333 0.999333
0.351667 0.999333
0.352 0.999333
0.352333 0.999333
0.352667 0.999333
0.353 0.999333
0.353333 0.999333
0.353667 0.999333
0.354 0.999333
0.354333 0.999333
0.354667 0.999333
0.355 0.999333
0.355333 0.999333
0.355667 0.999333
0.356 0.999333
0.356333 0.999333
0.356667 0.999333
0.357 0.999333
0.357333 0.999333
0.357667 0.999333
0.358 0.999333
0.358333 0.999333
0.358667 0.999333
0.359 0.999333
0.359333 0.999333
0.359667 0.999333
0.36 0.999333
0.360333 0.999333
0.360667 0.999333
0.361 0.999333
0.361333 0.999333
0.361667 0.999333
0.362 0.999333
0.362333 0.999333
0.362667 0.999333
0.363 0.999333
0.363333 0.999333
0.363667 0.999333
0.364 0.999333
0.364333 0.999333
0.364667 0.999333
0.365 0.999333
0.365333 0.999333
0.365667 0.999333
0.366 0.999333
0.366333 0.999333
0.366667 0.999333
0.367 0.999333
0.367333 0.999333
0.367667 0.999333
0.368 0.999333
0.368333 0.999333
0.368667 0.999333
0.369 0.999333
0.369333 0.999333
0.369667 0.999333
0.37 0.999333
0.370333 0.999333
0.370667 0.999333
0.371 0.999333
0.371333 0.999333
0.371667 0.999333
0.372 0.999333
0.372333 0.999333
0.372667 0.999333
0.373 0.999333
0.373333 0.999333
0.373667 0.999333
0.374 0.999333
0.374333 0.999333
0.374667 0.999333
0.375 0.999333
0.375333 0.999333
0.375667 0.999333
0.376 0.999333
0.376333 0.999333
0.376667 0.999333
0.377 0.999333
0.377333 0.999333
0.377667 0.999333
0.378 0.999333
0.378333 0.999333
0.378667 0.999333
0.379 0.999333
0.379333 0.999333
0.379667 0.999333
0.38 0.999333
0.380333 0.999333
0.380667 0.999333
0.381 0.999333
0.381333 0.999333
0.381667 0.999333
0.382 0.999333
0.382333 0.999333
0.382667 0.999333
0.383 0.999333
0.383333 0.999333
0.383667 0.999333
0.384 0.999333
0.384333 0.999333
0.384667 0.999333
0.385 0.999333
0.385333 0.999333
0.385667 0.999333
0.386 0.999333
0.386333 0.999333
0.386667 0.999333
0.387 0.999333
0.387333 0.999333
0.387667 0.999333
0.388 0.999333
0.388333 0.999333
0.388667 0.999333
0.389 0.999333
0.389333 0.999333
0.389667 0.999333
0.39 0.999333
0.390333 0.999333
0.390667 0.999333
0.391 0.999333
0.391333 0.999333
0.391667 0.999333
0.392 0.999333
0.392333 0.999333
0.392667 0.999333
0.393 0.999333
0.393333 0.999333
0.393667 0.999333
0.394 0.999333
0.394333 0.999333
0.394667 0.999333
0.395 0.999333
0.395333 0.999333
0.395667 0.999333
0.396 0.999333
0.396333 0.999333
0.396667 0.999333
0.397 0.999333
0.397333 0.999333
0.397667 0.999333
0.398 0.999333
0.398 0.999667
0.398333 0.999667
0.398667 0.999667
0.399 0.999667
0.399333 0.999667
0.399667 0.999667
0.4 0.999667
0.400333 0.999667
0.400667 0.999667
0.401 0.999667
0.401333 0.999667
0.401667 0.999667
0.402 0.999667
0.402333 0.999667
0.402667 0.999667
0.403 0.999667
0.403333 0.999667
0.403667 0.999667
0.404 0.999667
0.404333 0.999667
0.404667 0.999667
0.405 0.999667
0.405333 0.999667
0.405667 0.999667
0.406 0.999667
0.406333 0.999667
0.406667 0.999667
0.407 0.999667
0.407333 0.999667
0.407667 0.999667
0.408 0.999667
0.408333 0.999667
0.408667 0.999667
0.409 0.999667
0.409333 0.999667
0.409667 0.999667
0.41 0.999667
0.410333 0.999667
0.410667 0.999667
0.411 0.999667
0.411333 0.999667
0.411667 0.999667
0.412 0.999667
0.412333 0.999667
0.412667 0.999667
0.413 0.999667
0.413333 0.999667
0.413667 0.999667
0.414 0.999667
0.414333 0.999667
0.414667 0.999667
0.415 0.999667
0.415333 0.999667
0.415667 0.999667
0.416 0.999667
0.416333 0.999667
0.416667 0.999667
0.417 0.999667
0.417333 0.999667
0.417667 0.999667
0.418 0.999667
0.418333 0.999667
0.418667 0.999667
0.419 0.999667
0.419333 0.999667
0.419667 0.999667
0.42 0.999667
0.420333 0.999667
0.420667 0.999667
0.421 0.999667
0.421333 0.999667
0.421667 0.999667
0.422 0.999667
0.422333 0.999667
0.422667 0.999667
0.423 0.999667
0.423333 0.999667
0.423667 0.999667
0.424 0.999667
0.424333 0.999667
0.424667 0.999667
0.425 0.999667
0.425333 0.999667
0.425667 0.999667
0.426 0.999667
0.426333 0.999667
0.426667 0.999667
0.427 0.999667
0.427333 0.999667
0.427667 0.999667
0.428 0.999667
0.428333 0.999667
0.428667 0.999667
0.429 0.999667
0.429333 0.999667
0.429667 0.999667
0.43 0.999667
0.430333 0.999667
0.430667 0.999667
0.431 0.999667
0.431333 0.999667
0.431667 0.999667
0.432 0.999667
0.432333 0.999667
0.432667 0.999667
0.433 0.999667
0.433333 0.999667
0.433667 0.999667
0.434 0.999667
0.434333 0.999667
0.434667 0.999667
0.435 0.999667
0.435333 0.999667
0.435667 0.999667
0.436 0.999667
0.436333 0.999667
0.436667 0.999667
0.437 0.999667
0.437333 0.999667
0.437667 0.999667
0.438 0.999667
0.438333 0.999667
0.438667 0.999667
0.439 0.999667
0.439333 0.999667
0.439667 0.999667
0.44 0.999667
0.440333 0.999667
0.440667 0.999667
0.441 0.999667
0.441333 0.999667
0.441667 0.999667
0.442 0.999667
0.442333 0.999667
0.442667 0.999667
0.443 0.999667
0.443333 0.999667
0.443667 0.999667
0.444 0.999667
0.444333 0.999667
0.444667 0.999667
0.445 0.999667
0.445333 0.999667
0.445667 0.999667
0.446 0.999667
0.446333 0.999667
0.446667 0.999667
0.447 0.999667
0.447333 0.999667
0.447667 0.999667
0.448 0.999667
0.448333 0.999667
0.448667 0.999667
0.449 0.999667
0.449333 0.999667
0.449667 0.999667
0.45 0.999667
0.450333 0.999667
0.450667 0.999667
0.451 0.999667
0.451333 0.999667
0.451667 0.999667
0.452 0.999667
0.452333 0.999667
0.452667 0.999667
0.453 0.999667
0.453333 0.999667
0.453667 0.999667
0.454 0.999667
0.454333 0.999667
0.454667 0.999667
0.455 0.999667
0.455333 0.999667
0.455667 0.999667
0.456 0.999667
0.456333 0.999667
0.456667 0.999667
0.457 0.999667
0.457333 0.999667
0.457667 0.999667
0.458 0.999667
0.458333 0.999667
0.458667 0.999667
0.459 0.999667
0.459333 0.999667
0.459667 0.999667
0.46 0.999667
0.460333 0.999667
0.460667 0.999667
0.461 0.999667
0.461333 0.999667
0.461667 0.999667
0.462 0.999667
0.462333 0.999667
0.462667 0.999667
0.463 0.999667
0.463333 0.999667
0.463667 0.999667
0.464 0.999667
0.464333 0.999667
0.464667 0.999667
0.465 0.999667
0.465333 0.999667
0.465667 0.999667
0.466 0.999667
0.466333 0.999667
0.466667 0.999667
0.467 0.999667
0.467333 0.999667
0.467667 0.999667
0.468 0.999667
0.468333 0.999667
0.468667 0.999667
0.469 0.999667
0.469333 0.999667
0.469667 0.999667
0.47 0.999667
0.470333 0.999667
0.470667 0.999667
0.471 0.999667
0.471333 0.999667
0.471667 0.999667
0.472 0.999667
0.472333 0.999667
0.472667 0.999667
0.473 0.999667
0.473333 0.999667
0.473667 0.999667
0.474 0.999667
0.474333 0.999667
0.474667 0.999667
0.475 0.999667
0.475333 0.999667
0.475667 0.999667
0.476 0.999667
0.476333 0.999667
0.476667 0.999667
0.477 0.999667
0.477333 0.999667
0.477667 0.999667
0.478 0.999667
0.478333 0.999667
0.478667 0.999667
0.479 0.999667
0.479333 0.999667
0.479667 0.999667
0.48 0.999667
0.480333 0.999667
0.480667 0.999667
0.481 0.999667
0.481333 0.999667
0.481667 0.999667
0.482 0.999667
0.482333 0.999667
0.482667 0.999667
0.483 0.999667
0.483333 0.999667
0.483667 0.999667
0.484 0.999667
0.484333 0.999667
0.484667 0.999667
0.485 0.999667
0.485333 0.999667
0.485667 0.999667
0.486 0.999667
0.486333 0.999667
0.486667 0.999667
0.487 0.999667
0.487333 0.999667
0.487667 0.999667
0.488 0.999667
0.488333 0.999667
0.488667 0.999667
0.489 0.999667
0.489333 0.999667
0.489667 0.999667
0.49 0.999667
0.490333 0.999667
0.490667 0.999667
0.491 0.999667
0.491 1
0.491333 1
0.491667 1
0.492 1
0.492333 1
0.492667 1
0.493 1
0.493333 1
0.493667 1
0.494 1
0.494333 1
0.494667 1
0.495 1
0.495333 1
0.495667 1
0.496 1
0.496333 1
0.496667 1
0.497 1
0.497333 1
0.497667 1
0.498 1
0.498333 1
0.498667 1
0.499 1
0.499333 1
0.499667 1
0.5 1
0.500333 1
0.500667 1
0.501 1
0.501333 1
0.501667 1
0.502 1
0.502333 1
0.502667 1
0.503 1
0.503333 1
0.503667 1
0.504 1
0.504333 1
0.504667 1
0.505 1
0.505333 1
0.505667 1
0.506 1
0.506333 1
0.506667 1
0.507 1
0.507333 1
0.507667 1
0.508 1
0.508333 1
0.508667 1
0.509 1
0.509333 1
0.509667 1
0.51 1
0.510333 1
0.510667 1
0.511 1
0.511333 1
0.511667 1
0.512 1
0.512333 1
0.512667 1
0.513 1
0.513333 1
0.513667 1
0.514 1
0.514333 1
0.514667 1
0.515 1
0.515333 1
0.515667 1
0.516 1
0.516333 1
0.516667 1
0.517 1
0.517333 1
0.517667 1
0.518 1
0.518333 1
0.518667 1
0.519 1
0.519333 1
0.519667 1
0.52 1
0.520333 1
0.520667 1
0.521 1
0.521333 1
0.521667 1
0.522 1
0.522333 1
0.522667 1
0.523 1
0.523333 1
0.523667 1
0.524 1
0.524333 1
0.524667 1
0.525 1
0.525333 1
0.525667 1
0.526 1
0.526333 1
0.526667 1
0.527 1
0.527333 1
0.527667 1
0.528 1
0.528333 1
0.528667 1
0.529 1
0.529333 1
0.529667 1
0.53 1
0.530333 1
0.530667 1
0.531 1
0.531333 1
0.531667 1
0.532 1
0.532333 1
0.532667 1
0.533 1
0.533333 1
0.533667 1
0.534 1
0.534333 1
0.534667 1
0.535 1
0.535333 1
0.535667 1
0.536 1
0.536333 1
0.536667 1
0.537 1
0.537333 1
0.537667 1
0.538 1
0.538333 1
0.538667 1
0.539 1
0.539333 1
0.539667 1
0.54 1
0.540333 1
0.540667 1
0.541 1
0.541333 1
0.541667 1
0.542 1
0.542333 1
0.542667 1
0.543 1
0.543333 1
0.543667 1
0.544 1
0.544333 1
0.544667 1
0.545 1
0.545333 1
0.545667 1
0.546 1
0.546333 1
0.546667 1
0.547 1
0.547333 1
0.547667 1
0.548 1
0.548333 1
0.548667 1
0.549 1
0.549333 1
0.549667 1
0.55 1
0.550333 1
0.550667 1
0.551 1
0.551333 1
0.551667 1
0.552 1
0.552333 1
0.552667 1
0.553 1
0.553333 1
0.553667 1
0.554 1
0.554333 1
0.554667 1
0.555 1
0.555333 1
0.555667 1
0.556 1
0.556333 1
0.556667 1
0.557 1
0.557333 1
0.557667 1
0.558 1
0.558333 1
0.558667 1
0.559 1
0.559333 1
0.559667 1
0.56 1
0.560333 1
0.560667 1
0.561 1
0.561333 1
0.561667 1
0.562 1
0.562333 1
0.562667 1
0.563 1
0.563333 1
0.563667 1
0.564 1
0.564333 1
0.564667 1
0.565 1
0.565333 1
0.565667 1
0.566 1
0.566333 1
0.566667 1
0.567 1
0.567333 1
0.567667 1
0.568 1
0.568333 1
0.568667 1
0.569 1
0.569333 1
0.569667 1
0.57 1
0.570333 1
0.570667 1
0.571 1
0.571333 1
0.571667 1
0.572 1
0.572333 1
0.572667 1
0.573 1
0.573333 1
0.573667 1
0.574 1
0.574333 1
0.574667 1
0.575 1
0.575333 1
0.575667 1
0.576 1
0.576333 1
0.576667 1
0.577 1
0.577333 1
0.577667 1
0.578 1
0.578333 1
0.578667 1
0.579 1
0.579333 1
0.579667 1
0.58 1
0.580333 1
0.580667 1
0.581 1
0.581333 1
0.581667 1
0.582 1
0.582333 1
0.582667 1
0.583 1
0.583333 1
0.583667 1
0.584 1
0.584333 1
0.584667 1
0.585 1
0.585333 1
0.585667 1
0.586 1
0.586333 1
0.586667 1
0.587 1
0.587333 1
0.587667 1
0.588 1
0.588333 1
0.588667 1
0.589 1
0.589333 1
0.589667 1
0.59 1
0.590333 1
0.590667 1
0.591 1
0.591333 1
0.591667 1
0.592 1
0.592333 1
0.592667 1
0.593 1
0.593333 1
0.593667 1
0.594 1
0.594333 1
0.594667 1
0.595 1
0.595333 1
0.595667 1
0.596 1
0.596333 1
0.596667 1
0.597 1
0.597333 1
0.597667 1
0.598 1
0.598333 1
0.598667 1
0.599 1
0.599333 1
0.599667 1
0.6 1
0.600333 1
0.600667 1
0.601 1
0.601333 1
0.601667 1
0.602 1
0.602333 1
0.602667 1
0.603 1
0.603333 1
0.603667 1
0.604 1
0.604333 1
0.604667 1
0.605 1
0.605333 1
0.605667 1
0.606 1
0.606333 1
0.606667 1
0.607 1
0.607333 1
0.607667 1
0.608 1
0.608333 1
0.608667 1
0.609 1
0.609333 1
0.609667 1
0.61 1
0.610333 1
0.610667 1
0.611 1
0.611333 1
0.611667 1
0.612 1
0.612333 1
0.612667 1
0.613 1
0.613333 1
0.613667 1
0.614 1
0.614333 1
0.614667 1
0.615 1
0.615333 1
0.615667 1
0.616 1
0.616333 1
0.616667 1
0.617 1
0.617333 1
0.617667 1
0.618 1
0.618333 1
0.618667 1
0.619 1
0.619333 1
0.619667 1
0.62 1
0.620333 1
0.620667 1
0.621 1
0.621333 1
0.621667 1
0.622 1
0.622333 1
0.622667 1
0.623 1
0.623333 1
0.623667 1
0.624 1
0.624333 1
0.624667 1
0.625 1
0.625333 1
0.625667 1
0.626 1
0.626333 1
0.626667 1
0.627 1
0.627333 1
0.627667 1
0.628 1
0.628333 1
0.628667 1
0.629 1
0.629333 1
0.629667 1
0.63 1
0.630333 1
0.630667 1
0.631 1
0.631333 1
0.631667 1
0.632 1
0.632333 1
0.632667 1
0.633 1
0.633333 1
0.633667 1
0.634 1
0.634333 1
0.634667 1
0.635 1
0.635333 1
0.635667 1
0.636 1
0.636333 1
0.636667 1
0.637 1
0.637333 1
0.637667 1
0.638 1
0.638333 1
0.638667 1
0.639 1
0.639333 1
0.639667 1
0.64 1
0.640333 1
0.640667 1
0.641 1
0.641333 1
0.641667 1
0.642 1
0.642333 1
0.642667 1
0.643 1
0.643333 1
0.643667 1
0.644 1
0.644333 1
0.644667 1
0.645 1
0.645333 1
0.645667 1
0.646 1
0.646333 1
0.646667 1
0.647 1
0.647333 1
0.647667 1
0.648 1
0.648333 1
0.648667 1
0.649 1
0.649333 1
0.649667 1
0.65 1
0.650333 1
0.650667 1
0.651 1
0.651333 1
0.651667 1
0.652 1
0.652333 1
0.652667 1
0.653 1
0.653333 1
0.653667 1
0.654 1
0.654333 1
0.654667 1
0.655 1
0.655333 1
0.655667 1
0.656 1
0.656333 1
0.656667 1
0.657 1
0.657333 1
0.657667 1
0.658 1
0.658333 1
0.658667 1
0.659 1
0.659333 1
0.659667 1
0.66 1
0.660333 1
0.660667 1
0.661 1
0.661333 1
0.661667 1
0.662 1
0.662333 1
0.662667 1
0.663 1
0.663333 1
0.663667 1
0.664 1
0.664333 1
0.664667 1
0.665 1
0.665333 1
0.665667 1
0.666 1
0.666333 1
0.666667 1
0.667 1
0.667333 1
0.667667 1
0.668 1
0.668333 1
0.668667 1
0.669 1
0.669333 1
0.669667 1
0.67 1
0.670333 1
0.670667 1
0.671 1
0.671333 1
0.671667 1
0.672 1
0.672333 1
0.672667 1
0.673 1
0.673333 1
0.673667 1
0.674 1
0.674333 1
0.674667 1
0.675 1
0.675333 1
0.675667 1
0.676 1
0.676333 1
0.676667 1
0.677 1
0.677333 1
0.677667 1
0.678 1
0.678333 1
0.678667 1
0.679 1
0.679333 1
0.679667 1
0.68 1
0.680333 1
0.680667 1
0.681 1
0.681333 1
0.681667 1
0.682 1
0.682333 1
0.682667 1
0.683 1
0.683333 1
0.683667 1
0.684 1
0.684333 1
0.684667 1
0.685 1
0.685333 1
0.685667 1
0.686 1
0.686333 1
0.686667 1
0.687 1
0.687333 1
0.687667 1
0.688 1
0.688333 1
0.688667 1
0.689 1
0.689333 1
0.689667 1
0.69 1
0.690333 1
0.690667 1
0.691 1
0.691333 1
0.691667 1
0.692 1
0.692333 1
0.692667 1
0.693 1
0.693333 1
0.693667 1
0.694 1
0.694333 1
0.694667 1
0.695 1
0.695333 1
0.695667 1
0.696 1
0.696333 1
0.696667 1
0.697 1
0.697333 1
0.697667 1
0.698 1
0.698333 1
0.698667 1
0.699 1
0.699333 1
0.699667 1
0.7 1
0.700333 1
0.700667 1
0.701 1
0.701333 1
0.701667 1
0.702 1
0.702333 1
0.702667 1
0.703 1
0.703333 1
0.703667 1
0.704 1
0.704333 1
0.704667 1
0.705 1
0.705333 1
0.705667 1
0.706 1
0.706333 1
0.706667 1
0.707 1
0.707333 1
0.707667 1
0.708 1
0.708333 1
0.708667 1
0.709 1
0.709333 1
0.709667 1
0.71 1
0.710333 1
0.710667 1
0.711 1
0.711333 1
0.711667 1
0.712 1
0.712333 1
0.712667 1
0.713 1
0.713333 1
0.713667 1
0.714 1
0.714333 1
0.714667 1
0.715 1
0.715333 1
0.715667 1
0.716 1
0.716333 1
0.716667 1
0.717 1
0.717333 1
0.717667 1
0.718 1
0.718333 1
0.718667 1
0.719 1
0.719333 1
0.719667 1
0.72 1
0.720333 1
0.720667 1
0.721 1
0.721333 1
0.721667 1
0.722 1
0.722333 1
0.722667 1
0.723 1
0.723333 1
0.723667 1
0.724 1
0.724333 1
0.724667 1
0.725 1
0.725333 1
0.725667 1
0.726 1
0.726333 1
0.726667 1
0.727 1
0.727333 1
0.727667 1
0.728 1
0.728333 1
0.728667 1
0.729 1
0.729333 1
0.729667 1
0.73 1
0.730333 1
0.730667 1
0.731 1
0.731333 1
0.731667 1
0.732 1
0.732333 1
0.732667 1
0.733 1
0.733333 1
0.733667 1
0.734 1
0.734333 1
0.734667 1
0.735 1
0.735333 1
0.735667 1
0.736 1
0.736333 1
0.736667 1
0.737 1
0.737333 1
0.737667 1
0.738 1
0.738333 1
0.738667 1
0.739 1
0.739333 1
0.739667 1
0.74 1
0.740333 1
0.740667 1
0.741 1
0.741333 1
0.741667 1
0.742 1
0.742333 1
0.742667 1
0.743 1
0.743333 1
0.743667 1
0.744 1
0.744333 1
0.744667 1
0.745 1
0.745333 1
0.745667 1
0.746 1
0.746333 1
0.746667 1
0.747 1
0.747333 1
0.747667 1
0.748 1
0.748333 1
0.748667 1
0.749 1
0.749333 1
0.749667 1
0.75 1
0.750333 1
0.750667 1
0.751 1
0.751333 1
0.751667 1
0.752 1
0.752333 1
0.752667 1
0.753 1
0.753333 1
0.753667 1
0.754 1
0.754333 1
0.754667 1
0.755 1
0.755333 1
0.755667 1
0.756 1
0.756333 1
0.756667 1
0.757 1
0.757333 1
0.757667 1
0.758 1
0.758333 1
0.758667 1
0.759 1
0.759333 1
0.759667 1
0.76 1
0.760333 1
0.760667 1
0.761 1
0.761333 1
0.761667 1
0.762 1
0.762333 1
0.762667 1
0.763 1
0.763333 1
0.763667 1
0.764 1
0.764333 1
0.764667 1
0.765 1
0.765333 1
0.765667 1
0.766 1
0.766333 1
0.766667 1
0.767 1
0.767333 1
0.767667 1
0.768 1
0.768333 1
0.768667 1
0.769 1
0.769333 1
0.769667 1
0.77 1
0.770333 1
0.770667 1
0.771 1
0.771333 1
0.771667 1
0.772 1
0.772333 1
0.772667 1
0.773 1
0.773333 1
0.773667 1
0.774 1
0.774333 1
0.774667 1
0.775 1
0.775333 1
0.775667 1
0.776 1
0.776333 1
0.776667 1
0.777 1
0.777333 1
0.777667 1
0.778 1
0.778333 1
0.778667 1
0.779 1
0.779333 1
0.779667 1
0.78 1
0.780333 1
0.780667 1
0.781 1
0.781333 1
0.781667 1
0.782 1
0.782333 1
0.782667 1
0.783 1
0.783333 1
0.783667 1
0.784 1
0.784333 1
0.784667 1
0.785 1
0.785333 1
0.785667 1
0.786 1
0.786333 1
0.786667 1
0.787 1
0.787333 1
0.787667 1
0.788 1
0.788333 1
0.788667 1
0.789 1
0.789333 1
0.789667 1
0.79 1
0.790333 1
0.790667 1
0.791 1
0.791333 1
0.791667 1
0.792 1
0.792333 1
0.792667 1
0.793 1
0.793333 1
0.793667 1
0.794 1
0.794333 1
0.794667 1
0.795 1
0.795333 1
0.795667 1
0.796 1
0.796333 1
0.796667 1
0.797 1
0.797333 1
0.797667 1
0.798 1
0.798333 1
0.798667 1
0.799 1
0.799333 1
0.799667 1
0.8 1
0.800333 1
0.800667 1
0.801 1
0.801333 1
0.801667 1
0.802 1
0.802333 1
0.802667 1
0.803 1
0.803333 1
0.803667 1
0.804 1
0.804333 1
0.804667 1
0.805 1
0.805333 1
0.805667 1
0.806 1
0.806333 1
0.806667 1
0.807 1
0.807333 1
0.807667 1
0.808 1
0.808333 1
0.808667 1
0.809 1
0.809333 1
0.809667 1
0.81 1
0.810333 1
0.810667 1
0.811 1
0.811333 1
0.811667 1
0.812 1
0.812333 1
0.812667 1
0.813 1
0.813333 1
0.813667 1
0.814 1
0.814333 1
0.814667 1
0.815 1
0.815333 1
0.815667 1
0.816 1
0.816333 1
0.816667 1
0.817 1
0.817333 1
0.817667 1
0.818 1
0.818333 1
0.818667 1
0.819 1
0.819333 1
0.819667 1
0.82 1
0.820333 1
0.820667 1
0.821 1
0.821333 1
0.821667 1
0.822 1
0.822333 1
0.822667 1
0.823 1
0.823333 1
0.823667 1
0.824 1
0.824333 1
0.824667 1
0.825 1
0.825333 1
0.825667 1
0.826 1
0.826333 1
0.826667 1
0.827 1
0.827333 1
0.827667 1
0.828 1
0.828333 1
0.828667 1
0.829 1
0.829333 1
0.829667 1
0.83 1
0.830333 1
0.830667 1
0.831 1
0.831333 1
0.831667 1
0.832 1
0.832333 1
0.832667 1
0.833 1
0.833333 1
0.833667 1
0.834 1
0.834333 1
0.834667 1
0.835 1
0.835333 1
0.835667 1
0.836 1
0.836333 1
0.836667 1
0.837 1
0.837333 1
0.837667 1
0.838 1
0.838333 1
0.838667 1
0.839 1
0.839333 1
0.839667 1
0.84 1
0.840333 1
0.840667 1
0.841 1
0.841333 1
0.841667 1
0.842 1
0.842333 1
0.842667 1
0.843 1
0.843333 1
0.843667 1
0.844 1
0.844333 1
0.844667 1
0.845 1
0.845333 1
0.845667 1
0.846 1
0.846333 1
0.846667 1
0.847 1
0.847333 1
0.847667 1
0.848 1
0.848333 1
0.848667 1
0.849 1
0.849333 1
0.849667 1
0.85 1
0.850333 1
0.850667 1
0.851 1
0.851333 1
0.851667 1
0.852 1
0.852333 1
0.852667 1
0.853 1
0.853333 1
0.853667 1
0.854 1
0.854333 1
0.854667 1
0.855 1
0.855333 1
0.855667 1
0.856 1
0.856333 1
0.856667 1
0.857 1
0.857333 1
0.857667 1
0.858 1
0.858333 1
0.858667 1
0.859 1
0.859333 1
0.859667 1
0.86 1
0.860333 1
0.860667 1
0.861 1
0.861333 1
0.861667 1
0.862 1
0.862333 1
0.862667 1
0.863 1
0.863333 1
0.863667 1
0.864 1
0.864333 1
0.864667 1
0.865 1
0.865333 1
0.865667 1
0.866 1
0.866333 1
0.866667 1
0.867 1
0.867333 1
0.867667 1
0.868 1
0.868333 1
0.868667 1
0.869 1
0.869333 1
0.869667 1
0.87 1
0.870333 1
0.870667 1
0.871 1
0.871333 1
0.871667 1
0.872 1
0.872333 1
0.872667 1
0.873 1
0.873333 1
0.873667 1
0.874 1
0.874333 1
0.874667 1
0.875 1
0.875333 1
0.875667 1
0.876 1
0.876333 1
0.876667 1
0.877 1
0.877333 1
0.877667 1
0.878 1
0.878333 1
0.878667 1
0.879 1
0.879333 1
0.879667 1
0.88 1
0.880333 1
0.880667 1
0.881 1
0.881333 1
0.881667 1
0.882 1
0.882333 1
0.882667 1
0.883 1
0.883333 1
0.883667 1
0.884 1
0.884333 1
0.884667 1
0.885 1
0.885333 1
0.885667 1
0.886 1
0.886333 1
0.886667 1
0.887 1
0.887333 1
0.887667 1
0.888 1
0.888333 1
0.888667 1
0.889 1
0.889333 1
0.889667 1
0.89 1
0.890333 1
0.890667 1
0.891 1
0.891333 1
0.891667 1
0.892 1
0.892333 1
0.892667 1
0.893 1
0.893333 1
0.893667 1
0.894 1
0.894333 1
0.894667 1
0.895 1
0.895333 1
0.895667 1
0.896 1
0.896333 1
0.896667 1
0.897 1
0.897333 1
0.897667 1
0.898 1
0.898333 1
0.898667 1
0.899 1
0.899333 1
0.899667 1
0.9 1
0.900333 1
0.900667 1
0.901 1
0.901333 1
0.901667 1
0.902 1
0.902333 1
0.902667 1
0.903 1
0.903333 1
0.903667 1
0.904 1
0.904333 1
0.904667 1
0.905 1
0.905333 1
0.905667 1
0.906 1
0.906333 1
0.906667 1
0.907 1
0.907333 1
0.907667 1
0.908 1
0.908333 1
0.908667 1
0.909 1
0.909333 1
0.909667 1
0.91 1
0.910333 1
0.910667 1
0.911 1
0.911333 1
0.911667 1
0.912 1
0.912333 1
0.912667 1
0.913 1
0.913333 1
0.913667 1
0.914 1
0.914333 1
0.914667 1
0.915 1
0.915333 1
0.915667 1
0.916 1
0.916333 1
0.916667 1
0.917 1
0.917333 1
0.917667 1
0.918 1
0.918333 1
0.918667 1
0.919 1
0.919333 1
0.919667 1
0.92 1
0.920333 1
0.920667 1
0.921 1
0.921333 1
0.921667 1
0.922 1
0.922333 1
0.922667 1
0.923 1
0.923333 1
0.923667 1
0.924 1
0.924333 1
0.924667 1
0.925 1
0.925333 1
0.925667 1
0.926 1
0.926333 1
0.926667 1
0.927 1
0.927333 1
0.927667 1
0.928 1
0.928333 1
0.928667 1
0.929 1
0.929333 1
0.929667 1
0.93 1
0.930333 1
0.930667 1
0.931 1
0.931333 1
0.931667 1
0.932 1
0.932333 1
0.932667 1
0.933 1
0.933333 1
0.933667 1
0.934 1
0.934333 1
0.934667 1
0.935 1
0.935333 1
0.935667 1
0.936 1
0.936333 1
0.936667 1
0.937 1
0.937333 1
0.937667 1
0.938 1
0.938333 1
0.938667 1
0.939 1
0.939333 1
0.939667 1
0.94 1
0.940333 1
0.940667 1
0.941 1
0.941333 1
0.941667 1
0.942 1
0.942333 1
0.942667 1
0.943 1
0.943333 1
0.943667 1
0.944 1
0.944333 1
0.944667 1
0.945 1
0.945333 1
0.945667 1
0.946 1
0.946333 1
0.946667 1
0.947 1
0.947333 1
0.947667 1
0.948 1
0.948333 1
0.948667 1
0.949 1
0.949333 1
0.949667 1
0.95 1
0.950333 1
0.950667 1
0.951 1
0.951333 1
0.951667 1
0.952 1
0.952333 1
0.952667 1
0.953 1
0.953333 1
0.953667 1
0.954 1
0.954333 1
0.954667 1
0.955 1
0.955333 1
0.955667 1
0.956 1
0.956333 1
0.956667 1
0.957 1
0.957333 1
0.957667 1
0.958 1
0.958333 1
0.958667 1
0.959 1
0.959333 1
0.959667 1
0.96 1
0.960333 1
0.960667 1
0.961 1
0.961333 1
0.961667 1
0.962 1
0.962333 1
0.962667 1
0.963 1
0.963333 1
0.963667 1
0.964 1
0.964333 1
0.964667 1
0.965 1
0.965333 1
0.965667 1
0.966 1
0.966333 1
0.966667 1
0.967 1
0.967333 1
0.967667 1
0.968 1
0.968333 1
0.968667 1
0.969 1
0.969333 1
0.969667 1
0.97 1
0.970333 1
0.970667 1
0.971 1
0.971333 1
0.971667 1
0.972 1
0.972333 1
0.972667 1
0.973 1
0.973333 1
0.973667 1
0.974 1
0.974333 1
0.974667 1
0.975 1
0.975333 1
0.975667 1
0.976 1
0.976333 1
0.976667 1
0.977 1
0.977333 1
0.977667 1
0.978 1
0.978333 1
0.978667 1
0.979 1
0.979333 1
0.979667 1
0.98 1
0.980333 1
0.980667 1
0.981 1
0.981333 1
0.981667 1
0.982 1
0.982333 1
0.982667 1
0.983 1
0.983333 1
0.983667 1
0.984 1
0.984333 1
0.984667 1
0.985 1
0.985333 1
0.985667 1
0.986 1
0.986333 1
0.986667 1
0.987 1
0.987333 1
0.987667 1
0.988 1
0.988333 1
0.988667 1
0.989 1
0.989333 1
0.989667 1
0.99 1
0.990333 1
0.990667 1
0.991 1
0.991333 1
0.991667 1
0.992 1
0.992333 1
0.992667 1
0.993 1
0.993333 1
0.993667 1
0.994 1
0.994333 1
0.994667 1
0.995 1
0.995333 1
0.995667 1
0.996 1
0.996333 1
0.996667 1
0.997 1
0.997333 1
0.997667 1
0.998 1
0.998333 1
0.998667 1
0.999 1
0.999333 1
0.999667 1
1 1
