1.000000 1.000000
1.000000 0.999667
1.000000 0.999667
1.000000 0.999667
1.000000 0.999667
0.999667 0.999667
0.999667 0.999667
0.999667 0.999667
0.999667 0.999667
0.999667 0.999667
0.999667 0.999333
0.999667 0.999333
0.999667 0.999000
0.999667 0.999000
0.999667 0.999000
0.999667 0.999000
0.999333 0.999000
0.999333 0.999000
0.999333 0.998667
0.999333 0.998333
0.999333 0.997667
0.999333 0.997333
0.999333 0.997333
0.999000 0.996667
0.999000 0.996000
0.999000 0.996000
0.999000 0.995333
0.999000 0.995333
0.999000 0.995333
0.999000 0.994667
0.999000 0.993333
0.999000 0.992667
0.999000 0.992333
0.999000 0.991333
0.999000 0.990667
0.999000 0.990000
0.999000 0.987333
0.999000 0.986667
0.999000 0.983333
0.998667 0.981333
0.998667 0.979667
0.998667 0.977333
0.998667 0.975667
0.998667 0.973000
0.998667 0.972000
0.998667 0.970000
0.998333 0.967333
0.998333 0.963333
0.998333 0.959667
0.998000 0.956000
0.997667 0.951667
0.997667 0.949000
0.997333 0.944667
0.996667 0.939667
0.995333 0.936000
0.995000 0.932667
0.994667 0.927667
0.994667 0.920000
0.994000 0.914333
0.993667 0.906333
0.993333 0.898667
0.992667 0.889333
0.992000 0.880333
0.991667 0.871667
0.990667 0.867667
0.990667 0.860667
0.990333 0.848333
0.989667 0.840000
0.988333 0.827667
0.987333 0.815667
0.986333 0.807000
0.985333 0.797000
0.984000 0.786000
0.983333 0.775000
0.982000 0.763000
0.981333 0.754333
0.981000 0.744333
0.980000 0.733667
0.978667 0.719000
0.976667 0.706333
0.974000 0.695333
0.972333 0.681333
0.970667 0.668000
0.969667 0.653667
0.967000 0.642000
0.964333 0.627667
0.963000 0.614000
0.960667 0.599333
0.957667 0.588333
0.955333 0.574667
0.951000 0.561333
0.947667 0.547333
0.944000 0.536000
0.940667 0.523333
0.937333 0.511333
0.933333 0.498667
0.930000 0.485667
0.926333 0.474667
0.923000 0.461667
0.920000 0.451667
0.915000 0.439000
0.912333 0.424000
0.908667 0.412667
0.904667 0.397667
0.902667 0.385333
0.901000 0.372333
0.895667 0.362333
0.892000 0.346333
0.887000 0.335000
0.883000 0.327000
0.880333 0.311000
0.877333 0.299000
0.874333 0.287667
0.870667 0.276667
0.867667 0.266000
0.866000 0.253333
0.859667 0.245667
0.856333 0.236333
0.851000 0.227667
0.846667 0.218000
0.842000 0.207333
0.836333 0.200333
0.832000 0.191667
0.829333 0.183000
0.825667 0.176000
0.819000 0.170333
0.815667 0.162333
0.809333 0.152000
0.806333 0.146000
0.802000 0.139667
0.799000 0.133333
0.792667 0.128333
0.787333 0.120000
0.781667 0.115667
0.777000 0.111000
0.771333 0.105667
0.764000 0.101667
0.759667 0.098667
0.753333 0.094667
0.747000 0.087000
0.739667 0.082333
0.733333 0.077000
0.729667 0.072667
0.723667 0.068667
0.718333 0.065667
0.712333 0.064333
0.708000 0.062333
0.703000 0.060333
0.698000 0.057000
0.693000 0.055667
0.688000 0.053000
0.681333 0.050333
0.674667 0.048333
0.668000 0.047667
0.662667 0.045333
0.656000 0.042667
0.648000 0.040667
0.639667 0.039000
0.635000 0.038000
0.629667 0.036667
0.627000 0.035667
0.622667 0.034667
0.619000 0.032667
0.616333 0.031000
0.611000 0.030667
0.607000 0.029000
0.601667 0.027667
0.597333 0.027333
0.592333 0.025333
0.587333 0.024000
0.582667 0.022667
0.576333 0.021000
0.571333 0.020667
0.567667 0.020667
0.560000 0.020333
0.554333 0.019333
0.548000 0.018333
0.541333 0.017667
0.537667 0.016667
0.531667 0.015667
0.529000 0.014667
0.523000 0.014333
0.520000 0.012667
0.513333 0.012333
0.511667 0.012000
0.508000 0.011667
0.503333 0.011333
0.499000 0.010667
0.494667 0.010333
0.490333 0.009667
0.487000 0.009333
0.482333 0.008667
0.477667 0.008333
0.473667 0.007333
0.470333 0.007333
0.463333 0.006667
0.457667 0.006333
0.453667 0.006000
0.449667 0.005333
0.447000 0.005333
0.443333 0.005333
0.440667 0.005333
0.436000 0.005333
0.430667 0.005333
0.428000 0.005333
0.423000 0.005000
0.417667 0.005000
0.414667 0.005000
0.411667 0.004333
0.407333 0.004000
0.403000 0.004000
0.399667 0.004000
0.394000 0.003667
0.392333 0.003667
0.388333 0.003667
0.386333 0.003667
0.382333 0.003333
0.378333 0.003333
0.374000 0.002667
0.372000 0.002667
0.368333 0.002667
0.364667 0.002667
0.362333 0.002667
0.360000 0.002667
0.356000 0.002667
0.354000 0.002667
0.351000 0.002333
0.346000 0.002333
0.342000 0.002333
0.339667 0.002000
0.335333 0.001667
0.331333 0.001667
0.328667 0.001667
0.326667 0.001667
0.324667 0.001667
0.321333 0.001667
0.319000 0.001667
0.314000 0.001667
0.310667 0.001667
0.307333 0.001667
0.303333 0.001667
0.301000 0.001667
0.297667 0.001667
0.293333 0.001667
0.289667 0.001333
0.288000 0.001333
0.284333 0.001333
0.282667 0.001333
0.280000 0.001333
0.275333 0.001000
0.272333 0.001000
0.268667 0.001000
0.265667 0.001000
0.262333 0.001000
0.259333 0.001000
0.256333 0.001000
0.253333 0.001000
0.250333 0.001000
0.248333 0.001000
0.246333 0.001000
0.244333 0.001000
0.241333 0.001000
0.240333 0.000667
0.238000 0.000667
0.235667 0.000667
0.233333 0.000667
0.230000 0.000667
0.227667 0.000667
0.226333 0.000667
0.225667 0.000667
0.222000 0.000667
0.219000 0.000667
0.217333 0.000667
0.214333 0.000667
0.211667 0.000667
0.209000 0.000667
0.205333 0.000667
0.204333 0.000667
0.202667 0.000667
0.200333 0.000667
0.198000 0.000667
0.196667 0.000667
0.193667 0.000667
0.192000 0.000667
0.190333 0.000667
0.189667 0.000667
0.188333 0.000667
0.186667 0.000667
0.185000 0.000667
0.183333 0.000667
0.181000 0.000667
0.180000 0.000667
0.178667 0.000667
0.177667 0.000667
0.176333 0.000667
0.174333 0.000667
0.173333 0.000333
0.172000 0.000333
0.170000 0.000000
0.166333 0.000000
0.165000 0.000000
0.164000 0.000000
0.162667 0.000000
0.161333 0.000000
0.159667 0.000000
0.156667 0.000000
0.155000 0.000000
0.152667 0.000000
0.150667 0.000000
0.148667 0.000000
0.146667 0.000000
0.146333 0.000000
0.143667 0.000000
0.141000 0.000000
0.139667 0.000000
0.138333 0.000000
0.137000 0.000000
0.136333 0.000000
0.135333 0.000000
0.134333 0.000000
0.132667 0.000000
0.131333 0.000000
0.129333 0.000000
0.126667 0.000000
0.126333 0.000000
0.124333 0.000000
0.122667 0.000000
0.122333 0.000000
0.121667 0.000000
0.119333 0.000000
0.117333 0.000000
0.116000 0.000000
0.114000 0.000000
0.113333 0.000000
0.112333 0.000000
0.112000 0.000000
0.111000 0.000000
0.109333 0.000000
0.108667 0.000000
0.107333 0.000000
0.105667 0.000000
0.104667 0.000000
0.104000 0.000000
0.102333 0.000000
0.100000 0.000000
0.098667 0.000000
0.097000 0.000000
0.096667 0.000000
0.095333 0.000000
0.094667 0.000000
0.094333 0.000000
0.093333 0.000000
0.092667 0.000000
0.091667 0.000000
0.089000 0.000000
0.087333 0.000000
0.086000 0.000000
0.085000 0.000000
0.084333 0.000000
0.083667 0.000000
0.082333 0.000000
0.081667 0.000000
0.080667 0.000000
0.080000 0.000000
0.078333 0.000000
0.078000 0.000000
0.076667 0.000000
0.076000 0.000000
0.075667 0.000000
0.074667 0.000000
0.074000 0.000000
0.073667 0.000000
0.072667 0.000000
0.072000 0.000000
0.071000 0.000000
0.070667 0.000000
0.070333 0.000000
0.068333 0.000000
0.068000 0.000000
0.067333 0.000000
0.067000 0.000000
0.066667 0.000000
0.066000 0.000000
0.065667 0.000000
0.064667 0.000000
0.063667 0.000000
0.063333 0.000000
0.063000 0.000000
0.062667 0.000000
0.062000 0.000000
0.060667 0.000000
0.060667 0.000000
0.059667 0.000000
0.059667 0.000000
0.059000 0.000000
0.058333 0.000000
0.058000 0.000000
0.057667 0.000000
0.057333 0.000000
0.056667 0.000000
0.056333 0.000000
0.055667 0.000000
0.055333 0.000000
0.055000 0.000000
0.054667 0.000000
0.053333 0.000000
0.053000 0.000000
0.051667 0.000000
0.051333 0.000000
0.051000 0.000000
0.050667 0.000000
0.050667 0.000000
0.049667 0.000000
0.049333 0.000000
0.049000 0.000000
0.048333 0.000000
0.047667 0.000000
0.047333 0.000000
0.047000 0.000000
0.047000 0.000000
0.047000 0.000000
0.047000 0.000000
0.046667 0.000000
0.046333 0.000000
0.045667 0.000000
0.045333 0.000000
0.045333 0.000000
0.045333 0.000000
0.045000 0.000000
0.045000 0.000000
0.044667 0.000000
0.043667 0.000000
0.043333 0.000000
0.043333 0.000000
0.043000 0.000000
0.042667 0.000000
0.042333 0.000000
0.042000 0.000000
0.042000 0.000000
0.041667 0.000000
0.041000 0.000000
0.040333 0.000000
0.039667 0.000000
0.039667 0.000000
0.039667 0.000000
0.039667 0.000000
0.039667 0.000000
0.039667 0.000000
0.039667 0.000000
0.039333 0.000000
0.038667 0.000000
0.038333 0.000000
0.038000 0.000000
0.037000 0.000000
0.037000 0.000000
0.036333 0.000000
0.036000 0.000000
0.035333 0.000000
0.035000 0.000000
0.034333 0.000000
0.034000 0.000000
0.034000 0.000000
0.034000 0.000000
0.033667 0.000000
0.033333 0.000000
0.033333 0.000000
0.033000 0.000000
0.032667 0.000000
0.032333 0.000000
0.032333 0.000000
0.032333 0.000000
0.032000 0.000000
0.031333 0.000000
0.031333 0.000000
0.031000 0.000000
0.031000 0.000000
0.031000 0.000000
0.030333 0.000000
0.030333 0.000000
0.030333 0.000000
0.030333 0.000000
0.030333 0.000000
0.030333 0.000000
0.030333 0.000000
0.029667 0.000000
0.029667 0.000000
0.029667 0.000000
0.029333 0.000000
0.029000 0.000000
0.029000 0.000000
0.028667 0.000000
0.028000 0.000000
0.028000 0.000000
0.027000 0.000000
0.026667 0.000000
0.026000 0.000000
0.025333 0.000000
0.025333 0.000000
0.025333 0.000000
0.025000 0.000000
0.024333 0.000000
0.024333 0.000000
0.024000 0.000000
0.023667 0.000000
0.023000 0.000000
0.022333 0.000000
0.022000 0.000000
0.021667 0.000000
0.021333 0.000000
0.021000 0.000000
0.021000 0.000000
0.021000 0.000000
0.021000 0.000000
0.021000 0.000000
0.021000 0.000000
0.021000 0.000000
0.021000 0.000000
0.021000 0.000000
0.021000 0.000000
0.020667 0.000000
0.020667 0.000000
0.020333 0.000000
0.020333 0.000000
0.020000 0.000000
0.020000 0.000000
0.020000 0.000000
0.019000 0.000000
0.019000 0.000000
0.019000 0.000000
0.019000 0.000000
0.019000 0.000000
0.018000 0.000000
0.018000 0.000000
0.018000 0.000000
0.018000 0.000000
0.018000 0.000000
0.018000 0.000000
0.017667 0.000000
0.017667 0.000000
0.017000 0.000000
0.016667 0.000000
0.016667 0.000000
0.016667 0.000000
0.016333 0.000000
0.016333 0.000000
0.016000 0.000000
0.016000 0.000000
0.015667 0.000000
0.015667 0.000000
0.015667 0.000000
0.015000 0.000000
0.014667 0.000000
0.014667 0.000000
0.014333 0.000000
0.014333 0.000000
0.014333 0.000000
0.013667 0.000000
0.013333 0.000000
0.013000 0.000000
0.012667 0.000000
0.012333 0.000000
0.012000 0.000000
0.012000 0.000000
0.012000 0.000000
0.012000 0.000000
0.012000 0.000000
0.011667 0.000000
0.011667 0.000000
0.011667 0.000000
0.011333 0.000000
0.011333 0.000000
0.011333 0.000000
0.011333 0.000000
0.011333 0.000000
0.011333 0.000000
0.011333 0.000000
0.011333 0.000000
0.011000 0.000000
0.011000 0.000000
0.011000 0.000000
0.011000 0.000000
0.011000 0.000000
0.011000 0.000000
0.011000 0.000000
0.010667 0.000000
0.010667 0.000000
0.010667 0.000000
0.010667 0.000000
0.010333 0.000000
0.010333 0.000000
0.010000 0.000000
0.010000 0.000000
0.009667 0.000000
0.009667 0.000000
0.009333 0.000000
0.009000 0.000000
0.008667 0.000000
0.008667 0.000000
0.008333 0.000000
0.008333 0.000000
0.008333 0.000000
0.008333 0.000000
0.008333 0.000000
0.008000 0.000000
0.008000 0.000000
0.008000 0.000000
0.008000 0.000000
0.008000 0.000000
0.008000 0.000000
0.008000 0.000000
0.008000 0.000000
0.008000 0.000000
0.007333 0.000000
0.007333 0.000000
0.007333 0.000000
0.007000 0.000000
0.007000 0.000000
0.007000 0.000000
0.007000 0.000000
0.007000 0.000000
0.006667 0.000000
0.006667 0.000000
0.006333 0.000000
0.006333 0.000000
0.006333 0.000000
0.006333 0.000000
0.006333 0.000000
0.006333 0.000000
0.006333 0.000000
0.006000 0.000000
0.006000 0.000000
0.006000 0.000000
0.006000 0.000000
0.006000 0.000000
0.006000 0.000000
0.006000 0.000000
0.006000 0.000000
0.005667 0.000000
0.005667 0.000000
0.005667 0.000000
0.005333 0.000000
0.005333 0.000000
0.005333 0.000000
0.005333 0.000000
0.005000 0.000000
0.005000 0.000000
0.005000 0.000000
0.005000 0.000000
0.005000 0.000000
0.005000 0.000000
0.005000 0.000000
0.005000 0.000000
0.005000 0.000000
0.005000 0.000000
0.005000 0.000000
0.005000 0.000000
0.004667 0.000000
0.004667 0.000000
0.004333 0.000000
0.004333 0.000000
0.004333 0.000000
0.004333 0.000000
0.004333 0.000000
0.004333 0.000000
0.004333 0.000000
0.004333 0.000000
0.004333 0.000000
0.004333 0.000000
0.004333 0.000000
0.004333 0.000000
0.004333 0.000000
0.004333 0.000000
0.004333 0.000000
0.004333 0.000000
0.004000 0.000000
0.004000 0.000000
0.003667 0.000000
0.003667 0.000000
0.003667 0.000000
0.003667 0.000000
0.003667 0.000000
0.003333 0.000000
0.003000 0.000000
0.003000 0.000000
0.003000 0.000000
0.003000 0.000000
0.003000 0.000000
0.003000 0.000000
0.003000 0.000000
0.003000 0.000000
0.003000 0.000000
0.003000 0.000000
0.003000 0.000000
0.002667 0.000000
0.002667 0.000000
0.002667 0.000000
0.002667 0.000000
0.002667 0.000000
0.002667 0.000000
0.002667 0.000000
0.002667 0.000000
0.002333 0.000000
0.001667 0.000000
0.001333 0.000000
0.001333 0.000000
0.001333 0.000000
0.001333 0.000000
0.001333 0.000000
0.001333 0.000000
0.001333 0.000000
0.001333 0.000000
0.001333 0.000000
0.001333 0.000000
0.001333 0.000000
0.001333 0.000000
0.001333 0.000000
0.001333 0.000000
0.001333 0.000000
0.001333 0.000000
0.001333 0.000000
0.001333 0.000000
0.001333 0.000000
0.001333 0.000000
0.001333 0.000000
0.001333 0.000000
0.001333 0.000000
0.001333 0.000000
0.001333 0.000000
0.001333 0.000000
0.001333 0.000000
0.001333 0.000000
0.001333 0.000000
0.001333 0.000000
0.001333 0.000000
0.001333 0.000000
0.001333 0.000000
0.001333 0.000000
0.001333 0.000000
0.001000 0.000000
0.001000 0.000000
0.001000 0.000000
0.001000 0.000000
0.001000 0.000000
0.001000 0.000000
0.001000 0.000000
0.001000 0.000000
0.001000 0.000000
0.001000 0.000000
0.001000 0.000000
0.001000 0.000000
0.001000 0.000000
0.001000 0.000000
0.001000 0.000000
0.001000 0.000000
0.001000 0.000000
0.001000 0.000000
0.001000 0.000000
0.001000 0.000000
0.001000 0.000000
0.001000 0.000000
0.001000 0.000000
0.001000 0.000000
0.001000 0.000000
0.001000 0.000000
0.001000 0.000000
0.001000 0.000000
0.001000 0.000000
0.001000 0.000000
0.001000 0.000000
0.000667 0.000000
0.000667 0.000000
0.000667 0.000000
0.000667 0.000000
0.000667 0.000000
0.000667 0.000000
0.000667 0.000000
0.000667 0.000000
0.000667 0.000000
0.000667 0.000000
0.000667 0.000000
0.000667 0.000000
0.000667 0.000000
0.000667 0.000000
0.000667 0.000000
0.000667 0.000000
0.000667 0.000000
0.000667 0.000000
0.000667 0.000000
0.000667 0.000000
0.000667 0.000000
0.000667 0.000000
0.000667 0.000000
0.000667 0.000000
0.000667 0.000000
0.000667 0.000000
0.000667 0.000000
0.000667 0.000000
0.000667 0.000000
0.000667 0.000000
0.000667 0.000000
0.000667 0.000000
0.000667 0.000000
0.000667 0.000000
0.000667 0.000000
0.000667 0.000000
0.000667 0.000000
0.000667 0.000000
0.000667 0.000000
0.000667 0.000000
0.000667 0.000000
0.000667 0.000000
0.000667 0.000000
0.000667 0.000000
0.000667 0.000000
0.000667 0.000000
0.000667 0.000000
0.000667 0.000000
0.000667 0.000000
0.000667 0.000000
0.000667 0.000000
0.000667 0.000000
0.000667 0.000000
0.000667 0.000000
0.000667 0.000000
0.000667 0.000000
0.000667 0.000000
0.000667 0.000000
0.000667 0.000000
0.000667 0.000000
0.000667 0.000000
0.000667 0.000000
0.000667 0.000000
0.000667 0.000000
0.000667 0.000000
0.000667 0.000000
0.000667 0.000000
0.000667 0.000000
0.000667 0.000000
0.000667 0.000000
0.000667 0.000000
0.000667 0.000000
0.000667 0.000000
0.000667 0.000000
0.000667 0.000000
0.000667 0.000000
0.000667 0.000000
0.000667 0.000000
0.000667 0.000000
0.000667 0.000000
0.000667 0.000000
0.000667 0.000000
0.000667 0.000000
0.000667 0.000000
0.000667 0.000000
0.000667 0.000000
0.000667 0.000000
0.000667 0.000000
0.000667 0.000000
0.000667 0.000000
0.000667 0.000000
0.000667 0.000000
0.000667 0.000000
0.000667 0.000000
0.000667 0.000000
0.000667 0.000000
0.000667 0.000000
0.000667 0.000000
0.000667 0.000000
0.000667 0.000000
0.000667 0.000000
0.000667 0.000000
0.000667 0.000000
0.000667 0.000000
0.000667 0.000000
0.000667 0.000000
0.000667 0.000000
0.000667 0.000000
0.000667 0.000000
0.000667 0.000000
0.000667 0.000000
0.000667 0.000000
0.000667 0.000000
0.000667 0.000000
0.000667 0.000000
0.000667 0.000000
0.000667 0.000000
0.000667 0.000000
0.000667 0.000000
0.000667 0.000000
0.000667 0.000000
0.000667 0.000000
0.000667 0.000000
0.000667 0.000000
0.000667 0.000000
0.000667 0.000000
0.000667 0.000000
0.000667 0.000000
0.000667 0.000000
0.000667 0.000000
0.000667 0.000000
0.000667 0.000000
0.000667 0.000000
0.000667 0.000000
0.000667 0.000000
0.000667 0.000000
0.000667 0.000000
0.000667 0.000000
0.000667 0.000000
0.000667 0.000000
0.000667 0.000000
0.000667 0.000000
0.000667 0.000000
0.000667 0.000000
0.000667 0.000000
0.000667 0.000000
0.000667 0.000000
0.000667 0.000000
0.000667 0.000000
0.000667 0.000000
0.000667 0.000000
0.000667 0.000000
0.000667 0.000000
0.000667 0.000000
0.000667 0.000000
0.000667 0.000000
0.000667 0.000000
0.000667 0.000000
0.000667 0.000000
0.000667 0.000000
0.000667 0.000000
0.000667 0.000000
0.000667 0.000000
0.000667 0.000000
0.000667 0.000000
0.000667 0.000000
0.000667 0.000000
0.000667 0.000000
0.000667 0.000000
0.000667 0.000000
0.000667 0.000000
0.000667 0.000000
0.000667 0.000000
0.000667 0.000000
0.000333 0.000000
0.000333 0.000000
0.000333 0.000000
0.000333 0.000000
0.000333 0.000000
0.000333 0.000000
0.000333 0.000000
0.000333 0.000000
0.000333 0.000000
0.000333 0.000000
0.000333 0.000000
0.000333 0.000000
0.000333 0.000000
0.000333 0.000000
0.000333 0.000000
0.000333 0.000000
0.000333 0.000000
0.000333 0.000000
0.000333 0.000000
0.000333 0.000000
0.000333 0.000000
0.000333 0.000000
0.000333 0.000000
0.000333 0.000000
0.000333 0.000000
0.000333 0.000000
0.000333 0.000000
0.000333 0.000000
0.000333 0.000000
0.000333 0.000000
0.000333 0.000000
0.000333 0.000000
0.000333 0.000000
0.000333 0.000000
0.000333 0.000000
0.000333 0.000000
0.000333 0.000000
0.000333 0.000000
0.000333 0.000000
0.000333 0.000000
0.000333 0.000000
0.000333 0.000000
0.000333 0.000000
0.000333 0.000000
0.000333 0.000000
0.000333 0.000000
0.000333 0.000000
0.000333 0.000000
0.000333 0.000000
0.000333 0.000000
0.000333 0.000000
0.000333 0.000000
0.000333 0.000000
0.000333 0.000000
0.000333 0.000000
0.000333 0.000000
0.000333 0.000000
