0.0 0.0
0.0 0.001
0.0 0.002
0.0 0.003
0.0 0.004
0.0 0.005
0.0 0.006
0.0 0.007
0.0 0.008
0.0 0.009
0.0 0.01
0.0 0.011
0.0 0.012
0.0 0.013
0.0 0.014
0.0 0.015
0.0 0.016
0.0 0.017
0.0 0.018
0.0 0.019
0.0 0.02
0.0 0.021
0.0 0.022
0.0 0.023
0.0 0.024
0.0 0.025
0.0 0.026
0.0 0.027
0.0 0.028
0.0 0.029
0.0 0.03
0.0 0.031
0.0 0.032
0.0 0.033
0.0 0.034
0.0 0.035
0.0 0.036
0.0 0.037
0.0 0.038
0.0 0.039
0.0 0.04
0.0 0.041
0.0 0.042
0.0 0.043
0.0 0.044
0.0 0.045
0.0 0.046
0.0 0.047
0.0 0.048
0.0 0.049
0.0 0.05
0.0 0.051
0.0 0.052
0.0 0.053
0.0 0.054
0.0 0.055
0.0 0.056
0.0 0.057
0.0 0.058
0.0 0.059
0.0 0.06
0.0 0.061
0.0 0.062
0.0 0.063
0.0 0.064
0.0 0.065
0.0 0.066
0.0 0.067
0.0 0.068
0.0 0.069
0.0 0.07
0.0 0.071
0.0 0.072
0.0 0.073
0.0 0.074
0.0 0.075
0.0 0.076
0.0 0.077
0.0 0.078
0.0 0.079
0.0 0.08
0.0 0.081
0.0 0.082
0.0 0.083
0.0 0.084
0.0 0.085
0.0 0.086
0.0 0.087
0.0 0.088
0.0 0.089
0.0 0.09
0.0 0.091
0.0 0.092
0.0 0.093
0.0 0.094
0.0 0.095
0.0 0.096
0.0 0.097
0.0 0.098
0.0 0.099
0.0 0.1
0.0 0.101
0.0 0.102
0.0 0.103
0.0 0.104
0.0 0.105
0.0 0.106
0.0 0.107
0.0 0.108
0.0 0.109
0.0 0.11
0.0 0.111
0.0 0.112
0.0 0.113
0.0 0.114
0.0 0.115
0.0 0.116
0.0 0.117
0.0 0.118
0.0 0.119
0.0 0.12
0.0 0.121
0.0 0.122
0.0 0.123
0.0 0.124
0.0 0.125
0.0 0.126
0.0 0.127
0.0 0.128
0.0 0.129
0.0 0.13
0.0 0.131
0.0 0.132
0.0 0.133
0.0 0.134
0.0 0.135
0.0 0.136
0.0 0.137
0.0 0.138
0.0 0.139
0.0 0.14
0.0 0.141
0.0 0.142
0.0 0.143
0.0 0.144
0.0 0.145
0.0 0.146
0.0 0.147
0.0 0.148
0.0 0.149
0.0 0.15
0.0 0.151
0.0 0.152
0.0 0.153
0.0 0.154
0.0 0.155
0.0 0.156
0.0 0.157
0.0 0.158
0.0 0.159
0.0 0.16
0.0 0.161
0.0 0.162
0.0 0.163
0.0 0.164
0.0 0.165
0.0 0.166
0.0 0.167
0.0 0.168
0.0 0.169
0.0 0.17
0.0 0.171
0.0 0.172
0.0 0.173
0.0 0.174
0.0 0.175
0.0 0.176
0.0 0.177
0.0 0.178
0.0 0.179
0.0 0.18
0.0 0.181
0.0 0.182
0.0 0.183
0.0 0.184
0.0 0.185
0.0 0.186
0.0 0.187
0.0 0.188
0.0 0.189
0.0 0.19
0.0 0.191
0.0 0.192
0.0 0.193
0.0 0.194
0.0 0.195
0.0 0.196
0.0 0.197
0.0 0.198
0.0 0.199
0.0 0.2
0.0 0.201
0.0 0.202
0.0 0.203
0.0 0.204
0.0 0.205
0.0 0.206
0.0 0.207
0.0 0.208
0.0 0.209
0.0 0.21
0.0 0.211
0.0 0.212
0.0 0.213
0.0 0.214
0.0 0.215
0.0 0.216
0.0 0.217
0.0 0.218
0.0 0.219
0.0 0.22
0.0 0.221
0.0 0.222
0.0 0.223
0.0 0.224
0.0 0.225
0.0 0.226
0.0 0.227
0.0 0.228
0.0 0.229
0.0 0.23
0.0 0.231
0.0 0.232
0.0 0.233
0.0 0.234
0.0 0.235
0.0 0.236
0.0 0.237
0.0 0.238
0.0 0.239
0.0 0.24
0.0 0.241
0.0 0.242
0.0 0.243
0.0 0.244
0.0 0.245
0.0 0.246
0.0 0.247
0.0 0.248
0.0 0.249
0.0 0.25
0.0 0.251
0.0 0.252
0.0 0.253
0.0 0.254
0.0 0.255
0.0 0.256
0.0 0.257
0.0 0.258
0.0 0.259
0.0 0.26
0.0 0.261
0.0 0.262
0.0 0.263
0.0 0.264
0.0 0.265
0.0 0.266
0.0 0.267
0.0 0.268
0.0 0.269
0.0 0.27
0.0 0.271
0.0 0.272
0.0 0.273
0.0 0.274
0.0 0.275
0.0 0.276
0.0 0.277
0.0 0.278
0.0 0.279
0.0 0.28
0.0 0.281
0.0 0.282
0.0 0.283
0.0 0.284
0.0 0.285
0.0 0.286
0.0 0.287
0.0 0.288
0.0 0.289
0.0 0.29
0.0 0.291
0.0 0.292
0.0 0.293
0.0 0.294
0.0 0.295
0.0 0.296
0.0 0.297
0.0 0.298
0.0 0.299
0.0 0.3
0.0 0.301
0.0 0.302
0.0 0.303
0.0 0.304
0.0 0.305
0.0 0.306
0.0 0.307
0.0 0.308
0.0 0.309
0.0 0.31
0.0 0.311
0.0 0.312
0.0 0.313
0.0 0.314
0.0 0.315
0.0 0.316
0.0 0.317
0.0 0.318
0.0 0.319
0.0 0.32
0.0 0.321
0.0 0.322
0.0 0.323
0.0 0.324
0.0 0.325
0.0 0.326
0.0 0.327
0.0 0.328
0.0 0.329
0.0 0.33
0.0 0.331
0.0 0.332
0.0 0.333
0.0 0.334
0.0 0.335
0.0 0.336
0.0 0.337
0.0 0.338
0.0 0.339
0.0 0.34
0.0 0.341
0.0 0.342
0.0 0.343
0.0 0.344
0.0 0.345
0.0 0.346
0.0 0.347
0.0 0.348
0.0 0.349
0.0 0.35
0.0 0.351
0.0 0.352
0.0 0.353
0.0 0.354
0.0 0.355
0.0 0.356
0.0 0.357
0.0 0.358
0.0 0.359
0.0 0.36
0.0 0.361
0.0 0.362
0.0 0.363
0.0 0.364
0.0 0.365
0.0 0.366
0.0 0.367
0.0 0.368
0.0 0.369
0.0 0.37
0.0 0.371
0.0 0.372
0.0 0.373
0.0 0.374
0.0 0.375
0.0 0.376
0.0 0.377
0.0 0.378
0.0 0.379
0.0 0.38
0.0 0.381
0.0 0.382
0.0 0.383
0.0 0.384
0.0 0.385
0.0 0.386
0.0 0.387
0.0 0.388
0.0 0.389
0.0 0.39
0.0 0.391
0.0 0.392
0.0 0.393
0.0 0.394
0.0 0.395
0.0 0.396
0.0 0.397
0.0 0.398
0.0 0.399
0.0 0.4
0.0 0.401
0.0 0.402
0.0 0.403
0.0 0.404
0.0 0.405
0.0 0.406
0.0 0.407
0.0 0.408
0.0 0.409
0.0 0.41
0.0 0.411
0.0 0.412
0.0 0.413
0.0 0.414
0.0 0.415
0.0 0.416
0.0 0.417
0.0 0.418
0.0 0.419
0.0 0.42
0.0 0.421
0.0 0.422
0.0 0.423
0.0 0.424
0.0 0.425
0.0 0.426
0.0 0.427
0.0 0.428
0.0 0.429
0.0 0.43
0.0 0.431
0.0 0.432
0.0 0.433
0.0 0.434
0.0 0.435
0.0 0.436
0.0 0.437
0.0 0.438
0.0 0.439
0.0 0.44
0.0 0.441
0.0 0.442
0.0 0.443
0.0 0.444
0.0 0.445
0.0 0.446
0.0 0.447
0.0 0.448
0.0 0.449
0.0 0.45
0.0 0.451
0.0 0.452
0.0 0.453
0.0 0.454
0.0 0.455
0.0 0.456
0.0 0.457
0.0 0.458
0.0 0.459
0.0 0.46
0.0 0.461
0.0 0.462
0.0 0.463
0.0 0.464
0.0 0.465
0.0 0.466
0.0 0.467
0.0 0.468
0.0 0.469
0.0 0.47
0.0 0.471
0.0 0.472
0.0 0.473
0.0 0.474
0.0 0.475
0.0 0.476
0.0 0.477
0.0 0.478
0.0 0.479
0.0 0.48
0.0 0.481
0.0 0.482
0.0 0.483
0.0 0.484
0.0 0.485
0.0 0.486
0.0 0.487
0.0 0.488
0.0 0.489
0.0 0.49
0.0 0.491
0.0 0.492
0.0 0.493
0.0 0.494
0.0 0.495
0.0 0.496
0.0 0.497
0.0 0.498
0.0 0.499
0.0 0.5
0.0 0.501
0.0 0.502
0.0 0.503
0.0 0.504
0.0 0.505
0.0 0.506
0.0 0.507
0.0 0.508
0.0 0.509
0.0 0.51
0.0 0.511
0.0 0.512
0.0 0.513
0.0 0.514
0.0 0.515
0.0 0.516
0.0 0.517
0.0 0.518
0.0 0.519
0.0 0.52
0.0 0.521
0.0 0.522
0.0 0.523
0.0 0.524
0.0 0.525
0.0 0.526
0.0 0.527
0.0 0.528
0.0 0.529
0.0 0.53
0.0 0.531
0.0 0.532
0.0 0.533
0.0 0.534
0.0 0.535
0.0 0.536
0.0 0.537
0.0 0.538
0.0 0.539
0.0 0.54
0.0 0.541
0.0 0.542
0.0 0.543
0.0 0.544
0.0 0.545
0.0 0.546
0.0 0.547
0.0 0.548
0.0 0.549
0.0 0.55
0.0 0.551
0.0 0.552
0.0 0.553
0.0 0.554
0.0 0.555
0.0 0.556
0.0 0.557
0.0 0.558
0.0 0.559
0.0 0.56
0.0 0.561
0.0 0.562
0.0 0.563
0.0 0.564
0.0 0.565
0.0 0.566
0.0 0.567
0.0 0.568
0.0 0.569
0.0 0.57
0.0 0.571
0.0 0.572
0.0 0.573
0.0 0.574
0.0 0.575
0.0 0.576
0.0 0.577
0.0 0.578
0.0 0.579
0.0 0.58
0.0 0.581
0.0 0.582
0.0 0.583
0.0 0.584
0.0 0.585
0.0 0.586
0.0 0.587
0.0 0.588
0.0 0.589
0.0 0.59
0.0 0.591
0.0 0.592
0.0 0.593
0.0 0.594
0.0 0.595
0.0 0.596
0.0 0.597
0.0 0.598
0.0 0.599
0.0 0.6
0.0 0.601
0.0 0.602
0.0 0.603
0.0 0.604
0.0 0.605
0.0 0.606
0.0 0.607
0.0 0.608
0.0 0.609
0.0 0.61
0.0 0.611
0.0 0.612
0.0 0.613
0.0 0.614
0.0 0.615
0.0 0.616
0.0 0.617
0.0 0.618
0.0 0.619
0.0 0.62
0.0 0.621
0.0 0.622
0.0 0.623
0.0 0.624
0.0 0.625
0.0 0.626
0.0 0.627
0.0 0.628
0.0 0.629
0.0 0.63
0.0 0.631
0.0 0.632
0.0 0.633
0.0 0.634
0.0 0.635
0.0 0.636
0.0 0.637
0.0 0.638
0.0 0.639
0.0 0.64
0.0 0.641
0.0 0.642
0.0 0.643
0.0 0.644
0.0 0.645
0.0 0.646
0.0 0.647
0.0 0.648
0.0 0.649
0.0 0.65
0.0 0.651
0.0 0.652
0.0 0.653
0.0 0.654
0.0 0.655
0.0 0.656
0.0 0.657
0.0 0.658
0.0 0.659
0.0 0.66
0.0 0.661
0.0 0.662
0.0 0.663
0.0 0.664
0.0 0.665
0.0 0.666
0.0 0.667
0.0 0.668
0.0 0.669
0.0 0.67
0.0 0.671
0.0 0.672
0.0 0.673
0.0 0.674
0.0 0.675
0.0 0.676
0.0 0.677
0.0 0.678
0.0 0.679
0.0 0.68
0.0 0.681
0.0 0.682
0.0 0.683
0.0 0.684
0.0 0.685
0.0 0.686
0.0 0.687
0.0 0.688
0.0 0.689
0.0 0.69
0.0 0.691
0.0 0.692
0.0 0.693
0.0 0.694
0.0 0.695
0.0 0.696
0.0 0.697
0.0 0.698
0.0 0.699
0.0 0.7
0.0 0.701
0.0 0.702
0.0 0.703
0.0 0.704
0.0 0.705
0.0 0.706
0.0 0.707
0.0 0.708
0.0 0.709
0.0 0.71
0.0 0.711
0.0 0.712
0.0 0.713
0.0 0.714
0.0 0.715
0.0 0.716
0.0 0.717
0.0 0.718
0.0 0.719
0.0 0.72
0.0 0.721
0.0 0.722
0.0 0.723
0.0 0.724
0.0 0.725
0.0 0.726
0.0 0.727
0.0 0.728
0.0 0.729
0.0 0.73
0.0 0.731
0.0 0.732
0.0 0.733
0.0 0.734
0.0 0.735
0.0 0.736
0.0 0.737
0.0 0.738
0.0 0.739
0.0 0.74
0.0 0.741
0.0 0.742
0.0 0.743
0.0 0.744
0.0 0.745
0.0 0.746
0.0 0.747
0.0 0.748
0.0 0.749
0.0 0.75
0.0 0.751
0.0 0.752
0.0 0.753
0.0 0.754
0.0 0.755
0.0 0.756
0.0 0.757
0.0 0.758
0.0 0.759
0.0 0.76
0.0 0.761
0.0 0.762
0.0 0.763
0.0 0.764
0.0 0.765
0.0 0.766
0.0 0.767
0.0 0.768
0.0 0.769
0.0 0.77
0.0 0.771
0.0 0.772
0.0 0.773
0.0 0.774
0.0 0.775
0.0 0.776
0.0 0.777
0.0 0.778
0.0 0.779
0.0 0.78
0.0 0.781
0.0 0.782
0.0 0.783
0.0 0.784
0.0 0.785
0.0 0.786
0.0 0.787
0.0 0.788
0.0 0.789
0.0 0.79
0.0 0.791
0.0 0.792
0.0 0.793
0.0 0.794
0.0 0.795
0.0 0.796
0.0 0.797
0.0 0.798
0.0 0.799
0.0 0.8
0.0 0.801
0.0 0.802
0.0 0.803
0.0 0.804
0.0 0.805
0.0 0.806
0.0 0.807
0.0 0.808
0.0 0.809
0.0 0.81
0.0 0.811
0.0 0.812
0.0 0.813
0.0 0.814
0.0 0.815
0.0 0.816
0.0 0.817
0.0 0.818
0.0 0.819
0.0 0.82
0.0 0.821
0.0 0.822
0.0 0.823
0.0 0.824
0.0 0.825
0.0 0.826
0.0 0.827
0.0 0.828
0.0 0.829
0.0 0.83
0.0 0.831
0.0 0.832
0.0 0.833
0.0 0.834
0.0 0.835
0.0 0.836
0.0 0.837
0.0 0.838
0.0 0.839
0.0 0.84
0.0 0.841
0.0 0.842
0.0 0.843
0.0 0.844
0.0 0.845
0.0 0.846
0.0 0.847
0.0 0.848
0.0 0.849
0.0 0.85
0.0 0.851
0.0 0.852
0.0 0.853
0.0 0.854
0.0 0.855
0.0 0.856
0.0 0.857
0.0 0.858
0.0 0.859
0.0 0.86
0.0 0.861
0.0 0.862
0.0 0.863
0.0 0.864
0.0 0.865
0.0 0.866
0.0 0.867
0.0 0.868
0.0 0.869
0.0 0.87
0.0 0.871
0.0 0.872
0.0 0.873
0.0 0.874
0.0 0.875
0.0 0.876
0.0 0.877
0.0 0.878
0.0 0.879
0.0 0.88
0.0 0.881
0.0 0.882
0.0 0.883
0.0 0.884
0.0 0.885
0.0 0.886
0.0 0.887
0.0 0.888
0.0 0.889
0.0 0.89
0.0 0.891
0.0 0.892
0.0 0.893
0.0 0.894
0.0 0.895
0.0 0.896
0.0 0.897
0.0 0.898
0.0 0.899
0.0 0.9
0.0 0.901
0.0 0.902
0.0 0.903
0.0 0.904
0.0 0.905
0.0 0.906
0.0 0.907
0.0 0.908
0.0 0.909
0.0 0.91
0.0 0.911
0.0 0.912
0.0 0.913
0.0 0.914
0.0 0.915
0.0 0.916
0.0 0.917
0.0 0.918
0.0 0.919
0.0 0.92
0.0 0.921
0.0 0.922
0.0 0.923
0.0 0.924
0.0 0.925
0.0 0.926
0.0 0.927
0.0 0.928
0.0 0.929
0.0 0.93
0.0 0.931
0.0 0.932
0.0 0.933
0.0 0.934
0.0 0.935
0.0 0.936
0.0 0.937
0.0 0.938
0.0 0.939
0.0 0.94
0.0 0.941
0.0 0.942
0.0 0.943
0.0 0.944
0.0 0.945
0.0 0.946
0.0 0.947
0.0 0.948
0.0 0.949
0.0 0.95
0.0 0.951
0.0 0.952
0.0 0.953
0.0 0.954
0.0 0.955
0.0 0.956
0.0 0.957
0.0 0.958
0.0 0.959
0.0 0.96
0.0 0.961
0.0 0.962
0.0 0.963
0.0 0.964
0.0 0.965
0.0 0.966
0.0 0.967
0.0 0.968
0.0 0.969
0.0 0.97
0.0 0.971
0.0 0.972
0.0 0.973
0.0 0.974
0.0 0.975
0.0 0.976
0.0 0.977
0.0 0.978
0.0 0.979
0.0 0.98
0.0 0.981
0.0 0.982
0.0 0.983
0.0 0.984
0.0 0.985
0.0 0.986
0.0 0.987
0.0 0.988
0.0 0.989
0.0 0.99
0.0 0.991
0.0 0.992
0.0 0.993
0.0 0.994
0.0 0.995
0.0 0.996
0.0 0.997
0.001 0.997
0.00166666666667 0.997333333333
0.00266666666667 0.997333333333
0.00366666666667 0.997333333333
0.00466666666667 0.997333333333
0.00566666666667 0.997333333333
0.00666666666667 0.997333333333
0.00766666666667 0.997333333333
0.00866666666667 0.997333333333
0.00966666666667 0.997333333333
0.0106666666667 0.997333333333
0.0116666666667 0.997333333333
0.0126666666667 0.997333333333
0.0136666666667 0.997333333333
0.0146666666667 0.997333333333
0.0156666666667 0.997333333333
0.0166666666667 0.997333333333
0.0176666666667 0.997333333333
0.0183333333333 0.997666666667
0.0193333333333 0.997666666667
0.0203333333333 0.997666666667
0.0213333333333 0.997666666667
0.0223333333333 0.997666666667
0.0233333333333 0.997666666667
0.0243333333333 0.997666666667
0.0253333333333 0.997666666667
0.0263333333333 0.997666666667
0.0273333333333 0.997666666667
0.0283333333333 0.997666666667
0.0293333333333 0.997666666667
0.0303333333333 0.997666666667
0.0313333333333 0.997666666667
0.0323333333333 0.997666666667
0.0333333333333 0.997666666667
0.0343333333333 0.997666666667
0.0353333333333 0.997666666667
0.0363333333333 0.997666666667
0.0373333333333 0.997666666667
0.0383333333333 0.997666666667
0.0393333333333 0.997666666667
0.0403333333333 0.997666666667
0.0413333333333 0.997666666667
0.0423333333333 0.997666666667
0.0433333333333 0.997666666667
0.0443333333333 0.997666666667
0.045 0.998
0.046 0.998
0.047 0.998
0.048 0.998
0.049 0.998
0.05 0.998
0.051 0.998
0.052 0.998
0.053 0.998
0.054 0.998
0.055 0.998
0.056 0.998
0.0566666666667 0.998333333333
0.0576666666667 0.998333333333
0.0586666666667 0.998333333333
0.0596666666667 0.998333333333
0.0606666666667 0.998333333333
0.0616666666667 0.998333333333
0.0626666666667 0.998333333333
0.0636666666667 0.998333333333
0.0646666666667 0.998333333333
0.0656666666667 0.998333333333
0.0666666666667 0.998333333333
0.0676666666667 0.998333333333
0.0686666666667 0.998333333333
0.0696666666667 0.998333333333
0.0706666666667 0.998333333333
0.0716666666667 0.998333333333
0.0726666666667 0.998333333333
0.0736666666667 0.998333333333
0.0746666666667 0.998333333333
0.0756666666667 0.998333333333
0.0766666666667 0.998333333333
0.0776666666667 0.998333333333
0.0786666666667 0.998333333333
0.0796666666667 0.998333333333
0.0806666666667 0.998333333333
0.0816666666667 0.998333333333
0.0826666666667 0.998333333333
0.0836666666667 0.998333333333
0.0846666666667 0.998333333333
0.0856666666667 0.998333333333
0.0866666666667 0.998333333333
0.0876666666667 0.998333333333
0.0886666666667 0.998333333333
0.0896666666667 0.998333333333
0.0906666666667 0.998333333333
0.0916666666667 0.998333333333
0.0926666666667 0.998333333333
0.0936666666667 0.998333333333
0.0946666666667 0.998333333333
0.0956666666667 0.998333333333
0.0966666666667 0.998333333333
0.0976666666667 0.998333333333
0.0986666666667 0.998333333333
0.0996666666667 0.998333333333
0.100666666667 0.998333333333
0.101666666667 0.998333333333
0.102666666667 0.998333333333
0.103666666667 0.998333333333
0.104666666667 0.998333333333
0.105666666667 0.998333333333
0.106666666667 0.998333333333
0.107666666667 0.998333333333
0.108666666667 0.998333333333
0.109666666667 0.998333333333
0.110666666667 0.998333333333
0.111666666667 0.998333333333
0.112666666667 0.998333333333
0.113666666667 0.998333333333
0.114666666667 0.998333333333
0.115666666667 0.998333333333
0.116666666667 0.998333333333
0.117666666667 0.998333333333
0.118666666667 0.998333333333
0.119666666667 0.998333333333
0.120666666667 0.998333333333
0.121666666667 0.998333333333
0.122666666667 0.998333333333
0.123666666667 0.998333333333
0.124666666667 0.998333333333
0.125666666667 0.998333333333
0.126666666667 0.998333333333
0.127666666667 0.998333333333
0.128666666667 0.998333333333
0.129666666667 0.998333333333
0.130666666667 0.998333333333
0.131666666667 0.998333333333
0.132666666667 0.998333333333
0.133666666667 0.998333333333
0.134666666667 0.998333333333
0.135666666667 0.998333333333
0.136666666667 0.998333333333
0.137666666667 0.998333333333
0.138666666667 0.998333333333
0.139666666667 0.998333333333
0.140666666667 0.998333333333
0.141666666667 0.998333333333
0.142666666667 0.998333333333
0.143666666667 0.998333333333
0.144666666667 0.998333333333
0.145666666667 0.998333333333
0.146666666667 0.998333333333
0.147666666667 0.998333333333
0.148666666667 0.998333333333
0.149666666667 0.998333333333
0.150666666667 0.998333333333
0.151666666667 0.998333333333
0.152666666667 0.998333333333
0.153666666667 0.998333333333
0.154666666667 0.998333333333
0.155666666667 0.998333333333
0.156666666667 0.998333333333
0.157666666667 0.998333333333
0.158666666667 0.998333333333
0.159666666667 0.998333333333
0.160666666667 0.998333333333
0.161666666667 0.998333333333
0.162666666667 0.998333333333
0.163666666667 0.998333333333
0.164666666667 0.998333333333
0.165666666667 0.998333333333
0.166666666667 0.998333333333
0.167666666667 0.998333333333
0.168666666667 0.998333333333
0.169666666667 0.998333333333
0.170666666667 0.998333333333
0.171666666667 0.998333333333
0.172666666667 0.998333333333
0.173666666667 0.998333333333
0.174666666667 0.998333333333
0.175666666667 0.998333333333
0.176666666667 0.998333333333
0.177666666667 0.998333333333
0.178666666667 0.998333333333
0.179666666667 0.998333333333
0.180666666667 0.998333333333
0.181666666667 0.998333333333
0.182666666667 0.998333333333
0.183666666667 0.998333333333
0.184666666667 0.998333333333
0.185666666667 0.998333333333
0.186666666667 0.998333333333
0.187666666667 0.998333333333
0.188666666667 0.998333333333
0.189666666667 0.998333333333
0.190666666667 0.998333333333
0.191666666667 0.998333333333
0.192666666667 0.998333333333
0.193666666667 0.998333333333
0.194666666667 0.998333333333
0.195666666667 0.998333333333
0.196666666667 0.998333333333
0.197666666667 0.998333333333
0.198666666667 0.998333333333
0.199666666667 0.998333333333
0.200666666667 0.998333333333
0.201666666667 0.998333333333
0.202666666667 0.998333333333
0.203666666667 0.998333333333
0.204666666667 0.998333333333
0.205666666667 0.998333333333
0.206666666667 0.998333333333
0.207666666667 0.998333333333
0.208666666667 0.998333333333
0.209666666667 0.998333333333
0.210666666667 0.998333333333
0.211666666667 0.998333333333
0.212333333333 0.998666666667
0.213333333333 0.998666666667
0.214333333333 0.998666666667
0.215333333333 0.998666666667
0.216333333333 0.998666666667
0.217333333333 0.998666666667
0.218333333333 0.998666666667
0.219333333333 0.998666666667
0.220333333333 0.998666666667
0.221333333333 0.998666666667
0.222333333333 0.998666666667
0.223333333333 0.998666666667
0.224333333333 0.998666666667
0.225333333333 0.998666666667
0.226333333333 0.998666666667
0.227333333333 0.998666666667
0.228333333333 0.998666666667
0.229333333333 0.998666666667
0.230333333333 0.998666666667
0.231333333333 0.998666666667
0.232333333333 0.998666666667
0.233333333333 0.998666666667
0.234333333333 0.998666666667
0.235333333333 0.998666666667
0.236333333333 0.998666666667
0.237333333333 0.998666666667
0.238333333333 0.998666666667
0.239333333333 0.998666666667
0.240333333333 0.998666666667
0.241333333333 0.998666666667
0.242333333333 0.998666666667
0.243333333333 0.998666666667
0.244333333333 0.998666666667
0.245333333333 0.998666666667
0.246333333333 0.998666666667
0.247333333333 0.998666666667
0.248333333333 0.998666666667
0.249333333333 0.998666666667
0.250333333333 0.998666666667
0.251333333333 0.998666666667
0.252333333333 0.998666666667
0.253333333333 0.998666666667
0.254333333333 0.998666666667
0.255333333333 0.998666666667
0.256333333333 0.998666666667
0.257333333333 0.998666666667
0.258333333333 0.998666666667
0.259333333333 0.998666666667
0.260333333333 0.998666666667
0.261333333333 0.998666666667
0.262333333333 0.998666666667
0.263333333333 0.998666666667
0.264333333333 0.998666666667
0.265333333333 0.998666666667
0.266333333333 0.998666666667
0.267333333333 0.998666666667
0.268333333333 0.998666666667
0.269333333333 0.998666666667
0.270333333333 0.998666666667
0.271333333333 0.998666666667
0.272333333333 0.998666666667
0.273333333333 0.998666666667
0.274333333333 0.998666666667
0.275333333333 0.998666666667
0.276333333333 0.998666666667
0.277333333333 0.998666666667
0.278333333333 0.998666666667
0.279333333333 0.998666666667
0.280333333333 0.998666666667
0.281333333333 0.998666666667
0.282333333333 0.998666666667
0.283333333333 0.998666666667
0.284333333333 0.998666666667
0.285333333333 0.998666666667
0.286333333333 0.998666666667
0.287333333333 0.998666666667
0.288333333333 0.998666666667
0.289333333333 0.998666666667
0.290333333333 0.998666666667
0.291333333333 0.998666666667
0.292333333333 0.998666666667
0.293333333333 0.998666666667
0.294333333333 0.998666666667
0.295333333333 0.998666666667
0.296333333333 0.998666666667
0.297333333333 0.998666666667
0.298333333333 0.998666666667
0.299333333333 0.998666666667
0.300333333333 0.998666666667
0.301333333333 0.998666666667
0.302333333333 0.998666666667
0.303333333333 0.998666666667
0.304333333333 0.998666666667
0.305333333333 0.998666666667
0.306333333333 0.998666666667
0.307333333333 0.998666666667
0.308333333333 0.998666666667
0.309333333333 0.998666666667
0.310333333333 0.998666666667
0.311333333333 0.998666666667
0.312333333333 0.998666666667
0.313333333333 0.998666666667
0.314 0.998666666667
0.315333333333 0.998666666667
0.316333333333 0.998666666667
0.317333333333 0.998666666667
0.318333333333 0.998666666667
0.319333333333 0.998666666667
0.320333333333 0.998666666667
0.321333333333 0.998666666667
0.322333333333 0.998666666667
0.323333333333 0.998666666667
0.324333333333 0.998666666667
0.325333333333 0.998666666667
0.326333333333 0.998666666667
0.327333333333 0.998666666667
0.328333333333 0.998666666667
0.329333333333 0.998666666667
0.330333333333 0.998666666667
0.331333333333 0.998666666667
0.332333333333 0.998666666667
0.333333333333 0.998666666667
0.334333333333 0.998666666667
0.335333333333 0.998666666667
0.336333333333 0.998666666667
0.337 0.999
0.338 0.999
0.339 0.999
0.34 0.999
0.341 0.999
0.342 0.999
0.343 0.999
0.344 0.999
0.345 0.999
0.346 0.999
0.347 0.999
0.348 0.999
0.349 0.999
0.35 0.999
0.351 0.999
0.352 0.999
0.353 0.999
0.354 0.999
0.355 0.999
0.356 0.999
0.357 0.999
0.358 0.999
0.359 0.999
0.36 0.999
0.361 0.999
0.362 0.999
0.363 0.999
0.364 0.999
0.365 0.999
0.366 0.999
0.367 0.999
0.368 0.999
0.369 0.999
0.37 0.999
0.371 0.999
0.372 0.999
0.373 0.999
0.374 0.999
0.375 0.999
0.376 0.999
0.377 0.999
0.378 0.999
0.379 0.999
0.38 0.999
0.381 0.999
0.382 0.999
0.383 0.999
0.384 0.999
0.385 0.999
0.386 0.999
0.387 0.999
0.388 0.999
0.389 0.999
0.39 0.999
0.391 0.999
0.392 0.999
0.393 0.999
0.394 0.999
0.395 0.999
0.396 0.999
0.397 0.999
0.398 0.999
0.399 0.999
0.4 0.999
0.401 0.999
0.402 0.999
0.403 0.999
0.404 0.999
0.405 0.999
0.406 0.999
0.407 0.999
0.408 0.999
0.409 0.999
0.41 0.999
0.411 0.999
0.412 0.999
0.413 0.999
0.414 0.999
0.415 0.999
0.416 0.999
0.417 0.999
0.418 0.999
0.419 0.999
0.42 0.999
0.421 0.999
0.422 0.999
0.423 0.999
0.424 0.999
0.425 0.999
0.426 0.999
0.427 0.999
0.428 0.999
0.429 0.999
0.43 0.999
0.431 0.999
0.432 0.999
0.433 0.999
0.434 0.999
0.435 0.999
0.436 0.999
0.437 0.999
0.438 0.999
0.439 0.999
0.44 0.999
0.441 0.999
0.442 0.999
0.443 0.999
0.444 0.999
0.445 0.999
0.446 0.999
0.447 0.999
0.448 0.999
0.449 0.999
0.449666666667 0.999333333333
0.450666666667 0.999333333333
0.451666666667 0.999333333333
0.452666666667 0.999333333333
0.453666666667 0.999333333333
0.454666666667 0.999333333333
0.455666666667 0.999333333333
0.456666666667 0.999333333333
0.457666666667 0.999333333333
0.458666666667 0.999333333333
0.459666666667 0.999333333333
0.460666666667 0.999333333333
0.461666666667 0.999333333333
0.462666666667 0.999333333333
0.463666666667 0.999333333333
0.464666666667 0.999333333333
0.465666666667 0.999333333333
0.466666666667 0.999333333333
0.467666666667 0.999333333333
0.468666666667 0.999333333333
0.469666666667 0.999333333333
0.470666666667 0.999333333333
0.471666666667 0.999333333333
0.472666666667 0.999333333333
0.473666666667 0.999333333333
0.474666666667 0.999333333333
0.475666666667 0.999333333333
0.476666666667 0.999333333333
0.477666666667 0.999333333333
0.478666666667 0.999333333333
0.479666666667 0.999333333333
0.480666666667 0.999333333333
0.481666666667 0.999333333333
0.482666666667 0.999333333333
0.483666666667 0.999333333333
0.484666666667 0.999333333333
0.485666666667 0.999333333333
0.486666666667 0.999333333333
0.487666666667 0.999333333333
0.488666666667 0.999333333333
0.489666666667 0.999333333333
0.490666666667 0.999333333333
0.491666666667 0.999333333333
0.492666666667 0.999333333333
0.493666666667 0.999333333333
0.494666666667 0.999333333333
0.495666666667 0.999333333333
0.496666666667 0.999333333333
0.497666666667 0.999333333333
0.498666666667 0.999333333333
0.499666666667 0.999333333333
0.500666666667 0.999333333333
0.501666666667 0.999333333333
0.502666666667 0.999333333333
0.503666666667 0.999333333333
0.504666666667 0.999333333333
0.505666666667 0.999333333333
0.506666666667 0.999333333333
0.507666666667 0.999333333333
0.508666666667 0.999333333333
0.509666666667 0.999333333333
0.510666666667 0.999333333333
0.511666666667 0.999333333333
0.512666666667 0.999333333333
0.513666666667 0.999333333333
0.514666666667 0.999333333333
0.515666666667 0.999333333333
0.516666666667 0.999333333333
0.517666666667 0.999333333333
0.518666666667 0.999333333333
0.519666666667 0.999333333333
0.520666666667 0.999333333333
0.521666666667 0.999333333333
0.522666666667 0.999333333333
0.523666666667 0.999333333333
0.524666666667 0.999333333333
0.525666666667 0.999333333333
0.526666666667 0.999333333333
0.527666666667 0.999333333333
0.528666666667 0.999333333333
0.529666666667 0.999333333333
0.530666666667 0.999333333333
0.531666666667 0.999333333333
0.532666666667 0.999333333333
0.533666666667 0.999333333333
0.534666666667 0.999333333333
0.535666666667 0.999333333333
0.536666666667 0.999333333333
0.537666666667 0.999333333333
0.538666666667 0.999333333333
0.539666666667 0.999333333333
0.540666666667 0.999333333333
0.541666666667 0.999333333333
0.542666666667 0.999333333333
0.543666666667 0.999333333333
0.544666666667 0.999333333333
0.545666666667 0.999333333333
0.546666666667 0.999333333333
0.547666666667 0.999333333333
0.548666666667 0.999333333333
0.549666666667 0.999333333333
0.550666666667 0.999333333333
0.551666666667 0.999333333333
0.552666666667 0.999333333333
0.553666666667 0.999333333333
0.554666666667 0.999333333333
0.555666666667 0.999333333333
0.556666666667 0.999333333333
0.557666666667 0.999333333333
0.558666666667 0.999333333333
0.559666666667 0.999333333333
0.560666666667 0.999333333333
0.561666666667 0.999333333333
0.562666666667 0.999333333333
0.563666666667 0.999333333333
0.564666666667 0.999333333333
0.565666666667 0.999333333333
0.566666666667 0.999333333333
0.567666666667 0.999333333333
0.568666666667 0.999333333333
0.569666666667 0.999333333333
0.570666666667 0.999333333333
0.571666666667 0.999333333333
0.572666666667 0.999333333333
0.573666666667 0.999333333333
0.574666666667 0.999333333333
0.575666666667 0.999333333333
0.576666666667 0.999333333333
0.577666666667 0.999333333333
0.578666666667 0.999333333333
0.579666666667 0.999333333333
0.580666666667 0.999333333333
0.581666666667 0.999333333333
0.582666666667 0.999333333333
0.583666666667 0.999333333333
0.584666666667 0.999333333333
0.585666666667 0.999333333333
0.586666666667 0.999333333333
0.587666666667 0.999333333333
0.588666666667 0.999333333333
0.589666666667 0.999333333333
0.590666666667 0.999333333333
0.591666666667 0.999333333333
0.592666666667 0.999333333333
0.593333333333 0.999666666667
0.594333333333 0.999666666667
0.595333333333 0.999666666667
0.596333333333 0.999666666667
0.597333333333 0.999666666667
0.598333333333 0.999666666667
0.599333333333 0.999666666667
0.600333333333 0.999666666667
0.601333333333 0.999666666667
0.602333333333 0.999666666667
0.603333333333 0.999666666667
0.604333333333 0.999666666667
0.605333333333 0.999666666667
0.606333333333 0.999666666667
0.607333333333 0.999666666667
0.608333333333 0.999666666667
0.609333333333 0.999666666667
0.610333333333 0.999666666667
0.611333333333 0.999666666667
0.612333333333 0.999666666667
0.613333333333 0.999666666667
0.614333333333 0.999666666667
0.615333333333 0.999666666667
0.616333333333 0.999666666667
0.617333333333 0.999666666667
0.618333333333 0.999666666667
0.619333333333 0.999666666667
0.620333333333 0.999666666667
0.621333333333 0.999666666667
0.622333333333 0.999666666667
0.623333333333 0.999666666667
0.624333333333 0.999666666667
0.625333333333 0.999666666667
0.626333333333 0.999666666667
0.627333333333 0.999666666667
0.628333333333 0.999666666667
0.629333333333 0.999666666667
0.630333333333 0.999666666667
0.631333333333 0.999666666667
0.632333333333 0.999666666667
0.633333333333 0.999666666667
0.634333333333 0.999666666667
0.635333333333 0.999666666667
0.636333333333 0.999666666667
0.637333333333 0.999666666667
0.638333333333 0.999666666667
0.639333333333 0.999666666667
0.640333333333 0.999666666667
0.641333333333 0.999666666667
0.642333333333 0.999666666667
0.643333333333 0.999666666667
0.644333333333 0.999666666667
0.645333333333 0.999666666667
0.646333333333 0.999666666667
0.647333333333 0.999666666667
0.648333333333 0.999666666667
0.649333333333 0.999666666667
0.650333333333 0.999666666667
0.651 1.0
0.652 1.0
0.653 1.0
0.654 1.0
0.655 1.0
0.656 1.0
0.657 1.0
0.658 1.0
0.659 1.0
0.66 1.0
0.661 1.0
0.662 1.0
0.663 1.0
0.664 1.0
0.665 1.0
0.666 1.0
0.667 1.0
0.668 1.0
0.668666666667 1.0
0.67 1.0
0.671 1.0
0.672 1.0
0.673 1.0
0.674 1.0
0.675 1.0
0.676 1.0
0.677 1.0
0.678 1.0
0.679 1.0
0.68 1.0
0.681 1.0
0.682 1.0
0.683 1.0
0.684 1.0
0.685 1.0
0.686 1.0
0.687 1.0
0.688 1.0
0.689 1.0
0.69 1.0
0.691 1.0
0.692 1.0
0.693 1.0
0.694 1.0
0.695 1.0
0.696 1.0
0.697 1.0
0.698 1.0
0.699 1.0
0.7 1.0
0.701 1.0
0.702 1.0
0.703 1.0
0.704 1.0
0.705 1.0
0.706 1.0
0.707 1.0
0.708 1.0
0.709 1.0
0.71 1.0
0.711 1.0
0.712 1.0
0.713 1.0
0.714 1.0
0.715 1.0
0.716 1.0
0.717 1.0
0.718 1.0
0.719 1.0
0.72 1.0
0.721 1.0
0.722 1.0
0.723 1.0
0.724 1.0
0.725 1.0
0.726 1.0
0.727 1.0
0.728 1.0
0.729 1.0
0.73 1.0
0.731 1.0
0.732 1.0
0.733 1.0
0.734 1.0
0.735 1.0
0.736 1.0
0.737 1.0
0.738 1.0
0.739 1.0
0.74 1.0
0.741 1.0
0.742 1.0
0.743 1.0
0.744 1.0
0.745 1.0
0.746 1.0
0.747 1.0
0.748 1.0
0.749 1.0
0.75 1.0
0.751 1.0
0.752 1.0
0.753 1.0
0.754 1.0
0.755 1.0
0.756 1.0
0.757 1.0
0.758 1.0
0.759 1.0
0.76 1.0
0.761 1.0
0.762 1.0
0.763 1.0
0.764 1.0
0.765 1.0
0.766 1.0
0.767 1.0
0.768 1.0
0.769 1.0
0.77 1.0
0.771 1.0
0.772 1.0
0.773 1.0
0.774 1.0
0.775 1.0
0.776 1.0
0.777 1.0
0.778 1.0
0.779 1.0
0.78 1.0
0.781 1.0
0.782 1.0
0.783 1.0
0.784 1.0
0.785 1.0
0.786 1.0
0.787 1.0
0.788 1.0
0.789 1.0
0.79 1.0
0.791 1.0
0.792 1.0
0.793 1.0
0.794 1.0
0.795 1.0
0.796 1.0
0.797 1.0
0.798 1.0
0.799 1.0
0.8 1.0
0.801 1.0
0.802 1.0
0.803 1.0
0.804 1.0
0.805 1.0
0.806 1.0
0.807 1.0
0.808 1.0
0.809 1.0
0.81 1.0
0.811 1.0
0.812 1.0
0.813 1.0
0.814 1.0
0.815 1.0
0.816 1.0
0.817 1.0
0.818 1.0
0.819 1.0
0.82 1.0
0.821 1.0
0.822 1.0
0.823 1.0
0.824 1.0
0.825 1.0
0.826 1.0
0.827 1.0
0.828 1.0
0.829 1.0
0.83 1.0
0.831 1.0
0.832 1.0
0.833 1.0
0.834 1.0
0.835 1.0
0.836 1.0
0.837 1.0
0.838 1.0
0.839 1.0
0.84 1.0
0.841 1.0
0.842 1.0
0.843 1.0
0.844 1.0
0.845 1.0
0.846 1.0
0.847 1.0
0.848 1.0
0.849 1.0
0.85 1.0
0.851 1.0
0.852 1.0
0.853 1.0
0.854 1.0
0.855 1.0
0.856 1.0
0.857 1.0
0.858 1.0
0.859 1.0
0.86 1.0
0.861 1.0
0.862 1.0
0.863 1.0
0.864 1.0
0.865 1.0
0.866 1.0
0.867 1.0
0.868 1.0
0.869 1.0
0.87 1.0
0.871 1.0
0.872 1.0
0.873 1.0
0.874 1.0
0.875 1.0
0.876 1.0
0.877 1.0
0.878 1.0
0.879 1.0
0.88 1.0
0.881 1.0
0.882 1.0
0.883 1.0
0.884 1.0
0.885 1.0
0.886 1.0
0.887 1.0
0.888 1.0
0.889 1.0
0.89 1.0
0.891 1.0
0.892 1.0
0.893 1.0
0.894 1.0
0.895 1.0
0.896 1.0
0.897 1.0
0.898 1.0
0.899 1.0
0.9 1.0
0.901 1.0
0.902 1.0
0.903 1.0
0.904 1.0
0.905 1.0
0.906 1.0
0.907 1.0
0.908 1.0
0.909 1.0
0.91 1.0
0.911 1.0
0.912 1.0
0.913 1.0
0.914 1.0
0.915 1.0
0.916 1.0
0.917 1.0
0.918 1.0
0.919 1.0
0.92 1.0
0.921 1.0
0.922 1.0
0.923 1.0
0.924 1.0
0.925 1.0
0.926 1.0
0.927 1.0
0.928 1.0
0.929 1.0
0.93 1.0
0.931 1.0
0.932 1.0
0.933 1.0
0.934 1.0
0.935 1.0
0.936 1.0
0.937 1.0
0.938 1.0
0.939 1.0
0.94 1.0
0.941 1.0
0.942 1.0
0.943 1.0
0.944 1.0
0.945 1.0
0.946 1.0
0.947 1.0
0.947666666667 1.0
0.949 1.0
0.95 1.0
0.951 1.0
0.952 1.0
0.953 1.0
0.954 1.0
0.955 1.0
0.956 1.0
0.957 1.0
0.958 1.0
0.959 1.0
0.96 1.0
0.961 1.0
0.962 1.0
0.963 1.0
0.964 1.0
0.965 1.0
0.966 1.0
0.967 1.0
0.968 1.0
0.969 1.0
0.97 1.0
0.971 1.0
0.972 1.0
0.973 1.0
0.974 1.0
0.975 1.0
0.976 1.0
0.977 1.0
0.978 1.0
0.979 1.0
0.98 1.0
0.981 1.0
0.982 1.0
0.983 1.0
0.984 1.0
0.985 1.0
0.986 1.0
0.987 1.0
0.988 1.0
0.989 1.0
0.99 1.0
0.991 1.0
0.992 1.0
0.993 1.0
0.994 1.0
0.995 1.0
0.996 1.0
0.997 1.0
0.998 1.0
0.999 1.0
1.0 1.0
