1.0000 1.0000
1.0000 0.9997
1.0000 0.9993
1.0000 0.9990
1.0000 0.9987
1.0000 0.9983
1.0000 0.9980
1.0000 0.9977
1.0000 0.9973
1.0000 0.9970
1.0000 0.9967
1.0000 0.9963
1.0000 0.9960
1.0000 0.9957
1.0000 0.9953
1.0000 0.9950
1.0000 0.9947
1.0000 0.9943
1.0000 0.9940
1.0000 0.9937
1.0000 0.9933
1.0000 0.9930
1.0000 0.9927
1.0000 0.9923
1.0000 0.9920
1.0000 0.9917
1.0000 0.9913
1.0000 0.9910
1.0000 0.9907
1.0000 0.9903
1.0000 0.9900
1.0000 0.9897
1.0000 0.9893
1.0000 0.9890
1.0000 0.9887
1.0000 0.9883
1.0000 0.9880
1.0000 0.9877
1.0000 0.9873
1.0000 0.9870
1.0000 0.9867
1.0000 0.9863
1.0000 0.9860
1.0000 0.9857
1.0000 0.9853
1.0000 0.9850
1.0000 0.9847
1.0000 0.9843
1.0000 0.9840
1.0000 0.9837
1.0000 0.9833
1.0000 0.9830
1.0000 0.9827
1.0000 0.9823
1.0000 0.9820
1.0000 0.9817
1.0000 0.9813
1.0000 0.9810
1.0000 0.9807
1.0000 0.9803
1.0000 0.9800
1.0000 0.9797
1.0000 0.9793
1.0000 0.9790
1.0000 0.9787
1.0000 0.9783
1.0000 0.9780
1.0000 0.9777
1.0000 0.9773
1.0000 0.9770
1.0000 0.9767
1.0000 0.9763
1.0000 0.9760
1.0000 0.9757
1.0000 0.9753
1.0000 0.9750
1.0000 0.9747
1.0000 0.9743
1.0000 0.9740
1.0000 0.9737
1.0000 0.9733
1.0000 0.9730
1.0000 0.9727
1.0000 0.9723
1.0000 0.9720
1.0000 0.9717
1.0000 0.9713
1.0000 0.9710
1.0000 0.9707
1.0000 0.9703
1.0000 0.9700
1.0000 0.9697
1.0000 0.9693
1.0000 0.9690
1.0000 0.9687
1.0000 0.9683
1.0000 0.9680
1.0000 0.9677
1.0000 0.9673
1.0000 0.9670
1.0000 0.9667
1.0000 0.9663
1.0000 0.9660
1.0000 0.9657
1.0000 0.9653
1.0000 0.9650
1.0000 0.9647
1.0000 0.9643
1.0000 0.9640
1.0000 0.9637
1.0000 0.9633
1.0000 0.9630
1.0000 0.9627
1.0000 0.9623
1.0000 0.9620
1.0000 0.9617
1.0000 0.9613
1.0000 0.9610
1.0000 0.9607
1.0000 0.9603
1.0000 0.9600
1.0000 0.9597
1.0000 0.9593
1.0000 0.9590
1.0000 0.9587
1.0000 0.9583
1.0000 0.9580
1.0000 0.9577
1.0000 0.9573
1.0000 0.9570
1.0000 0.9567
1.0000 0.9563
1.0000 0.9560
1.0000 0.9557
1.0000 0.9553
1.0000 0.9550
1.0000 0.9547
1.0000 0.9543
1.0000 0.9540
1.0000 0.9537
1.0000 0.9533
1.0000 0.9530
1.0000 0.9527
1.0000 0.9523
1.0000 0.9520
1.0000 0.9517
1.0000 0.9513
1.0000 0.9510
1.0000 0.9507
1.0000 0.9503
1.0000 0.9500
1.0000 0.9497
1.0000 0.9493
1.0000 0.9490
1.0000 0.9487
1.0000 0.9483
1.0000 0.9480
1.0000 0.9477
1.0000 0.9473
1.0000 0.9470
1.0000 0.9467
1.0000 0.9463
1.0000 0.9460
1.0000 0.9457
1.0000 0.9453
1.0000 0.9450
1.0000 0.9447
1.0000 0.9443
1.0000 0.9440
1.0000 0.9437
1.0000 0.9433
1.0000 0.9430
1.0000 0.9427
1.0000 0.9423
1.0000 0.9420
1.0000 0.9417
1.0000 0.9413
1.0000 0.9410
1.0000 0.9407
1.0000 0.9403
1.0000 0.9400
1.0000 0.9397
1.0000 0.9393
1.0000 0.9390
1.0000 0.9387
1.0000 0.9383
1.0000 0.9380
1.0000 0.9377
1.0000 0.9373
1.0000 0.9370
1.0000 0.9367
1.0000 0.9363
1.0000 0.9360
1.0000 0.9357
1.0000 0.9353
1.0000 0.9350
1.0000 0.9347
1.0000 0.9343
1.0000 0.9340
1.0000 0.9337
1.0000 0.9333
1.0000 0.9330
1.0000 0.9327
1.0000 0.9323
1.0000 0.9320
1.0000 0.9317
1.0000 0.9313
1.0000 0.9310
1.0000 0.9307
1.0000 0.9303
1.0000 0.9300
1.0000 0.9297
1.0000 0.9293
1.0000 0.9290
1.0000 0.9287
1.0000 0.9283
1.0000 0.9280
1.0000 0.9277
1.0000 0.9273
1.0000 0.9270
1.0000 0.9267
1.0000 0.9263
1.0000 0.9260
1.0000 0.9257
1.0000 0.9253
1.0000 0.9250
1.0000 0.9247
1.0000 0.9243
1.0000 0.9240
1.0000 0.9237
1.0000 0.9233
1.0000 0.9230
1.0000 0.9227
1.0000 0.9223
1.0000 0.9220
1.0000 0.9217
1.0000 0.9213
1.0000 0.9210
1.0000 0.9207
1.0000 0.9203
1.0000 0.9200
1.0000 0.9197
1.0000 0.9193
1.0000 0.9190
1.0000 0.9187
1.0000 0.9183
1.0000 0.9180
1.0000 0.9177
1.0000 0.9173
1.0000 0.9170
1.0000 0.9167
1.0000 0.9163
1.0000 0.9160
1.0000 0.9157
1.0000 0.9153
1.0000 0.9150
1.0000 0.9147
1.0000 0.9143
1.0000 0.9140
1.0000 0.9137
1.0000 0.9133
1.0000 0.9130
1.0000 0.9127
1.0000 0.9123
1.0000 0.9120
1.0000 0.9117
1.0000 0.9113
1.0000 0.9110
1.0000 0.9107
1.0000 0.9103
1.0000 0.9100
1.0000 0.9097
1.0000 0.9093
1.0000 0.9090
1.0000 0.9087
1.0000 0.9083
1.0000 0.9080
1.0000 0.9077
1.0000 0.9073
1.0000 0.9070
1.0000 0.9067
1.0000 0.9063
1.0000 0.9060
1.0000 0.9057
1.0000 0.9053
1.0000 0.9050
1.0000 0.9047
1.0000 0.9043
1.0000 0.9040
1.0000 0.9037
1.0000 0.9033
1.0000 0.9030
1.0000 0.9027
1.0000 0.9023
1.0000 0.9020
1.0000 0.9017
1.0000 0.9013
1.0000 0.9010
1.0000 0.9007
1.0000 0.9003
1.0000 0.9000
1.0000 0.8997
1.0000 0.8993
1.0000 0.8990
1.0000 0.8987
1.0000 0.8983
1.0000 0.8980
1.0000 0.8977
1.0000 0.8973
1.0000 0.8970
1.0000 0.8967
1.0000 0.8963
1.0000 0.8960
1.0000 0.8957
1.0000 0.8953
1.0000 0.8950
1.0000 0.8947
1.0000 0.8943
1.0000 0.8940
1.0000 0.8937
1.0000 0.8933
1.0000 0.8930
1.0000 0.8927
1.0000 0.8923
1.0000 0.8920
1.0000 0.8917
1.0000 0.8913
1.0000 0.8910
1.0000 0.8907
1.0000 0.8903
1.0000 0.8900
1.0000 0.8897
1.0000 0.8893
1.0000 0.8890
1.0000 0.8887
1.0000 0.8883
1.0000 0.8880
0.9997 0.8880
0.9997 0.8877
0.9997 0.8873
0.9997 0.8870
0.9997 0.8867
0.9997 0.8863
0.9997 0.8860
0.9997 0.8857
0.9997 0.8853
0.9997 0.8850
0.9997 0.8847
0.9997 0.8843
0.9997 0.8840
0.9997 0.8837
0.9997 0.8833
0.9997 0.8830
0.9997 0.8827
0.9997 0.8823
0.9997 0.8820
0.9997 0.8817
0.9997 0.8813
0.9997 0.8810
0.9997 0.8807
0.9997 0.8803
0.9997 0.8800
0.9997 0.8797
0.9997 0.8793
0.9997 0.8790
0.9997 0.8787
0.9997 0.8783
0.9997 0.8780
0.9997 0.8777
0.9997 0.8773
0.9997 0.8770
0.9997 0.8767
0.9997 0.8763
0.9997 0.8760
0.9997 0.8757
0.9997 0.8753
0.9997 0.8750
0.9997 0.8747
0.9997 0.8743
0.9997 0.8740
0.9997 0.8737
0.9997 0.8733
0.9997 0.8730
0.9997 0.8727
0.9997 0.8723
0.9997 0.8720
0.9997 0.8717
0.9997 0.8713
0.9997 0.8710
0.9997 0.8707
0.9997 0.8703
0.9997 0.8700
0.9997 0.8697
0.9997 0.8693
0.9997 0.8690
0.9997 0.8687
0.9997 0.8683
0.9997 0.8680
0.9997 0.8677
0.9997 0.8673
0.9997 0.8670
0.9997 0.8667
0.9997 0.8663
0.9997 0.8660
0.9997 0.8657
0.9997 0.8653
0.9997 0.8650
0.9997 0.8647
0.9997 0.8643
0.9997 0.8640
0.9997 0.8637
0.9997 0.8633
0.9997 0.8630
0.9997 0.8627
0.9997 0.8623
0.9997 0.8620
0.9997 0.8617
0.9997 0.8613
0.9997 0.8610
0.9997 0.8607
0.9997 0.8603
0.9997 0.8600
0.9997 0.8597
0.9997 0.8593
0.9997 0.8590
0.9997 0.8587
0.9997 0.8583
0.9997 0.8580
0.9997 0.8577
0.9997 0.8573
0.9997 0.8570
0.9997 0.8567
0.9997 0.8563
0.9997 0.8560
0.9997 0.8557
0.9997 0.8553
0.9997 0.8550
0.9997 0.8547
0.9997 0.8543
0.9997 0.8540
0.9997 0.8537
0.9997 0.8533
0.9997 0.8530
0.9997 0.8527
0.9997 0.8523
0.9997 0.8520
0.9997 0.8517
0.9997 0.8513
0.9997 0.8510
0.9997 0.8507
0.9997 0.8503
0.9997 0.8500
0.9997 0.8497
0.9997 0.8493
0.9997 0.8490
0.9997 0.8487
0.9997 0.8483
0.9997 0.8480
0.9997 0.8477
0.9997 0.8473
0.9997 0.8470
0.9997 0.8467
0.9997 0.8463
0.9997 0.8460
0.9997 0.8457
0.9997 0.8453
0.9997 0.8450
0.9997 0.8447
0.9997 0.8443
0.9997 0.8440
0.9997 0.8437
0.9997 0.8433
0.9997 0.8430
0.9997 0.8427
0.9997 0.8423
0.9997 0.8420
0.9997 0.8417
0.9997 0.8413
0.9997 0.8410
0.9997 0.8407
0.9997 0.8403
0.9997 0.8400
0.9997 0.8397
0.9997 0.8393
0.9997 0.8390
0.9997 0.8387
0.9997 0.8383
0.9997 0.8380
0.9997 0.8377
0.9997 0.8373
0.9997 0.8370
0.9997 0.8367
0.9997 0.8363
0.9997 0.8360
0.9997 0.8357
0.9997 0.8353
0.9997 0.8350
0.9997 0.8347
0.9997 0.8343
0.9997 0.8340
0.9997 0.8337
0.9997 0.8333
0.9997 0.8330
0.9997 0.8327
0.9997 0.8323
0.9997 0.8320
0.9997 0.8317
0.9997 0.8313
0.9997 0.8310
0.9997 0.8307
0.9997 0.8303
0.9997 0.8300
0.9997 0.8297
0.9997 0.8293
0.9997 0.8290
0.9997 0.8287
0.9997 0.8283
0.9997 0.8280
0.9997 0.8277
0.9997 0.8273
0.9997 0.8270
0.9997 0.8267
0.9997 0.8263
0.9997 0.8260
0.9997 0.8257
0.9997 0.8253
0.9997 0.8250
0.9997 0.8247
0.9997 0.8243
0.9997 0.8240
0.9997 0.8237
0.9997 0.8233
0.9997 0.8230
0.9997 0.8227
0.9997 0.8223
0.9997 0.8220
0.9997 0.8217
0.9997 0.8213
0.9997 0.8210
0.9997 0.8207
0.9997 0.8203
0.9997 0.8200
0.9997 0.8197
0.9997 0.8193
0.9997 0.8190
0.9997 0.8187
0.9997 0.8183
0.9997 0.8180
0.9997 0.8177
0.9997 0.8173
0.9997 0.8170
0.9997 0.8167
0.9997 0.8163
0.9997 0.8160
0.9997 0.8157
0.9997 0.8153
0.9997 0.8150
0.9997 0.8147
0.9997 0.8143
0.9997 0.8140
0.9997 0.8137
0.9997 0.8133
0.9997 0.8130
0.9997 0.8127
0.9997 0.8123
0.9997 0.8120
0.9997 0.8117
0.9997 0.8113
0.9997 0.8110
0.9997 0.8107
0.9997 0.8103
0.9997 0.8100
0.9997 0.8097
0.9997 0.8093
0.9997 0.8090
0.9997 0.8087
0.9997 0.8083
0.9997 0.8080
0.9997 0.8077
0.9997 0.8073
0.9997 0.8070
0.9997 0.8067
0.9997 0.8063
0.9997 0.8060
0.9997 0.8057
0.9997 0.8053
0.9997 0.8050
0.9997 0.8047
0.9997 0.8043
0.9997 0.8040
0.9997 0.8037
0.9997 0.8033
0.9997 0.8030
0.9997 0.8027
0.9997 0.8023
0.9997 0.8020
0.9997 0.8017
0.9997 0.8013
0.9997 0.8010
0.9997 0.8007
0.9997 0.8003
0.9997 0.8000
0.9997 0.7997
0.9997 0.7993
0.9997 0.7990
0.9997 0.7987
0.9997 0.7983
0.9997 0.7980
0.9997 0.7977
0.9997 0.7973
0.9997 0.7970
0.9997 0.7967
0.9997 0.7963
0.9997 0.7960
0.9997 0.7957
0.9997 0.7953
0.9997 0.7950
0.9997 0.7947
0.9997 0.7943
0.9997 0.7940
0.9997 0.7937
0.9997 0.7933
0.9997 0.7930
0.9997 0.7927
0.9997 0.7923
0.9997 0.7920
0.9997 0.7917
0.9997 0.7913
0.9997 0.7910
0.9997 0.7907
0.9997 0.7903
0.9997 0.7900
0.9997 0.7897
0.9997 0.7893
0.9997 0.7890
0.9997 0.7887
0.9997 0.7883
0.9997 0.7880
0.9997 0.7877
0.9997 0.7873
0.9997 0.7870
0.9997 0.7867
0.9997 0.7863
0.9997 0.7860
0.9997 0.7857
0.9997 0.7853
0.9997 0.7850
0.9997 0.7847
0.9997 0.7843
0.9997 0.7840
0.9997 0.7837
0.9997 0.7833
0.9997 0.7830
0.9997 0.7827
0.9997 0.7823
0.9997 0.7820
0.9997 0.7817
0.9997 0.7813
0.9997 0.7810
0.9997 0.7807
0.9997 0.7803
0.9997 0.7800
0.9997 0.7797
0.9997 0.7793
0.9997 0.7790
0.9997 0.7787
0.9997 0.7783
0.9997 0.7780
0.9997 0.7777
0.9997 0.7773
0.9997 0.7770
0.9997 0.7767
0.9997 0.7763
0.9997 0.7760
0.9997 0.7757
0.9997 0.7753
0.9997 0.7750
0.9997 0.7747
0.9997 0.7743
0.9997 0.7740
0.9997 0.7737
0.9997 0.7733
0.9997 0.7730
0.9997 0.7727
0.9997 0.7723
0.9997 0.7720
0.9997 0.7717
0.9997 0.7713
0.9997 0.7710
0.9997 0.7707
0.9997 0.7703
0.9997 0.7700
0.9997 0.7697
0.9997 0.7693
0.9997 0.7690
0.9997 0.7687
0.9997 0.7683
0.9997 0.7680
0.9997 0.7677
0.9997 0.7673
0.9997 0.7670
0.9997 0.7667
0.9997 0.7663
0.9997 0.7660
0.9997 0.7657
0.9997 0.7653
0.9997 0.7650
0.9997 0.7647
0.9997 0.7643
0.9997 0.7640
0.9997 0.7637
0.9997 0.7633
0.9997 0.7630
0.9997 0.7627
0.9997 0.7623
0.9997 0.7620
0.9997 0.7617
0.9997 0.7613
0.9997 0.7610
0.9997 0.7607
0.9997 0.7603
0.9997 0.7600
0.9997 0.7597
0.9997 0.7593
0.9997 0.7590
0.9997 0.7587
0.9997 0.7583
0.9997 0.7580
0.9997 0.7577
0.9997 0.7573
0.9997 0.7570
0.9997 0.7567
0.9997 0.7563
0.9997 0.7560
0.9997 0.7557
0.9997 0.7553
0.9997 0.7550
0.9997 0.7547
0.9997 0.7543
0.9997 0.7540
0.9997 0.7537
0.9997 0.7533
0.9997 0.7530
0.9997 0.7527
0.9997 0.7523
0.9997 0.7520
0.9997 0.7517
0.9997 0.7513
0.9997 0.7510
0.9997 0.7507
0.9997 0.7503
0.9997 0.7500
0.9997 0.7497
0.9997 0.7493
0.9997 0.7490
0.9997 0.7487
0.9997 0.7483
0.9997 0.7480
0.9997 0.7477
0.9997 0.7473
0.9997 0.7470
0.9997 0.7467
0.9997 0.7463
0.9997 0.7460
0.9997 0.7457
0.9997 0.7453
0.9997 0.7450
0.9997 0.7447
0.9997 0.7443
0.9997 0.7440
0.9997 0.7437
0.9997 0.7433
0.9997 0.7430
0.9997 0.7427
0.9997 0.7423
0.9997 0.7420
0.9997 0.7417
0.9997 0.7413
0.9997 0.7410
0.9997 0.7407
0.9997 0.7403
0.9997 0.7400
0.9997 0.7397
0.9997 0.7393
0.9997 0.7390
0.9997 0.7387
0.9997 0.7383
0.9997 0.7380
0.9997 0.7377
0.9997 0.7373
0.9997 0.7370
0.9997 0.7367
0.9997 0.7363
0.9997 0.7360
0.9997 0.7357
0.9997 0.7353
0.9997 0.7350
0.9997 0.7347
0.9997 0.7343
0.9997 0.7340
0.9997 0.7337
0.9997 0.7333
0.9997 0.7330
0.9997 0.7327
0.9997 0.7323
0.9997 0.7320
0.9997 0.7317
0.9997 0.7313
0.9997 0.7310
0.9993 0.7310
0.9993 0.7307
0.9993 0.7303
0.9993 0.7300
0.9993 0.7297
0.9993 0.7293
0.9993 0.7290
0.9993 0.7287
0.9993 0.7283
0.9993 0.7280
0.9993 0.7277
0.9993 0.7273
0.9993 0.7270
0.9993 0.7267
0.9993 0.7263
0.9993 0.7260
0.9993 0.7257
0.9993 0.7253
0.9993 0.7250
0.9993 0.7247
0.9993 0.7243
0.9993 0.7240
0.9993 0.7237
0.9993 0.7233
0.9993 0.7230
0.9993 0.7227
0.9993 0.7223
0.9993 0.7220
0.9993 0.7217
0.9993 0.7213
0.9990 0.7213
0.9990 0.7210
0.9990 0.7207
0.9990 0.7203
0.9990 0.7200
0.9990 0.7197
0.9990 0.7193
0.9990 0.7190
0.9990 0.7187
0.9990 0.7183
0.9990 0.7180
0.9990 0.7177
0.9990 0.7173
0.9990 0.7170
0.9990 0.7167
0.9990 0.7163
0.9990 0.7160
0.9990 0.7157
0.9990 0.7153
0.9990 0.7150
0.9990 0.7147
0.9990 0.7143
0.9990 0.7140
0.9990 0.7137
0.9990 0.7133
0.9990 0.7130
0.9990 0.7127
0.9990 0.7123
0.9990 0.7120
0.9990 0.7117
0.9990 0.7113
0.9990 0.7110
0.9990 0.7107
0.9990 0.7103
0.9990 0.7100
0.9990 0.7097
0.9990 0.7093
0.9990 0.7090
0.9990 0.7087
0.9990 0.7083
0.9990 0.7080
0.9990 0.7077
0.9990 0.7073
0.9990 0.7070
0.9990 0.7067
0.9990 0.7063
0.9990 0.7060
0.9990 0.7057
0.9990 0.7053
0.9990 0.7050
0.9990 0.7047
0.9990 0.7043
0.9990 0.7040
0.9990 0.7037
0.9990 0.7033
0.9990 0.7030
0.9990 0.7027
0.9990 0.7023
0.9990 0.7020
0.9990 0.7017
0.9990 0.7013
0.9990 0.7010
0.9990 0.7007
0.9990 0.7003
0.9990 0.7000
0.9990 0.6997
0.9990 0.6993
0.9990 0.6990
0.9990 0.6987
0.9990 0.6983
0.9990 0.6980
0.9990 0.6977
0.9990 0.6973
0.9990 0.6970
0.9990 0.6967
0.9990 0.6963
0.9990 0.6960
0.9990 0.6957
0.9990 0.6953
0.9990 0.6950
0.9990 0.6947
0.9990 0.6943
0.9990 0.6940
0.9990 0.6937
0.9990 0.6933
0.9990 0.6930
0.9990 0.6927
0.9990 0.6923
0.9990 0.6920
0.9990 0.6917
0.9990 0.6913
0.9990 0.6910
0.9990 0.6907
0.9990 0.6903
0.9990 0.6900
0.9990 0.6897
0.9990 0.6893
0.9990 0.6890
0.9990 0.6887
0.9990 0.6883
0.9990 0.6880
0.9990 0.6877
0.9990 0.6873
0.9990 0.6870
0.9990 0.6867
0.9990 0.6863
0.9990 0.6860
0.9990 0.6857
0.9990 0.6853
0.9990 0.6850
0.9990 0.6847
0.9990 0.6843
0.9990 0.6840
0.9990 0.6837
0.9990 0.6833
0.9990 0.6830
0.9990 0.6827
0.9990 0.6823
0.9990 0.6820
0.9990 0.6817
0.9990 0.6813
0.9990 0.6810
0.9990 0.6807
0.9990 0.6803
0.9990 0.6800
0.9990 0.6797
0.9990 0.6793
0.9990 0.6790
0.9990 0.6787
0.9990 0.6783
0.9990 0.6780
0.9990 0.6777
0.9990 0.6773
0.9990 0.6770
0.9990 0.6767
0.9990 0.6763
0.9990 0.6760
0.9990 0.6757
0.9990 0.6753
0.9990 0.6750
0.9990 0.6747
0.9990 0.6743
0.9990 0.6740
0.9990 0.6737
0.9990 0.6733
0.9990 0.6730
0.9990 0.6727
0.9990 0.6723
0.9990 0.6720
0.9990 0.6717
0.9990 0.6713
0.9990 0.6710
0.9990 0.6707
0.9990 0.6703
0.9990 0.6700
0.9990 0.6697
0.9990 0.6693
0.9990 0.6690
0.9990 0.6687
0.9990 0.6683
0.9990 0.6680
0.9990 0.6677
0.9990 0.6673
0.9990 0.6670
0.9990 0.6667
0.9987 0.6667
0.9987 0.6663
0.9987 0.6660
0.9987 0.6657
0.9987 0.6653
0.9987 0.6650
0.9987 0.6647
0.9987 0.6643
0.9987 0.6640
0.9987 0.6637
0.9987 0.6633
0.9987 0.6630
0.9987 0.6627
0.9987 0.6623
0.9987 0.6620
0.9987 0.6617
0.9987 0.6613
0.9987 0.6610
0.9987 0.6607
0.9987 0.6603
0.9987 0.6600
0.9987 0.6597
0.9987 0.6593
0.9987 0.6590
0.9987 0.6587
0.9987 0.6583
0.9987 0.6580
0.9987 0.6577
0.9987 0.6573
0.9987 0.6570
0.9987 0.6567
0.9987 0.6563
0.9987 0.6560
0.9987 0.6557
0.9987 0.6553
0.9987 0.6550
0.9987 0.6547
0.9987 0.6543
0.9987 0.6540
0.9987 0.6537
0.9987 0.6533
0.9987 0.6530
0.9987 0.6527
0.9987 0.6523
0.9987 0.6520
0.9987 0.6517
0.9987 0.6513
0.9987 0.6510
0.9987 0.6507
0.9987 0.6503
0.9987 0.6500
0.9987 0.6497
0.9987 0.6493
0.9987 0.6490
0.9987 0.6487
0.9987 0.6483
0.9987 0.6480
0.9987 0.6477
0.9987 0.6473
0.9987 0.6470
0.9987 0.6467
0.9987 0.6463
0.9987 0.6460
0.9987 0.6457
0.9987 0.6453
0.9987 0.6450
0.9987 0.6447
0.9987 0.6443
0.9987 0.6440
0.9987 0.6437
0.9987 0.6433
0.9987 0.6430
0.9987 0.6427
0.9987 0.6423
0.9987 0.6420
0.9987 0.6417
0.9987 0.6413
0.9987 0.6410
0.9987 0.6407
0.9987 0.6403
0.9987 0.6400
0.9987 0.6397
0.9983 0.6397
0.9983 0.6393
0.9983 0.6390
0.9983 0.6387
0.9983 0.6383
0.9983 0.6380
0.9983 0.6377
0.9983 0.6373
0.9983 0.6370
0.9983 0.6367
0.9980 0.6367
0.9980 0.6363
0.9980 0.6360
0.9980 0.6357
0.9980 0.6353
0.9980 0.6350
0.9980 0.6347
0.9980 0.6343
0.9980 0.6340
0.9980 0.6337
0.9980 0.6333
0.9980 0.6330
0.9980 0.6327
0.9980 0.6323
0.9980 0.6320
0.9980 0.6317
0.9980 0.6313
0.9980 0.6310
0.9980 0.6307
0.9980 0.6303
0.9980 0.6300
0.9980 0.6297
0.9980 0.6293
0.9980 0.6290
0.9980 0.6287
0.9980 0.6283
0.9980 0.6280
0.9980 0.6277
0.9980 0.6273
0.9980 0.6270
0.9980 0.6267
0.9980 0.6263
0.9980 0.6260
0.9980 0.6257
0.9980 0.6253
0.9980 0.6250
0.9980 0.6247
0.9980 0.6243
0.9980 0.6240
0.9980 0.6237
0.9980 0.6233
0.9980 0.6230
0.9980 0.6227
0.9980 0.6223
0.9980 0.6220
0.9980 0.6217
0.9980 0.6213
0.9980 0.6210
0.9980 0.6207
0.9980 0.6203
0.9980 0.6200
0.9980 0.6197
0.9980 0.6193
0.9980 0.6190
0.9980 0.6187
0.9980 0.6183
0.9980 0.6180
0.9980 0.6177
0.9980 0.6173
0.9980 0.6170
0.9980 0.6167
0.9980 0.6163
0.9980 0.6160
0.9980 0.6157
0.9980 0.6153
0.9980 0.6150
0.9980 0.6147
0.9980 0.6143
0.9980 0.6140
0.9980 0.6137
0.9980 0.6133
0.9980 0.6130
0.9980 0.6127
0.9980 0.6123
0.9980 0.6120
0.9980 0.6117
0.9980 0.6113
0.9980 0.6110
0.9980 0.6107
0.9980 0.6103
0.9980 0.6100
0.9980 0.6097
0.9980 0.6093
0.9980 0.6090
0.9980 0.6087
0.9980 0.6083
0.9980 0.6080
0.9980 0.6077
0.9980 0.6073
0.9980 0.6070
0.9980 0.6067
0.9980 0.6063
0.9980 0.6060
0.9980 0.6057
0.9980 0.6053
0.9980 0.6050
0.9980 0.6047
0.9980 0.6043
0.9980 0.6040
0.9980 0.6037
0.9980 0.6033
0.9980 0.6030
0.9980 0.6027
0.9980 0.6023
0.9980 0.6020
0.9980 0.6017
0.9980 0.6013
0.9980 0.6010
0.9980 0.6007
0.9980 0.6003
0.9980 0.6000
0.9980 0.5997
0.9980 0.5993
0.9980 0.5990
0.9980 0.5987
0.9980 0.5983
0.9980 0.5980
0.9980 0.5977
0.9980 0.5973
0.9980 0.5970
0.9980 0.5967
0.9980 0.5963
0.9980 0.5960
0.9980 0.5957
0.9980 0.5953
0.9980 0.5950
0.9980 0.5947
0.9980 0.5943
0.9980 0.5940
0.9980 0.5937
0.9980 0.5933
0.9980 0.5930
0.9980 0.5927
0.9980 0.5923
0.9980 0.5920
0.9980 0.5917
0.9980 0.5913
0.9980 0.5910
0.9980 0.5907
0.9980 0.5903
0.9980 0.5900
0.9980 0.5897
0.9980 0.5893
0.9980 0.5890
0.9980 0.5887
0.9980 0.5883
0.9980 0.5880
0.9980 0.5877
0.9980 0.5873
0.9980 0.5870
0.9980 0.5867
0.9980 0.5863
0.9980 0.5860
0.9980 0.5857
0.9980 0.5853
0.9980 0.5850
0.9980 0.5847
0.9980 0.5843
0.9980 0.5840
0.9980 0.5837
0.9980 0.5833
0.9980 0.5830
0.9980 0.5827
0.9980 0.5823
0.9980 0.5820
0.9980 0.5817
0.9980 0.5813
0.9980 0.5810
0.9980 0.5807
0.9980 0.5803
0.9980 0.5800
0.9980 0.5797
0.9980 0.5793
0.9980 0.5790
0.9980 0.5787
0.9980 0.5783
0.9980 0.5780
0.9980 0.5777
0.9980 0.5773
0.9980 0.5770
0.9980 0.5767
0.9980 0.5763
0.9980 0.5760
0.9980 0.5757
0.9980 0.5753
0.9980 0.5750
0.9980 0.5747
0.9980 0.5743
0.9980 0.5740
0.9980 0.5737
0.9980 0.5733
0.9980 0.5730
0.9980 0.5727
0.9980 0.5723
0.9980 0.5720
0.9980 0.5717
0.9980 0.5713
0.9980 0.5710
0.9980 0.5707
0.9980 0.5703
0.9980 0.5700
0.9980 0.5697
0.9980 0.5693
0.9980 0.5690
0.9980 0.5687
0.9980 0.5683
0.9980 0.5680
0.9980 0.5677
0.9980 0.5673
0.9980 0.5670
0.9980 0.5667
0.9980 0.5663
0.9980 0.5660
0.9980 0.5657
0.9980 0.5653
0.9980 0.5650
0.9980 0.5647
0.9980 0.5643
0.9980 0.5640
0.9980 0.5637
0.9980 0.5633
0.9980 0.5630
0.9980 0.5627
0.9980 0.5623
0.9980 0.5620
0.9980 0.5617
0.9980 0.5613
0.9980 0.5610
0.9980 0.5607
0.9980 0.5603
0.9980 0.5600
0.9980 0.5597
0.9980 0.5593
0.9980 0.5590
0.9980 0.5587
0.9980 0.5583
0.9980 0.5580
0.9980 0.5577
0.9980 0.5573
0.9980 0.5570
0.9980 0.5567
0.9980 0.5563
0.9980 0.5560
0.9980 0.5557
0.9980 0.5553
0.9980 0.5550
0.9980 0.5547
0.9980 0.5543
0.9980 0.5540
0.9980 0.5537
0.9980 0.5533
0.9980 0.5530
0.9980 0.5527
0.9980 0.5523
0.9980 0.5520
0.9980 0.5517
0.9980 0.5513
0.9980 0.5510
0.9980 0.5507
0.9980 0.5503
0.9980 0.5500
0.9980 0.5497
0.9977 0.5497
0.9977 0.5493
0.9977 0.5490
0.9977 0.5487
0.9977 0.5483
0.9977 0.5480
0.9977 0.5477
0.9977 0.5473
0.9977 0.5470
0.9977 0.5467
0.9977 0.5463
0.9977 0.5460
0.9977 0.5457
0.9977 0.5453
0.9977 0.5450
0.9977 0.5447
0.9977 0.5443
0.9977 0.5440
0.9977 0.5437
0.9977 0.5433
0.9977 0.5430
0.9977 0.5427
0.9977 0.5423
0.9977 0.5420
0.9977 0.5417
0.9977 0.5413
0.9977 0.5410
0.9977 0.5407
0.9977 0.5403
0.9977 0.5400
0.9977 0.5397
0.9977 0.5393
0.9977 0.5390
0.9977 0.5387
0.9977 0.5383
0.9977 0.5380
0.9977 0.5377
0.9977 0.5373
0.9977 0.5370
0.9977 0.5367
0.9977 0.5363
0.9977 0.5360
0.9977 0.5357
0.9977 0.5353
0.9977 0.5350
0.9977 0.5347
0.9977 0.5343
0.9977 0.5340
0.9977 0.5337
0.9977 0.5333
0.9977 0.5330
0.9977 0.5327
0.9977 0.5323
0.9977 0.5320
0.9977 0.5317
0.9977 0.5313
0.9977 0.5310
0.9977 0.5307
0.9977 0.5303
0.9977 0.5300
0.9977 0.5297
0.9977 0.5293
0.9977 0.5290
0.9977 0.5287
0.9977 0.5283
0.9977 0.5280
0.9977 0.5277
0.9977 0.5273
0.9977 0.5270
0.9977 0.5267
0.9977 0.5263
0.9977 0.5260
0.9977 0.5257
0.9977 0.5253
0.9977 0.5250
0.9977 0.5247
0.9977 0.5243
0.9977 0.5240
0.9977 0.5237
0.9977 0.5233
0.9977 0.5230
0.9977 0.5227
0.9977 0.5223
0.9977 0.5220
0.9977 0.5217
0.9977 0.5213
0.9977 0.5210
0.9977 0.5207
0.9977 0.5203
0.9977 0.5200
0.9977 0.5197
0.9977 0.5193
0.9977 0.5190
0.9977 0.5187
0.9977 0.5183
0.9977 0.5180
0.9977 0.5177
0.9977 0.5173
0.9977 0.5170
0.9977 0.5167
0.9977 0.5163
0.9977 0.5160
0.9977 0.5157
0.9977 0.5153
0.9977 0.5150
0.9977 0.5147
0.9977 0.5143
0.9977 0.5140
0.9977 0.5137
0.9977 0.5133
0.9977 0.5130
0.9977 0.5127
0.9977 0.5123
0.9977 0.5120
0.9977 0.5117
0.9977 0.5113
0.9977 0.5110
0.9977 0.5107
0.9977 0.5103
0.9977 0.5100
0.9977 0.5097
0.9977 0.5093
0.9977 0.5090
0.9977 0.5087
0.9977 0.5083
0.9977 0.5080
0.9977 0.5077
0.9977 0.5073
0.9977 0.5070
0.9977 0.5067
0.9977 0.5063
0.9977 0.5060
0.9977 0.5057
0.9977 0.5053
0.9977 0.5050
0.9977 0.5047
0.9977 0.5043
0.9977 0.5040
0.9977 0.5037
0.9977 0.5033
0.9977 0.5030
0.9977 0.5027
0.9977 0.5023
0.9977 0.5020
0.9977 0.5017
0.9977 0.5013
0.9977 0.5010
0.9977 0.5007
0.9977 0.5003
0.9977 0.5000
0.9977 0.4997
0.9977 0.4993
0.9977 0.4990
0.9977 0.4987
0.9977 0.4983
0.9977 0.4980
0.9977 0.4977
0.9977 0.4973
0.9977 0.4970
0.9977 0.4967
0.9977 0.4963
0.9977 0.4960
0.9977 0.4957
0.9977 0.4953
0.9977 0.4950
0.9977 0.4947
0.9977 0.4943
0.9977 0.4940
0.9977 0.4937
0.9977 0.4933
0.9977 0.4930
0.9977 0.4927
0.9977 0.4923
0.9977 0.4920
0.9977 0.4917
0.9977 0.4913
0.9977 0.4910
0.9977 0.4907
0.9977 0.4903
0.9977 0.4900
0.9977 0.4897
0.9977 0.4893
0.9977 0.4890
0.9977 0.4887
0.9977 0.4883
0.9977 0.4880
0.9977 0.4877
0.9977 0.4873
0.9977 0.4870
0.9977 0.4867
0.9977 0.4863
0.9977 0.4860
0.9977 0.4857
0.9977 0.4853
0.9977 0.4850
0.9977 0.4847
0.9977 0.4843
0.9977 0.4840
0.9977 0.4837
0.9977 0.4833
0.9977 0.4830
0.9977 0.4827
0.9977 0.4823
0.9977 0.4820
0.9977 0.4817
0.9977 0.4813
0.9977 0.4810
0.9977 0.4807
0.9977 0.4803
0.9977 0.4800
0.9977 0.4797
0.9977 0.4793
0.9977 0.4790
0.9977 0.4787
0.9977 0.4783
0.9977 0.4780
0.9977 0.4777
0.9977 0.4773
0.9977 0.4770
0.9977 0.4767
0.9977 0.4763
0.9977 0.4760
0.9977 0.4757
0.9977 0.4753
0.9977 0.4750
0.9977 0.4747
0.9977 0.4743
0.9977 0.4740
0.9977 0.4737
0.9977 0.4733
0.9977 0.4730
0.9977 0.4727
0.9977 0.4723
0.9977 0.4720
0.9977 0.4717
0.9977 0.4713
0.9977 0.4710
0.9977 0.4707
0.9973 0.4707
0.9973 0.4703
0.9973 0.4700
0.9973 0.4697
0.9973 0.4693
0.9973 0.4690
0.9973 0.4687
0.9973 0.4683
0.9973 0.4680
0.9973 0.4677
0.9973 0.4673
0.9973 0.4670
0.9973 0.4667
0.9973 0.4663
0.9973 0.4660
0.9973 0.4657
0.9973 0.4653
0.9973 0.4650
0.9973 0.4647
0.9973 0.4643
0.9973 0.4640
0.9973 0.4637
0.9973 0.4633
0.9973 0.4630
0.9973 0.4627
0.9973 0.4623
0.9973 0.4620
0.9973 0.4617
0.9973 0.4613
0.9973 0.4610
0.9973 0.4607
0.9973 0.4603
0.9973 0.4600
0.9973 0.4597
0.9973 0.4593
0.9973 0.4590
0.9973 0.4587
0.9973 0.4583
0.9973 0.4580
0.9973 0.4577
0.9973 0.4573
0.9973 0.4570
0.9973 0.4567
0.9970 0.4567
0.9970 0.4563
0.9970 0.4560
0.9970 0.4557
0.9970 0.4553
0.9970 0.4550
0.9970 0.4547
0.9970 0.4543
0.9970 0.4540
0.9970 0.4537
0.9970 0.4533
0.9970 0.4530
0.9970 0.4527
0.9970 0.4523
0.9967 0.4523
0.9967 0.4520
0.9967 0.4517
0.9967 0.4513
0.9967 0.4510
0.9967 0.4507
0.9967 0.4503
0.9967 0.4500
0.9967 0.4497
0.9967 0.4493
0.9967 0.4490
0.9967 0.4487
0.9967 0.4483
0.9967 0.4480
0.9967 0.4477
0.9967 0.4473
0.9967 0.4470
0.9967 0.4467
0.9967 0.4463
0.9967 0.4460
0.9967 0.4457
0.9967 0.4453
0.9967 0.4450
0.9967 0.4447
0.9967 0.4443
0.9967 0.4440
0.9967 0.4437
0.9967 0.4433
0.9967 0.4430
0.9967 0.4427
0.9967 0.4423
0.9967 0.4420
0.9967 0.4417
0.9967 0.4413
0.9967 0.4410
0.9967 0.4407
0.9967 0.4403
0.9967 0.4400
0.9967 0.4397
0.9967 0.4393
0.9967 0.4390
0.9967 0.4387
0.9967 0.4383
0.9967 0.4380
0.9967 0.4377
0.9967 0.4373
0.9967 0.4370
0.9967 0.4367
0.9967 0.4363
0.9967 0.4360
0.9967 0.4357
0.9967 0.4353
0.9967 0.4350
0.9967 0.4347
0.9967 0.4343
0.9967 0.4340
0.9967 0.4337
0.9967 0.4333
0.9967 0.4330
0.9967 0.4327
0.9967 0.4323
0.9967 0.4320
0.9967 0.4317
0.9967 0.4313
0.9967 0.4310
0.9967 0.4307
0.9967 0.4303
0.9967 0.4300
0.9967 0.4297
0.9967 0.4293
0.9967 0.4290
0.9967 0.4287
0.9967 0.4283
0.9967 0.4280
0.9967 0.4277
0.9967 0.4273
0.9967 0.4270
0.9967 0.4267
0.9967 0.4263
0.9967 0.4260
0.9967 0.4257
0.9967 0.4253
0.9967 0.4250
0.9967 0.4247
0.9967 0.4243
0.9967 0.4240
0.9967 0.4237
0.9967 0.4233
0.9967 0.4230
0.9967 0.4227
0.9967 0.4223
0.9967 0.4220
0.9967 0.4217
0.9967 0.4213
0.9967 0.4210
0.9967 0.4207
0.9967 0.4203
0.9967 0.4200
0.9967 0.4197
0.9967 0.4193
0.9967 0.4190
0.9967 0.4187
0.9967 0.4183
0.9967 0.4180
0.9967 0.4177
0.9967 0.4173
0.9967 0.4170
0.9967 0.4167
0.9967 0.4163
0.9967 0.4160
0.9967 0.4157
0.9967 0.4153
0.9967 0.4150
0.9967 0.4147
0.9967 0.4143
0.9967 0.4140
0.9967 0.4137
0.9967 0.4133
0.9967 0.4130
0.9967 0.4127
0.9967 0.4123
0.9967 0.4120
0.9967 0.4117
0.9967 0.4113
0.9967 0.4110
0.9967 0.4107
0.9967 0.4103
0.9967 0.4100
0.9967 0.4097
0.9967 0.4093
0.9967 0.4090
0.9967 0.4087
0.9967 0.4083
0.9967 0.4080
0.9967 0.4077
0.9967 0.4073
0.9967 0.4070
0.9967 0.4067
0.9967 0.4063
0.9967 0.4060
0.9967 0.4057
0.9967 0.4053
0.9967 0.4050
0.9967 0.4047
0.9967 0.4043
0.9967 0.4040
0.9967 0.4037
0.9967 0.4033
0.9967 0.4030
0.9967 0.4027
0.9967 0.4023
0.9967 0.4020
0.9967 0.4017
0.9967 0.4013
0.9967 0.4010
0.9967 0.4007
0.9967 0.4003
0.9967 0.4000
0.9967 0.3997
0.9967 0.3993
0.9963 0.3993
0.9963 0.3990
0.9963 0.3987
0.9963 0.3983
0.9963 0.3980
0.9963 0.3977
0.9963 0.3973
0.9963 0.3970
0.9963 0.3967
0.9963 0.3963
0.9963 0.3960
0.9963 0.3957
0.9963 0.3953
0.9963 0.3950
0.9963 0.3947
0.9963 0.3943
0.9963 0.3940
0.9963 0.3937
0.9963 0.3933
0.9963 0.3930
0.9963 0.3927
0.9963 0.3923
0.9963 0.3920
0.9963 0.3917
0.9963 0.3913
0.9963 0.3910
0.9963 0.3907
0.9963 0.3903
0.9963 0.3900
0.9963 0.3897
0.9963 0.3893
0.9963 0.3890
0.9963 0.3887
0.9963 0.3883
0.9963 0.3880
0.9963 0.3877
0.9960 0.3877
0.9960 0.3873
0.9960 0.3870
0.9960 0.3867
0.9960 0.3863
0.9960 0.3860
0.9960 0.3857
0.9960 0.3853
0.9960 0.3850
0.9960 0.3847
0.9960 0.3843
0.9960 0.3840
0.9960 0.3837
0.9960 0.3833
0.9960 0.3830
0.9960 0.3827
0.9960 0.3823
0.9960 0.3820
0.9960 0.3817
0.9960 0.3813
0.9960 0.3810
0.9960 0.3807
0.9960 0.3803
0.9960 0.3800
0.9960 0.3797
0.9960 0.3793
0.9960 0.3790
0.9960 0.3787
0.9960 0.3783
0.9960 0.3780
0.9960 0.3777
0.9960 0.3773
0.9960 0.3770
0.9960 0.3767
0.9960 0.3763
0.9960 0.3760
0.9960 0.3757
0.9960 0.3753
0.9960 0.3750
0.9960 0.3747
0.9960 0.3743
0.9960 0.3740
0.9960 0.3737
0.9960 0.3733
0.9960 0.3730
0.9960 0.3727
0.9960 0.3723
0.9960 0.3720
0.9960 0.3717
0.9960 0.3713
0.9960 0.3710
0.9960 0.3707
0.9960 0.3703
0.9960 0.3700
0.9957 0.3700
0.9953 0.3700
0.9953 0.3697
0.9953 0.3693
0.9953 0.3690
0.9953 0.3687
0.9953 0.3683
0.9953 0.3680
0.9953 0.3677
0.9953 0.3673
0.9953 0.3670
0.9953 0.3667
0.9953 0.3663
0.9953 0.3660
0.9953 0.3657
0.9953 0.3653
0.9953 0.3650
0.9953 0.3647
0.9953 0.3643
0.9953 0.3640
0.9953 0.3637
0.9953 0.3633
0.9953 0.3630
0.9953 0.3627
0.9953 0.3623
0.9953 0.3620
0.9953 0.3617
0.9953 0.3613
0.9953 0.3610
0.9953 0.3607
0.9953 0.3603
0.9953 0.3600
0.9953 0.3597
0.9953 0.3593
0.9953 0.3590
0.9953 0.3587
0.9953 0.3583
0.9953 0.3580
0.9953 0.3577
0.9953 0.3573
0.9953 0.3570
0.9953 0.3567
0.9953 0.3563
0.9953 0.3560
0.9953 0.3557
0.9953 0.3553
0.9953 0.3550
0.9953 0.3547
0.9953 0.3543
0.9953 0.3540
0.9953 0.3537
0.9953 0.3533
0.9953 0.3530
0.9953 0.3527
0.9953 0.3523
0.9953 0.3520
0.9953 0.3517
0.9953 0.3513
0.9953 0.3510
0.9953 0.3507
0.9950 0.3507
0.9950 0.3503
0.9950 0.3500
0.9950 0.3497
0.9950 0.3493
0.9950 0.3490
0.9950 0.3487
0.9950 0.3483
0.9950 0.3480
0.9950 0.3477
0.9950 0.3473
0.9950 0.3470
0.9950 0.3467
0.9950 0.3463
0.9950 0.3460
0.9950 0.3457
0.9950 0.3453
0.9950 0.3450
0.9950 0.3447
0.9950 0.3443
0.9950 0.3440
0.9950 0.3437
0.9950 0.3433
0.9950 0.3430
0.9950 0.3427
0.9950 0.3423
0.9947 0.3423
0.9947 0.3420
0.9947 0.3417
0.9947 0.3413
0.9947 0.3410
0.9943 0.3410
0.9940 0.3410
0.9940 0.3407
0.9940 0.3403
0.9940 0.3400
0.9940 0.3397
0.9940 0.3393
0.9940 0.3390
0.9940 0.3387
0.9940 0.3383
0.9940 0.3380
0.9940 0.3377
0.9940 0.3373
0.9940 0.3370
0.9940 0.3367
0.9940 0.3363
0.9940 0.3360
0.9940 0.3357
0.9940 0.3353
0.9940 0.3350
0.9940 0.3347
0.9940 0.3343
0.9940 0.3340
0.9940 0.3337
0.9940 0.3333
0.9940 0.3330
0.9940 0.3327
0.9940 0.3323
0.9940 0.3320
0.9940 0.3317
0.9940 0.3313
0.9940 0.3310
0.9940 0.3307
0.9940 0.3303
0.9937 0.3303
0.9937 0.3300
0.9937 0.3297
0.9937 0.3293
0.9937 0.3290
0.9937 0.3287
0.9937 0.3283
0.9937 0.3280
0.9937 0.3277
0.9937 0.3273
0.9937 0.3270
0.9937 0.3267
0.9937 0.3263
0.9937 0.3260
0.9937 0.3257
0.9937 0.3253
0.9937 0.3250
0.9933 0.3250
0.9933 0.3247
0.9933 0.3243
0.9933 0.3240
0.9933 0.3237
0.9933 0.3233
0.9933 0.3230
0.9933 0.3227
0.9933 0.3223
0.9933 0.3220
0.9933 0.3217
0.9933 0.3213
0.9933 0.3210
0.9933 0.3207
0.9933 0.3203
0.9933 0.3200
0.9933 0.3197
0.9933 0.3193
0.9933 0.3190
0.9933 0.3187
0.9933 0.3183
0.9933 0.3180
0.9933 0.3177
0.9933 0.3173
0.9933 0.3170
0.9933 0.3167
0.9933 0.3163
0.9933 0.3160
0.9933 0.3157
0.9933 0.3153
0.9930 0.3153
0.9930 0.3150
0.9930 0.3147
0.9930 0.3143
0.9930 0.3140
0.9930 0.3137
0.9930 0.3133
0.9927 0.3133
0.9927 0.3130
0.9927 0.3127
0.9927 0.3123
0.9923 0.3123
0.9923 0.3120
0.9923 0.3117
0.9923 0.3113
0.9923 0.3110
0.9923 0.3107
0.9923 0.3103
0.9923 0.3100
0.9923 0.3097
0.9923 0.3093
0.9923 0.3090
0.9923 0.3087
0.9923 0.3083
0.9923 0.3080
0.9923 0.3077
0.9923 0.3073
0.9923 0.3070
0.9923 0.3067
0.9923 0.3063
0.9923 0.3060
0.9923 0.3057
0.9920 0.3057
0.9920 0.3053
0.9920 0.3050
0.9920 0.3047
0.9920 0.3043
0.9920 0.3040
0.9920 0.3037
0.9920 0.3033
0.9920 0.3030
0.9920 0.3027
0.9920 0.3023
0.9920 0.3020
0.9920 0.3017
0.9920 0.3013
0.9920 0.3010
0.9920 0.3007
0.9920 0.3003
0.9920 0.3000
0.9920 0.2997
0.9920 0.2993
0.9920 0.2990
0.9920 0.2987
0.9920 0.2983
0.9920 0.2980
0.9920 0.2977
0.9920 0.2973
0.9920 0.2970
0.9920 0.2967
0.9920 0.2963
0.9920 0.2960
0.9920 0.2957
0.9920 0.2953
0.9920 0.2950
0.9920 0.2947
0.9920 0.2943
0.9920 0.2940
0.9917 0.2940
0.9917 0.2937
0.9917 0.2933
0.9917 0.2930
0.9917 0.2927
0.9917 0.2923
0.9917 0.2920
0.9917 0.2917
0.9917 0.2913
0.9917 0.2910
0.9917 0.2907
0.9917 0.2903
0.9917 0.2900
0.9917 0.2897
0.9917 0.2893
0.9917 0.2890
0.9917 0.2887
0.9917 0.2883
0.9917 0.2880
0.9917 0.2877
0.9917 0.2873
0.9917 0.2870
0.9917 0.2867
0.9913 0.2867
0.9913 0.2863
0.9913 0.2860
0.9913 0.2857
0.9913 0.2853
0.9913 0.2850
0.9913 0.2847
0.9913 0.2843
0.9913 0.2840
0.9913 0.2837
0.9913 0.2833
0.9913 0.2830
0.9913 0.2827
0.9913 0.2823
0.9910 0.2823
0.9910 0.2820
0.9910 0.2817
0.9910 0.2813
0.9910 0.2810
0.9910 0.2807
0.9910 0.2803
0.9910 0.2800
0.9910 0.2797
0.9910 0.2793
0.9910 0.2790
0.9910 0.2787
0.9910 0.2783
0.9910 0.2780
0.9910 0.2777
0.9907 0.2777
0.9903 0.2777
0.9903 0.2773
0.9903 0.2770
0.9903 0.2767
0.9903 0.2763
0.9903 0.2760
0.9903 0.2757
0.9900 0.2757
0.9900 0.2753
0.9900 0.2750
0.9900 0.2747
0.9900 0.2743
0.9900 0.2740
0.9900 0.2737
0.9900 0.2733
0.9900 0.2730
0.9900 0.2727
0.9900 0.2723
0.9900 0.2720
0.9900 0.2717
0.9900 0.2713
0.9900 0.2710
0.9900 0.2707
0.9900 0.2703
0.9900 0.2700
0.9900 0.2697
0.9900 0.2693
0.9900 0.2690
0.9900 0.2687
0.9900 0.2683
0.9900 0.2680
0.9900 0.2677
0.9897 0.2677
0.9897 0.2673
0.9897 0.2670
0.9893 0.2670
0.9893 0.2667
0.9890 0.2667
0.9890 0.2663
0.9890 0.2660
0.9890 0.2657
0.9890 0.2653
0.9890 0.2650
0.9890 0.2647
0.9890 0.2643
0.9890 0.2640
0.9890 0.2637
0.9890 0.2633
0.9890 0.2630
0.9890 0.2627
0.9890 0.2623
0.9890 0.2620
0.9890 0.2617
0.9890 0.2613
0.9890 0.2610
0.9890 0.2607
0.9887 0.2607
0.9887 0.2603
0.9887 0.2600
0.9887 0.2597
0.9887 0.2593
0.9887 0.2590
0.9887 0.2587
0.9887 0.2583
0.9887 0.2580
0.9887 0.2577
0.9887 0.2573
0.9887 0.2570
0.9887 0.2567
0.9887 0.2563
0.9887 0.2560
0.9887 0.2557
0.9887 0.2553
0.9887 0.2550
0.9887 0.2547
0.9887 0.2543
0.9887 0.2540
0.9887 0.2537
0.9887 0.2533
0.9887 0.2530
0.9887 0.2527
0.9887 0.2523
0.9887 0.2520
0.9887 0.2517
0.9887 0.2513
0.9887 0.2510
0.9887 0.2507
0.9887 0.2503
0.9887 0.2500
0.9887 0.2497
0.9883 0.2497
0.9883 0.2493
0.9883 0.2490
0.9883 0.2487
0.9883 0.2483
0.9883 0.2480
0.9880 0.2480
0.9880 0.2477
0.9880 0.2473
0.9880 0.2470
0.9880 0.2467
0.9880 0.2463
0.9880 0.2460
0.9880 0.2457
0.9880 0.2453
0.9880 0.2450
0.9880 0.2447
0.9880 0.2443
0.9877 0.2443
0.9877 0.2440
0.9873 0.2440
0.9873 0.2437
0.9873 0.2433
0.9873 0.2430
0.9873 0.2427
0.9873 0.2423
0.9873 0.2420
0.9873 0.2417
0.9873 0.2413
0.9873 0.2410
0.9873 0.2407
0.9873 0.2403
0.9870 0.2403
0.9870 0.2400
0.9870 0.2397
0.9870 0.2393
0.9870 0.2390
0.9870 0.2387
0.9870 0.2383
0.9870 0.2380
0.9870 0.2377
0.9870 0.2373
0.9870 0.2370
0.9870 0.2367
0.9867 0.2367
0.9867 0.2363
0.9867 0.2360
0.9867 0.2357
0.9867 0.2353
0.9863 0.2353
0.9863 0.2350
0.9863 0.2347
0.9863 0.2343
0.9863 0.2340
0.9863 0.2337
0.9863 0.2333
0.9863 0.2330
0.9863 0.2327
0.9863 0.2323
0.9863 0.2320
0.9863 0.2317
0.9863 0.2313
0.9863 0.2310
0.9863 0.2307
0.9863 0.2303
0.9863 0.2300
0.9863 0.2297
0.9863 0.2293
0.9863 0.2290
0.9863 0.2287
0.9863 0.2283
0.9863 0.2280
0.9863 0.2277
0.9863 0.2273
0.9863 0.2270
0.9860 0.2270
0.9860 0.2267
0.9860 0.2263
0.9860 0.2260
0.9860 0.2257
0.9857 0.2257
0.9857 0.2253
0.9857 0.2250
0.9857 0.2247
0.9857 0.2243
0.9857 0.2240
0.9857 0.2237
0.9857 0.2233
0.9857 0.2230
0.9857 0.2227
0.9857 0.2223
0.9857 0.2220
0.9857 0.2217
0.9857 0.2213
0.9857 0.2210
0.9857 0.2207
0.9857 0.2203
0.9853 0.2203
0.9853 0.2200
0.9853 0.2197
0.9853 0.2193
0.9853 0.2190
0.9853 0.2187
0.9853 0.2183
0.9853 0.2180
0.9853 0.2177
0.9853 0.2173
0.9853 0.2170
0.9853 0.2167
0.9853 0.2163
0.9850 0.2163
0.9850 0.2160
0.9850 0.2157
0.9847 0.2157
0.9847 0.2153
0.9843 0.2153
0.9843 0.2150
0.9843 0.2147
0.9843 0.2143
0.9843 0.2140
0.9843 0.2137
0.9843 0.2133
0.9840 0.2133
0.9840 0.2130
0.9840 0.2127
0.9840 0.2123
0.9840 0.2120
0.9837 0.2120
0.9833 0.2120
0.9830 0.2120
0.9830 0.2117
0.9830 0.2113
0.9830 0.2110
0.9830 0.2107
0.9830 0.2103
0.9830 0.2100
0.9830 0.2097
0.9830 0.2093
0.9830 0.2090
0.9830 0.2087
0.9830 0.2083
0.9830 0.2080
0.9830 0.2077
0.9830 0.2073
0.9830 0.2070
0.9830 0.2067
0.9830 0.2063
0.9830 0.2060
0.9830 0.2057
0.9827 0.2057
0.9827 0.2053
0.9823 0.2053
0.9823 0.2050
0.9823 0.2047
0.9823 0.2043
0.9823 0.2040
0.9823 0.2037
0.9823 0.2033
0.9823 0.2030
0.9823 0.2027
0.9823 0.2023
0.9820 0.2023
0.9817 0.2023
0.9813 0.2023
0.9813 0.2020
0.9813 0.2017
0.9810 0.2017
0.9807 0.2017
0.9807 0.2013
0.9807 0.2010
0.9807 0.2007
0.9807 0.2003
0.9807 0.2000
0.9807 0.1997
0.9807 0.1993
0.9807 0.1990
0.9807 0.1987
0.9807 0.1983
0.9807 0.1980
0.9807 0.1977
0.9807 0.1973
0.9807 0.1970
0.9807 0.1967
0.9807 0.1963
0.9807 0.1960
0.9807 0.1957
0.9807 0.1953
0.9807 0.1950
0.9807 0.1947
0.9807 0.1943
0.9807 0.1940
0.9807 0.1937
0.9807 0.1933
0.9807 0.1930
0.9807 0.1927
0.9807 0.1923
0.9803 0.1923
0.9803 0.1920
0.9803 0.1917
0.9803 0.1913
0.9803 0.1910
0.9800 0.1910
0.9797 0.1910
0.9797 0.1907
0.9797 0.1903
0.9793 0.1903
0.9793 0.1900
0.9793 0.1897
0.9793 0.1893
0.9793 0.1890
0.9793 0.1887
0.9793 0.1883
0.9793 0.1880
0.9793 0.1877
0.9790 0.1877
0.9790 0.1873
0.9790 0.1870
0.9790 0.1867
0.9790 0.1863
0.9790 0.1860
0.9790 0.1857
0.9790 0.1853
0.9787 0.1853
0.9787 0.1850
0.9783 0.1850
0.9780 0.1850
0.9780 0.1847
0.9780 0.1843
0.9777 0.1843
0.9777 0.1840
0.9777 0.1837
0.9777 0.1833
0.9777 0.1830
0.9777 0.1827
0.9777 0.1823
0.9777 0.1820
0.9777 0.1817
0.9777 0.1813
0.9777 0.1810
0.9777 0.1807
0.9777 0.1803
0.9777 0.1800
0.9777 0.1797
0.9777 0.1793
0.9777 0.1790
0.9777 0.1787
0.9773 0.1787
0.9773 0.1783
0.9773 0.1780
0.9773 0.1777
0.9773 0.1773
0.9773 0.1770
0.9773 0.1767
0.9773 0.1763
0.9773 0.1760
0.9773 0.1757
0.9770 0.1757
0.9770 0.1753
0.9770 0.1750
0.9770 0.1747
0.9770 0.1743
0.9770 0.1740
0.9770 0.1737
0.9770 0.1733
0.9770 0.1730
0.9770 0.1727
0.9770 0.1723
0.9770 0.1720
0.9770 0.1717
0.9770 0.1713
0.9770 0.1710
0.9770 0.1707
0.9770 0.1703
0.9770 0.1700
0.9770 0.1697
0.9770 0.1693
0.9770 0.1690
0.9770 0.1687
0.9770 0.1683
0.9770 0.1680
0.9770 0.1677
0.9770 0.1673
0.9770 0.1670
0.9770 0.1667
0.9767 0.1667
0.9767 0.1663
0.9767 0.1660
0.9767 0.1657
0.9767 0.1653
0.9763 0.1653
0.9763 0.1650
0.9760 0.1650
0.9760 0.1647
0.9760 0.1643
0.9757 0.1643
0.9757 0.1640
0.9757 0.1637
0.9757 0.1633
0.9757 0.1630
0.9757 0.1627
0.9757 0.1623
0.9753 0.1623
0.9753 0.1620
0.9753 0.1617
0.9753 0.1613
0.9753 0.1610
0.9753 0.1607
0.9753 0.1603
0.9750 0.1603
0.9747 0.1603
0.9747 0.1600
0.9747 0.1597
0.9743 0.1597
0.9743 0.1593
0.9743 0.1590
0.9743 0.1587
0.9743 0.1583
0.9740 0.1583
0.9740 0.1580
0.9740 0.1577
0.9740 0.1573
0.9740 0.1570
0.9740 0.1567
0.9740 0.1563
0.9740 0.1560
0.9740 0.1557
0.9737 0.1557
0.9737 0.1553
0.9737 0.1550
0.9737 0.1547
0.9737 0.1543
0.9737 0.1540
0.9737 0.1537
0.9737 0.1533
0.9737 0.1530
0.9737 0.1527
0.9733 0.1527
0.9730 0.1527
0.9730 0.1523
0.9730 0.1520
0.9730 0.1517
0.9727 0.1517
0.9727 0.1513
0.9727 0.1510
0.9723 0.1510
0.9723 0.1507
0.9723 0.1503
0.9723 0.1500
0.9723 0.1497
0.9723 0.1493
0.9723 0.1490
0.9723 0.1487
0.9720 0.1487
0.9720 0.1483
0.9720 0.1480
0.9720 0.1477
0.9720 0.1473
0.9717 0.1473
0.9717 0.1470
0.9717 0.1467
0.9713 0.1467
0.9710 0.1467
0.9710 0.1463
0.9710 0.1460
0.9707 0.1460
0.9703 0.1460
0.9700 0.1460
0.9697 0.1460
0.9697 0.1457
0.9697 0.1453
0.9697 0.1450
0.9693 0.1450
0.9690 0.1450
0.9690 0.1447
0.9687 0.1447
0.9687 0.1443
0.9687 0.1440
0.9687 0.1437
0.9683 0.1437
0.9683 0.1433
0.9683 0.1430
0.9683 0.1427
0.9683 0.1423
0.9683 0.1420
0.9683 0.1417
0.9683 0.1413
0.9683 0.1410
0.9683 0.1407
0.9680 0.1407
0.9680 0.1403
0.9680 0.1400
0.9680 0.1397
0.9680 0.1393
0.9677 0.1393
0.9677 0.1390
0.9677 0.1387
0.9673 0.1387
0.9673 0.1383
0.9673 0.1380
0.9673 0.1377
0.9670 0.1377
0.9670 0.1373
0.9670 0.1370
0.9670 0.1367
0.9670 0.1363
0.9667 0.1363
0.9667 0.1360
0.9663 0.1360
0.9663 0.1357
0.9663 0.1353
0.9663 0.1350
0.9663 0.1347
0.9663 0.1343
0.9660 0.1343
0.9660 0.1340
0.9657 0.1340
0.9657 0.1337
0.9657 0.1333
0.9657 0.1330
0.9657 0.1327
0.9657 0.1323
0.9657 0.1320
0.9653 0.1320
0.9653 0.1317
0.9653 0.1313
0.9653 0.1310
0.9650 0.1310
0.9647 0.1310
0.9647 0.1307
0.9647 0.1303
0.9643 0.1303
0.9640 0.1303
0.9640 0.1300
0.9640 0.1297
0.9640 0.1293
0.9640 0.1290
0.9637 0.1290
0.9637 0.1287
0.9637 0.1283
0.9633 0.1283
0.9633 0.1280
0.9633 0.1277
0.9633 0.1273
0.9633 0.1270
0.9633 0.1267
0.9633 0.1263
0.9633 0.1260
0.9630 0.1260
0.9630 0.1257
0.9630 0.1253
0.9630 0.1250
0.9630 0.1247
0.9630 0.1243
0.9630 0.1240
0.9630 0.1237
0.9630 0.1233
0.9630 0.1230
0.9627 0.1230
0.9627 0.1227
0.9627 0.1223
0.9623 0.1223
0.9623 0.1220
0.9623 0.1217
0.9620 0.1217
0.9620 0.1213
0.9620 0.1210
0.9617 0.1210
0.9617 0.1207
0.9617 0.1203
0.9617 0.1200
0.9617 0.1197
0.9617 0.1193
0.9617 0.1190
0.9617 0.1187
0.9617 0.1183
0.9617 0.1180
0.9613 0.1180
0.9613 0.1177
0.9610 0.1177
0.9610 0.1173
0.9610 0.1170
0.9610 0.1167
0.9610 0.1163
0.9610 0.1160
0.9610 0.1157
0.9607 0.1157
0.9603 0.1157
0.9603 0.1153
0.9603 0.1150
0.9603 0.1147
0.9600 0.1147
0.9600 0.1143
0.9597 0.1143
0.9597 0.1140
0.9597 0.1137
0.9597 0.1133
0.9593 0.1133
0.9593 0.1130
0.9593 0.1127
0.9593 0.1123
0.9593 0.1120
0.9593 0.1117
0.9590 0.1117
0.9590 0.1113
0.9590 0.1110
0.9590 0.1107
0.9590 0.1103
0.9590 0.1100
0.9590 0.1097
0.9587 0.1097
0.9587 0.1093
0.9583 0.1093
0.9580 0.1093
0.9580 0.1090
0.9577 0.1090
0.9577 0.1087
0.9577 0.1083
0.9577 0.1080
0.9577 0.1077
0.9573 0.1077
0.9570 0.1077
0.9570 0.1073
0.9570 0.1070
0.9570 0.1067
0.9570 0.1063
0.9567 0.1063
0.9563 0.1063
0.9563 0.1060
0.9560 0.1060
0.9557 0.1060
0.9557 0.1057
0.9553 0.1057
0.9550 0.1057
0.9547 0.1057
0.9543 0.1057
0.9543 0.1053
0.9540 0.1053
0.9540 0.1050
0.9540 0.1047
0.9540 0.1043
0.9540 0.1040
0.9540 0.1037
0.9537 0.1037
0.9537 0.1033
0.9537 0.1030
0.9537 0.1027
0.9533 0.1027
0.9533 0.1023
0.9533 0.1020
0.9530 0.1020
0.9530 0.1017
0.9527 0.1017
0.9527 0.1013
0.9527 0.1010
0.9527 0.1007
0.9527 0.1003
0.9527 0.1000
0.9523 0.1000
0.9523 0.0997
0.9523 0.0993
0.9523 0.0990
0.9523 0.0987
0.9523 0.0983
0.9520 0.0983
0.9520 0.0980
0.9520 0.0977
0.9520 0.0973
0.9517 0.0973
0.9517 0.0970
0.9517 0.0967
0.9517 0.0963
0.9517 0.0960
0.9517 0.0957
0.9517 0.0953
0.9517 0.0950
0.9513 0.0950
0.9513 0.0947
0.9510 0.0947
0.9510 0.0943
0.9510 0.0940
0.9510 0.0937
0.9507 0.0937
0.9507 0.0933
0.9503 0.0933
0.9503 0.0930
0.9500 0.0930
0.9497 0.0930
0.9497 0.0927
0.9497 0.0923
0.9497 0.0920
0.9497 0.0917
0.9497 0.0913
0.9497 0.0910
0.9493 0.0910
0.9493 0.0907
0.9493 0.0903
0.9490 0.0903
0.9487 0.0903
0.9483 0.0903
0.9483 0.0900
0.9480 0.0900
0.9477 0.0900
0.9473 0.0900
0.9473 0.0897
0.9470 0.0897
0.9470 0.0893
0.9467 0.0893
0.9463 0.0893
0.9460 0.0893
0.9457 0.0893
0.9457 0.0890
0.9453 0.0890
0.9450 0.0890
0.9450 0.0887
0.9450 0.0883
0.9450 0.0880
0.9447 0.0880
0.9443 0.0880
0.9443 0.0877
0.9440 0.0877
0.9437 0.0877
0.9437 0.0873
0.9437 0.0870
0.9433 0.0870
0.9433 0.0867
0.9430 0.0867
0.9427 0.0867
0.9427 0.0863
0.9427 0.0860
0.9427 0.0857
0.9427 0.0853
0.9427 0.0850
0.9423 0.0850
0.9423 0.0847
0.9423 0.0843
0.9420 0.0843
0.9417 0.0843
0.9417 0.0840
0.9413 0.0840
0.9413 0.0837
0.9413 0.0833
0.9413 0.0830
0.9413 0.0827
0.9410 0.0827
0.9410 0.0823
0.9407 0.0823
0.9407 0.0820
0.9407 0.0817
0.9403 0.0817
0.9403 0.0813
0.9400 0.0813
0.9400 0.0810
0.9400 0.0807
0.9397 0.0807
0.9393 0.0807
0.9393 0.0803
0.9393 0.0800
0.9390 0.0800
0.9390 0.0797
0.9390 0.0793
0.9387 0.0793
0.9383 0.0793
0.9380 0.0793
0.9377 0.0793
0.9377 0.0790
0.9377 0.0787
0.9377 0.0783
0.9377 0.0780
0.9377 0.0777
0.9377 0.0773
0.9377 0.0770
0.9377 0.0767
0.9373 0.0767
0.9370 0.0767
0.9367 0.0767
0.9363 0.0767
0.9360 0.0767
0.9360 0.0763
0.9357 0.0763
0.9357 0.0760
0.9353 0.0760
0.9353 0.0757
0.9350 0.0757
0.9350 0.0753
0.9350 0.0750
0.9350 0.0747
0.9350 0.0743
0.9347 0.0743
0.9347 0.0740
0.9347 0.0737
0.9343 0.0737
0.9343 0.0733
0.9343 0.0730
0.9343 0.0727
0.9340 0.0727
0.9340 0.0723
0.9337 0.0723
0.9333 0.0723
0.9333 0.0720
0.9333 0.0717
0.9333 0.0713
0.9330 0.0713
0.9330 0.0710
0.9330 0.0707
0.9327 0.0707
0.9327 0.0703
0.9323 0.0703
0.9320 0.0703
0.9320 0.0700
0.9320 0.0697
0.9320 0.0693
0.9320 0.0690
0.9320 0.0687
0.9317 0.0687
0.9313 0.0687
0.9313 0.0683
0.9310 0.0683
0.9310 0.0680
0.9310 0.0677
0.9310 0.0673
0.9307 0.0673
0.9303 0.0673
0.9303 0.0670
0.9300 0.0670
0.9297 0.0670
0.9293 0.0670
0.9290 0.0670
0.9287 0.0670
0.9287 0.0667
0.9287 0.0663
0.9283 0.0663
0.9283 0.0660
0.9280 0.0660
0.9277 0.0660
0.9277 0.0657
0.9277 0.0653
0.9273 0.0653
0.9270 0.0653
0.9267 0.0653
0.9267 0.0650
0.9267 0.0647
0.9267 0.0643
0.9267 0.0640
0.9267 0.0637
0.9263 0.0637
0.9263 0.0633
0.9260 0.0633
0.9257 0.0633
0.9257 0.0630
0.9257 0.0627
0.9257 0.0623
0.9253 0.0623
0.9250 0.0623
0.9250 0.0620
0.9250 0.0617
0.9247 0.0617
0.9247 0.0613
0.9243 0.0613
0.9243 0.0610
0.9240 0.0610
0.9237 0.0610
0.9233 0.0610
0.9233 0.0607
0.9230 0.0607
0.9230 0.0603
0.9230 0.0600
0.9227 0.0600
0.9227 0.0597
0.9223 0.0597
0.9223 0.0593
0.9223 0.0590
0.9220 0.0590
0.9220 0.0587
0.9220 0.0583
0.9220 0.0580
0.9220 0.0577
0.9217 0.0577
0.9213 0.0577
0.9210 0.0577
0.9207 0.0577
0.9203 0.0577
0.9203 0.0573
0.9203 0.0570
0.9203 0.0567
0.9200 0.0567
0.9197 0.0567
0.9193 0.0567
0.9190 0.0567
0.9187 0.0567
0.9183 0.0567
0.9180 0.0567
0.9180 0.0563
0.9180 0.0560
0.9180 0.0557
0.9180 0.0553
0.9180 0.0550
0.9177 0.0550
0.9173 0.0550
0.9173 0.0547
0.9173 0.0543
0.9173 0.0540
0.9170 0.0540
0.9170 0.0537
0.9170 0.0533
0.9167 0.0533
0.9163 0.0533
0.9160 0.0533
0.9160 0.0530
0.9160 0.0527
0.9157 0.0527
0.9157 0.0523
0.9153 0.0523
0.9150 0.0523
0.9147 0.0523
0.9143 0.0523
0.9140 0.0523
0.9137 0.0523
0.9133 0.0523
0.9130 0.0523
0.9130 0.0520
0.9127 0.0520
0.9123 0.0520
0.9123 0.0517
0.9120 0.0517
0.9117 0.0517
0.9113 0.0517
0.9110 0.0517
0.9107 0.0517
0.9103 0.0517
0.9100 0.0517
0.9100 0.0513
0.9097 0.0513
0.9093 0.0513
0.9090 0.0513
0.9087 0.0513
0.9083 0.0513
0.9080 0.0513
0.9077 0.0513
0.9073 0.0513
0.9073 0.0510
0.9070 0.0510
0.9067 0.0510
0.9063 0.0510
0.9060 0.0510
0.9060 0.0507
0.9060 0.0503
0.9057 0.0503
0.9053 0.0503
0.9053 0.0500
0.9053 0.0497
0.9053 0.0493
0.9050 0.0493
0.9050 0.0490
0.9050 0.0487
0.9050 0.0483
0.9047 0.0483
0.9043 0.0483
0.9043 0.0480
0.9040 0.0480
0.9040 0.0477
0.9040 0.0473
0.9040 0.0470
0.9037 0.0470
0.9033 0.0470
0.9033 0.0467
0.9033 0.0463
0.9030 0.0463
0.9027 0.0463
0.9023 0.0463
0.9023 0.0460
0.9023 0.0457
0.9023 0.0453
0.9023 0.0450
0.9020 0.0450
0.9020 0.0447
0.9017 0.0447
0.9013 0.0447
0.9010 0.0447
0.9007 0.0447
0.9003 0.0447
0.9003 0.0443
0.9000 0.0443
0.8997 0.0443
0.8993 0.0443
0.8990 0.0443
0.8987 0.0443
0.8983 0.0443
0.8980 0.0443
0.8977 0.0443
0.8973 0.0443
0.8970 0.0443
0.8967 0.0443
0.8963 0.0443
0.8960 0.0443
0.8957 0.0443
0.8957 0.0440
0.8957 0.0437
0.8953 0.0437
0.8953 0.0433
0.8950 0.0433
0.8947 0.0433
0.8947 0.0430
0.8947 0.0427
0.8943 0.0427
0.8943 0.0423
0.8943 0.0420
0.8943 0.0417
0.8943 0.0413
0.8940 0.0413
0.8937 0.0413
0.8933 0.0413
0.8930 0.0413
0.8927 0.0413
0.8923 0.0413
0.8920 0.0413
0.8920 0.0410
0.8917 0.0410
0.8913 0.0410
0.8910 0.0410
0.8910 0.0407
0.8907 0.0407
0.8907 0.0403
0.8903 0.0403
0.8903 0.0400
0.8903 0.0397
0.8900 0.0397
0.8900 0.0393
0.8897 0.0393
0.8893 0.0393
0.8893 0.0390
0.8893 0.0387
0.8893 0.0383
0.8893 0.0380
0.8890 0.0380
0.8887 0.0380
0.8883 0.0380
0.8880 0.0380
0.8877 0.0380
0.8877 0.0377
0.8877 0.0373
0.8873 0.0373
0.8873 0.0370
0.8870 0.0370
0.8867 0.0370
0.8863 0.0370
0.8860 0.0370
0.8857 0.0370
0.8853 0.0370
0.8850 0.0370
0.8847 0.0370
0.8843 0.0370
0.8840 0.0370
0.8837 0.0370
0.8833 0.0370
0.8830 0.0370
0.8830 0.0367
0.8827 0.0367
0.8823 0.0367
0.8820 0.0367
0.8820 0.0363
0.8820 0.0360
0.8817 0.0360
0.8813 0.0360
0.8810 0.0360
0.8810 0.0357
0.8807 0.0357
0.8807 0.0353
0.8803 0.0353
0.8800 0.0353
0.8797 0.0353
0.8793 0.0353
0.8790 0.0353
0.8787 0.0353
0.8783 0.0353
0.8780 0.0353
0.8777 0.0353
0.8773 0.0353
0.8770 0.0353
0.8770 0.0350
0.8767 0.0350
0.8763 0.0350
0.8760 0.0350
0.8757 0.0350
0.8753 0.0350
0.8753 0.0347
0.8750 0.0347
0.8747 0.0347
0.8743 0.0347
0.8740 0.0347
0.8737 0.0347
0.8737 0.0343
0.8733 0.0343
0.8730 0.0343
0.8730 0.0340
0.8727 0.0340
0.8727 0.0337
0.8723 0.0337
0.8720 0.0337
0.8717 0.0337
0.8713 0.0337
0.8713 0.0333
0.8713 0.0330
0.8710 0.0330
0.8707 0.0330
0.8703 0.0330
0.8700 0.0330
0.8697 0.0330
0.8693 0.0330
0.8690 0.0330
0.8690 0.0327
0.8687 0.0327
0.8683 0.0327
0.8683 0.0323
0.8680 0.0323
0.8680 0.0320
0.8677 0.0320
0.8673 0.0320
0.8670 0.0320
0.8667 0.0320
0.8663 0.0320
0.8660 0.0320
0.8657 0.0320
0.8657 0.0317
0.8657 0.0313
0.8653 0.0313
0.8650 0.0313
0.8647 0.0313
0.8643 0.0313
0.8640 0.0313
0.8640 0.0310
0.8637 0.0310
0.8633 0.0310
0.8630 0.0310
0.8627 0.0310
0.8623 0.0310
0.8623 0.0307
0.8623 0.0303
0.8620 0.0303
0.8617 0.0303
0.8613 0.0303
0.8610 0.0303
0.8610 0.0300
0.8607 0.0300
0.8603 0.0300
0.8600 0.0300
0.8597 0.0300
0.8593 0.0300
0.8593 0.0297
0.8590 0.0297
0.8587 0.0297
0.8583 0.0297
0.8580 0.0297
0.8577 0.0297
0.8573 0.0297
0.8570 0.0297
0.8567 0.0297
0.8563 0.0297
0.8560 0.0297
0.8557 0.0297
0.8557 0.0293
0.8557 0.0290
0.8557 0.0287
0.8553 0.0287
0.8550 0.0287
0.8547 0.0287
0.8547 0.0283
0.8543 0.0283
0.8540 0.0283
0.8537 0.0283
0.8533 0.0283
0.8533 0.0280
0.8530 0.0280
0.8527 0.0280
0.8523 0.0280
0.8520 0.0280
0.8520 0.0277
0.8517 0.0277
0.8513 0.0277
0.8510 0.0277
0.8507 0.0277
0.8503 0.0277
0.8500 0.0277
0.8497 0.0277
0.8493 0.0277
0.8490 0.0277
0.8490 0.0273
0.8487 0.0273
0.8483 0.0273
0.8480 0.0273
0.8477 0.0273
0.8473 0.0273
0.8473 0.0270
0.8473 0.0267
0.8470 0.0267
0.8467 0.0267
0.8463 0.0267
0.8460 0.0267
0.8457 0.0267
0.8453 0.0267
0.8450 0.0267
0.8447 0.0267
0.8443 0.0267
0.8440 0.0267
0.8437 0.0267
0.8437 0.0263
0.8433 0.0263
0.8430 0.0263
0.8427 0.0263
0.8423 0.0263
0.8420 0.0263
0.8417 0.0263
0.8413 0.0263
0.8410 0.0263
0.8407 0.0263
0.8403 0.0263
0.8403 0.0260
0.8400 0.0260
0.8400 0.0257
0.8397 0.0257
0.8393 0.0257
0.8390 0.0257
0.8390 0.0253
0.8387 0.0253
0.8383 0.0253
0.8383 0.0250
0.8380 0.0250
0.8377 0.0250
0.8373 0.0250
0.8373 0.0247
0.8370 0.0247
0.8367 0.0247
0.8363 0.0247
0.8360 0.0247
0.8357 0.0247
0.8353 0.0247
0.8353 0.0243
0.8350 0.0243
0.8347 0.0243
0.8347 0.0240
0.8343 0.0240
0.8340 0.0240
0.8340 0.0237
0.8337 0.0237
0.8337 0.0233
0.8333 0.0233
0.8330 0.0233
0.8327 0.0233
0.8323 0.0233
0.8320 0.0233
0.8320 0.0230
0.8317 0.0230
0.8313 0.0230
0.8310 0.0230
0.8307 0.0230
0.8303 0.0230
0.8300 0.0230
0.8300 0.0227
0.8297 0.0227
0.8293 0.0227
0.8290 0.0227
0.8287 0.0227
0.8287 0.0223
0.8287 0.0220
0.8287 0.0217
0.8283 0.0217
0.8283 0.0213
0.8280 0.0213
0.8277 0.0213
0.8273 0.0213
0.8273 0.0210
0.8270 0.0210
0.8267 0.0210
0.8263 0.0210
0.8260 0.0210
0.8257 0.0210
0.8253 0.0210
0.8253 0.0207
0.8250 0.0207
0.8247 0.0207
0.8243 0.0207
0.8240 0.0207
0.8237 0.0207
0.8233 0.0207
0.8230 0.0207
0.8230 0.0203
0.8227 0.0203
0.8223 0.0203
0.8220 0.0203
0.8217 0.0203
0.8213 0.0203
0.8213 0.0200
0.8210 0.0200
0.8207 0.0200
0.8203 0.0200
0.8200 0.0200
0.8197 0.0200
0.8193 0.0200
0.8190 0.0200
0.8187 0.0200
0.8183 0.0200
0.8180 0.0200
0.8177 0.0200
0.8177 0.0197
0.8173 0.0197
0.8170 0.0197
0.8167 0.0197
0.8163 0.0197
0.8163 0.0193
0.8160 0.0193
0.8157 0.0193
0.8157 0.0190
0.8153 0.0190
0.8150 0.0190
0.8147 0.0190
0.8143 0.0190
0.8140 0.0190
0.8137 0.0190
0.8137 0.0187
0.8133 0.0187
0.8133 0.0183
0.8130 0.0183
0.8127 0.0183
0.8123 0.0183
0.8120 0.0183
0.8117 0.0183
0.8113 0.0183
0.8110 0.0183
0.8107 0.0183
0.8103 0.0183
0.8103 0.0180
0.8103 0.0177
0.8100 0.0177
0.8097 0.0177
0.8093 0.0177
0.8090 0.0177
0.8087 0.0177
0.8083 0.0177
0.8083 0.0173
0.8080 0.0173
0.8077 0.0173
0.8073 0.0173
0.8070 0.0173
0.8067 0.0173
0.8063 0.0173
0.8060 0.0173
0.8057 0.0173
0.8057 0.0170
0.8053 0.0170
0.8050 0.0170
0.8047 0.0170
0.8043 0.0170
0.8040 0.0170
0.8040 0.0167
0.8037 0.0167
0.8033 0.0167
0.8030 0.0167
0.8027 0.0167
0.8023 0.0167
0.8023 0.0163
0.8020 0.0163
0.8020 0.0160
0.8017 0.0160
0.8013 0.0160
0.8010 0.0160
0.8007 0.0160
0.8003 0.0160
0.8000 0.0160
0.7997 0.0160
0.7993 0.0160
0.7990 0.0160
0.7987 0.0160
0.7987 0.0157
0.7983 0.0157
0.7980 0.0157
0.7977 0.0157
0.7973 0.0157
0.7970 0.0157
0.7967 0.0157
0.7963 0.0157
0.7960 0.0157
0.7957 0.0157
0.7953 0.0157
0.7950 0.0157
0.7947 0.0157
0.7947 0.0153
0.7943 0.0153
0.7940 0.0153
0.7937 0.0153
0.7933 0.0153
0.7930 0.0153
0.7927 0.0153
0.7927 0.0150
0.7923 0.0150
0.7920 0.0150
0.7917 0.0150
0.7913 0.0150
0.7910 0.0150
0.7907 0.0150
0.7903 0.0150
0.7900 0.0150
0.7897 0.0150
0.7893 0.0150
0.7890 0.0150
0.7887 0.0150
0.7883 0.0150
0.7880 0.0150
0.7877 0.0150
0.7873 0.0150
0.7870 0.0150
0.7867 0.0150
0.7863 0.0150
0.7860 0.0150
0.7857 0.0150
0.7853 0.0150
0.7850 0.0150
0.7847 0.0150
0.7843 0.0150
0.7840 0.0150
0.7837 0.0150
0.7833 0.0150
0.7830 0.0150
0.7827 0.0150
0.7823 0.0150
0.7820 0.0150
0.7817 0.0150
0.7817 0.0147
0.7813 0.0147
0.7810 0.0147
0.7807 0.0147
0.7803 0.0147
0.7800 0.0147
0.7797 0.0147
0.7793 0.0147
0.7790 0.0147
0.7787 0.0147
0.7783 0.0147
0.7780 0.0147
0.7777 0.0147
0.7773 0.0147
0.7770 0.0147
0.7767 0.0147
0.7763 0.0147
0.7760 0.0147
0.7757 0.0147
0.7753 0.0147
0.7750 0.0147
0.7747 0.0147
0.7743 0.0147
0.7740 0.0147
0.7737 0.0147
0.7733 0.0147
0.7730 0.0147
0.7727 0.0147
0.7723 0.0147
0.7720 0.0147
0.7717 0.0147
0.7713 0.0147
0.7710 0.0147
0.7707 0.0147
0.7703 0.0147
0.7700 0.0147
0.7697 0.0147
0.7693 0.0147
0.7690 0.0147
0.7687 0.0147
0.7683 0.0147
0.7680 0.0147
0.7677 0.0147
0.7673 0.0147
0.7670 0.0147
0.7667 0.0147
0.7667 0.0143
0.7663 0.0143
0.7660 0.0143
0.7657 0.0143
0.7653 0.0143
0.7650 0.0143
0.7647 0.0143
0.7643 0.0143
0.7640 0.0143
0.7637 0.0143
0.7633 0.0143
0.7630 0.0143
0.7630 0.0140
0.7627 0.0140
0.7627 0.0137
0.7623 0.0137
0.7620 0.0137
0.7617 0.0137
0.7613 0.0137
0.7610 0.0137
0.7607 0.0137
0.7603 0.0137
0.7600 0.0137
0.7597 0.0137
0.7593 0.0137
0.7590 0.0137
0.7587 0.0137
0.7587 0.0133
0.7583 0.0133
0.7580 0.0133
0.7577 0.0133
0.7573 0.0133
0.7570 0.0133
0.7567 0.0133
0.7563 0.0133
0.7563 0.0130
0.7560 0.0130
0.7557 0.0130
0.7553 0.0130
0.7550 0.0130
0.7547 0.0130
0.7543 0.0130
0.7540 0.0130
0.7537 0.0130
0.7533 0.0130
0.7530 0.0130
0.7527 0.0130
0.7523 0.0130
0.7523 0.0127
0.7520 0.0127
0.7517 0.0127
0.7513 0.0127
0.7513 0.0123
0.7510 0.0123
0.7507 0.0123
0.7503 0.0123
0.7503 0.0120
0.7503 0.0117
0.7500 0.0117
0.7497 0.0117
0.7493 0.0117
0.7490 0.0117
0.7490 0.0113
0.7487 0.0113
0.7483 0.0113
0.7483 0.0110
0.7480 0.0110
0.7480 0.0107
0.7477 0.0107
0.7473 0.0107
0.7470 0.0107
0.7467 0.0107
0.7463 0.0107
0.7460 0.0107
0.7457 0.0107
0.7453 0.0107
0.7450 0.0107
0.7447 0.0107
0.7443 0.0107
0.7440 0.0107
0.7437 0.0107
0.7433 0.0107
0.7430 0.0107
0.7427 0.0107
0.7427 0.0103
0.7423 0.0103
0.7420 0.0103
0.7417 0.0103
0.7413 0.0103
0.7410 0.0103
0.7410 0.0100
0.7407 0.0100
0.7403 0.0100
0.7400 0.0100
0.7397 0.0100
0.7393 0.0100
0.7390 0.0100
0.7387 0.0100
0.7383 0.0100
0.7380 0.0100
0.7377 0.0100
0.7373 0.0100
0.7370 0.0100
0.7367 0.0100
0.7367 0.0097
0.7363 0.0097
0.7360 0.0097
0.7357 0.0097
0.7353 0.0097
0.7350 0.0097
0.7347 0.0097
0.7343 0.0097
0.7340 0.0097
0.7337 0.0097
0.7333 0.0097
0.7330 0.0097
0.7330 0.0093
0.7327 0.0093
0.7323 0.0093
0.7320 0.0093
0.7317 0.0093
0.7313 0.0093
0.7310 0.0093
0.7307 0.0093
0.7303 0.0093
0.7300 0.0093
0.7297 0.0093
0.7293 0.0093
0.7290 0.0093
0.7287 0.0093
0.7287 0.0090
0.7283 0.0090
0.7280 0.0090
0.7277 0.0090
0.7273 0.0090
0.7270 0.0090
0.7267 0.0090
0.7263 0.0090
0.7260 0.0090
0.7257 0.0090
0.7253 0.0090
0.7250 0.0090
0.7247 0.0090
0.7243 0.0090
0.7243 0.0087
0.7240 0.0087
0.7237 0.0087
0.7233 0.0087
0.7230 0.0087
0.7227 0.0087
0.7223 0.0087
0.7220 0.0087
0.7217 0.0087
0.7217 0.0083
0.7213 0.0083
0.7210 0.0083
0.7207 0.0083
0.7203 0.0083
0.7200 0.0083
0.7197 0.0083
0.7193 0.0083
0.7193 0.0080
0.7190 0.0080
0.7190 0.0077
0.7187 0.0077
0.7183 0.0077
0.7180 0.0077
0.7177 0.0077
0.7173 0.0077
0.7170 0.0077
0.7167 0.0077
0.7163 0.0077
0.7160 0.0077
0.7157 0.0077
0.7153 0.0077
0.7150 0.0077
0.7147 0.0077
0.7143 0.0077
0.7140 0.0077
0.7137 0.0077
0.7133 0.0077
0.7130 0.0077
0.7127 0.0077
0.7123 0.0077
0.7120 0.0077
0.7117 0.0077
0.7113 0.0077
0.7110 0.0077
0.7110 0.0073
0.7107 0.0073
0.7103 0.0073
0.7100 0.0073
0.7097 0.0073
0.7093 0.0073
0.7090 0.0073
0.7087 0.0073
0.7083 0.0073
0.7080 0.0073
0.7077 0.0073
0.7073 0.0073
0.7070 0.0073
0.7067 0.0073
0.7067 0.0070
0.7063 0.0070
0.7060 0.0070
0.7057 0.0070
0.7053 0.0070
0.7050 0.0070
0.7047 0.0070
0.7043 0.0070
0.7040 0.0070
0.7037 0.0070
0.7033 0.0070
0.7030 0.0070
0.7027 0.0070
0.7023 0.0070
0.7020 0.0070
0.7017 0.0070
0.7013 0.0070
0.7010 0.0070
0.7007 0.0070
0.7003 0.0070
0.7000 0.0070
0.6997 0.0070
0.6993 0.0070
0.6990 0.0070
0.6987 0.0070
0.6983 0.0070
0.6980 0.0070
0.6977 0.0070
0.6973 0.0070
0.6970 0.0070
0.6967 0.0070
0.6963 0.0070
0.6960 0.0070
0.6957 0.0070
0.6953 0.0070
0.6950 0.0070
0.6947 0.0070
0.6943 0.0070
0.6940 0.0070
0.6937 0.0070
0.6933 0.0070
0.6930 0.0070
0.6927 0.0070
0.6923 0.0070
0.6920 0.0070
0.6917 0.0070
0.6913 0.0070
0.6910 0.0070
0.6907 0.0070
0.6903 0.0070
0.6900 0.0070
0.6897 0.0070
0.6893 0.0070
0.6890 0.0070
0.6887 0.0070
0.6883 0.0070
0.6880 0.0070
0.6877 0.0070
0.6873 0.0070
0.6870 0.0070
0.6867 0.0070
0.6863 0.0070
0.6863 0.0067
0.6860 0.0067
0.6857 0.0067
0.6853 0.0067
0.6850 0.0067
0.6850 0.0063
0.6847 0.0063
0.6843 0.0063
0.6840 0.0063
0.6837 0.0063
0.6833 0.0063
0.6830 0.0063
0.6827 0.0063
0.6823 0.0063
0.6820 0.0063
0.6817 0.0063
0.6813 0.0063
0.6810 0.0063
0.6807 0.0063
0.6803 0.0063
0.6800 0.0063
0.6797 0.0063
0.6793 0.0063
0.6790 0.0063
0.6787 0.0063
0.6783 0.0063
0.6780 0.0063
0.6777 0.0063
0.6773 0.0063
0.6770 0.0063
0.6767 0.0063
0.6763 0.0063
0.6760 0.0063
0.6757 0.0063
0.6753 0.0063
0.6750 0.0063
0.6747 0.0063
0.6743 0.0063
0.6740 0.0063
0.6737 0.0063
0.6733 0.0063
0.6730 0.0063
0.6727 0.0063
0.6723 0.0063
0.6720 0.0063
0.6717 0.0063
0.6713 0.0063
0.6710 0.0063
0.6707 0.0063
0.6703 0.0063
0.6700 0.0063
0.6697 0.0063
0.6693 0.0063
0.6690 0.0063
0.6687 0.0063
0.6683 0.0063
0.6680 0.0063
0.6677 0.0063
0.6673 0.0063
0.6670 0.0063
0.6667 0.0063
0.6663 0.0063
0.6660 0.0063
0.6657 0.0063
0.6653 0.0063
0.6653 0.0060
0.6650 0.0060
0.6647 0.0060
0.6643 0.0060
0.6640 0.0060
0.6637 0.0060
0.6633 0.0060
0.6630 0.0060
0.6627 0.0060
0.6623 0.0060
0.6620 0.0060
0.6617 0.0060
0.6613 0.0060
0.6613 0.0057
0.6610 0.0057
0.6607 0.0057
0.6603 0.0057
0.6600 0.0057
0.6597 0.0057
0.6593 0.0057
0.6590 0.0057
0.6587 0.0057
0.6583 0.0057
0.6580 0.0057
0.6577 0.0057
0.6573 0.0057
0.6570 0.0057
0.6570 0.0053
0.6567 0.0053
0.6563 0.0053
0.6560 0.0053
0.6557 0.0053
0.6553 0.0053
0.6550 0.0053
0.6547 0.0053
0.6543 0.0053
0.6540 0.0053
0.6537 0.0053
0.6533 0.0053
0.6530 0.0053
0.6527 0.0053
0.6523 0.0053
0.6520 0.0053
0.6517 0.0053
0.6513 0.0053
0.6510 0.0053
0.6507 0.0053
0.6503 0.0053
0.6500 0.0053
0.6497 0.0053
0.6493 0.0053
0.6490 0.0053
0.6487 0.0053
0.6483 0.0053
0.6480 0.0053
0.6477 0.0053
0.6473 0.0053
0.6470 0.0053
0.6467 0.0053
0.6463 0.0053
0.6460 0.0053
0.6457 0.0053
0.6453 0.0053
0.6450 0.0053
0.6447 0.0053
0.6443 0.0053
0.6440 0.0053
0.6437 0.0053
0.6433 0.0053
0.6430 0.0053
0.6427 0.0053
0.6423 0.0053
0.6420 0.0053
0.6417 0.0053
0.6413 0.0053
0.6410 0.0053
0.6407 0.0053
0.6403 0.0053
0.6403 0.0050
0.6400 0.0050
0.6397 0.0050
0.6393 0.0050
0.6393 0.0047
0.6390 0.0047
0.6387 0.0047
0.6383 0.0047
0.6380 0.0047
0.6377 0.0047
0.6373 0.0047
0.6370 0.0047
0.6367 0.0047
0.6363 0.0047
0.6360 0.0047
0.6357 0.0047
0.6353 0.0047
0.6350 0.0047
0.6347 0.0047
0.6343 0.0047
0.6340 0.0047
0.6337 0.0047
0.6333 0.0047
0.6330 0.0047
0.6327 0.0047
0.6323 0.0047
0.6320 0.0047
0.6317 0.0047
0.6313 0.0047
0.6310 0.0047
0.6307 0.0047
0.6303 0.0047
0.6303 0.0043
0.6300 0.0043
0.6297 0.0043
0.6293 0.0043
0.6290 0.0043
0.6287 0.0043
0.6287 0.0040
0.6283 0.0040
0.6280 0.0040
0.6277 0.0040
0.6273 0.0040
0.6270 0.0040
0.6267 0.0040
0.6263 0.0040
0.6260 0.0040
0.6257 0.0040
0.6253 0.0040
0.6250 0.0040
0.6247 0.0040
0.6243 0.0040
0.6240 0.0040
0.6237 0.0040
0.6233 0.0040
0.6230 0.0040
0.6227 0.0040
0.6223 0.0040
0.6223 0.0037
0.6223 0.0033
0.6220 0.0033
0.6217 0.0033
0.6213 0.0033
0.6210 0.0033
0.6207 0.0033
0.6203 0.0033
0.6203 0.0030
0.6200 0.0030
0.6197 0.0030
0.6193 0.0030
0.6193 0.0027
0.6190 0.0027
0.6187 0.0027
0.6183 0.0027
0.6180 0.0027
0.6177 0.0027
0.6173 0.0027
0.6170 0.0027
0.6167 0.0027
0.6163 0.0027
0.6160 0.0027
0.6157 0.0027
0.6153 0.0027
0.6150 0.0027
0.6147 0.0027
0.6143 0.0027
0.6140 0.0027
0.6137 0.0027
0.6133 0.0027
0.6130 0.0027
0.6127 0.0027
0.6123 0.0027
0.6120 0.0027
0.6117 0.0027
0.6113 0.0027
0.6110 0.0027
0.6107 0.0027
0.6107 0.0023
0.6103 0.0023
0.6103 0.0020
0.6100 0.0020
0.6097 0.0020
0.6093 0.0020
0.6090 0.0020
0.6087 0.0020
0.6083 0.0020
0.6080 0.0020
0.6077 0.0020
0.6073 0.0020
0.6073 0.0017
0.6070 0.0017
0.6067 0.0017
0.6063 0.0017
0.6060 0.0017
0.6057 0.0017
0.6053 0.0017
0.6050 0.0017
0.6047 0.0017
0.6043 0.0017
0.6040 0.0017
0.6037 0.0017
0.6033 0.0017
0.6030 0.0017
0.6027 0.0017
0.6023 0.0017
0.6020 0.0017
0.6017 0.0017
0.6013 0.0017
0.6010 0.0017
0.6007 0.0017
0.6003 0.0017
0.6000 0.0017
0.5997 0.0017
0.5993 0.0017
0.5990 0.0017
0.5987 0.0017
0.5983 0.0017
0.5980 0.0017
0.5977 0.0017
0.5973 0.0017
0.5970 0.0017
0.5967 0.0017
0.5963 0.0017
0.5960 0.0017
0.5957 0.0017
0.5953 0.0017
0.5950 0.0017
0.5947 0.0017
0.5943 0.0017
0.5940 0.0017
0.5937 0.0017
0.5933 0.0017
0.5930 0.0017
0.5927 0.0017
0.5923 0.0017
0.5920 0.0017
0.5917 0.0017
0.5913 0.0017
0.5910 0.0017
0.5907 0.0017
0.5903 0.0017
0.5900 0.0017
0.5897 0.0017
0.5893 0.0017
0.5890 0.0017
0.5887 0.0017
0.5883 0.0017
0.5880 0.0017
0.5880 0.0013
0.5877 0.0013
0.5873 0.0013
0.5870 0.0013
0.5867 0.0013
0.5863 0.0013
0.5860 0.0013
0.5857 0.0013
0.5853 0.0013
0.5850 0.0013
0.5847 0.0013
0.5843 0.0013
0.5840 0.0013
0.5837 0.0013
0.5833 0.0013
0.5830 0.0013
0.5827 0.0013
0.5823 0.0013
0.5820 0.0013
0.5817 0.0013
0.5813 0.0013
0.5810 0.0013
0.5807 0.0013
0.5803 0.0013
0.5800 0.0013
0.5797 0.0013
0.5793 0.0013
0.5790 0.0013
0.5787 0.0013
0.5783 0.0013
0.5780 0.0013
0.5777 0.0013
0.5773 0.0013
0.5770 0.0013
0.5767 0.0013
0.5763 0.0013
0.5760 0.0013
0.5757 0.0013
0.5753 0.0013
0.5750 0.0013
0.5750 0.0010
0.5747 0.0010
0.5743 0.0010
0.5740 0.0010
0.5737 0.0010
0.5733 0.0010
0.5730 0.0010
0.5727 0.0010
0.5723 0.0010
0.5720 0.0010
0.5717 0.0010
0.5713 0.0010
0.5710 0.0010
0.5707 0.0010
0.5703 0.0010
0.5700 0.0010
0.5697 0.0010
0.5693 0.0010
0.5690 0.0010
0.5687 0.0010
0.5683 0.0010
0.5680 0.0010
0.5677 0.0010
0.5673 0.0010
0.5670 0.0010
0.5667 0.0010
0.5663 0.0010
0.5660 0.0010
0.5657 0.0010
0.5653 0.0010
0.5650 0.0010
0.5647 0.0010
0.5643 0.0010
0.5640 0.0010
0.5637 0.0010
0.5633 0.0010
0.5630 0.0010
0.5627 0.0010
0.5623 0.0010
0.5620 0.0010
0.5617 0.0010
0.5613 0.0010
0.5610 0.0010
0.5607 0.0010
0.5603 0.0010
0.5600 0.0010
0.5597 0.0010
0.5593 0.0010
0.5590 0.0010
0.5587 0.0010
0.5583 0.0010
0.5580 0.0010
0.5577 0.0010
0.5573 0.0010
0.5570 0.0010
0.5567 0.0010
0.5563 0.0010
0.5560 0.0010
0.5557 0.0010
0.5553 0.0010
0.5550 0.0010
0.5547 0.0010
0.5543 0.0010
0.5540 0.0010
0.5537 0.0010
0.5533 0.0010
0.5530 0.0010
0.5527 0.0010
0.5523 0.0010
0.5520 0.0010
0.5520 0.0007
0.5517 0.0007
0.5513 0.0007
0.5510 0.0007
0.5507 0.0007
0.5503 0.0007
0.5500 0.0007
0.5497 0.0007
0.5493 0.0007
0.5490 0.0007
0.5487 0.0007
0.5483 0.0007
0.5480 0.0007
0.5477 0.0007
0.5473 0.0007
0.5470 0.0007
0.5467 0.0007
0.5463 0.0007
0.5460 0.0007
0.5457 0.0007
0.5453 0.0007
0.5450 0.0007
0.5447 0.0007
0.5443 0.0007
0.5440 0.0007
0.5437 0.0007
0.5433 0.0007
0.5430 0.0007
0.5427 0.0007
0.5423 0.0007
0.5420 0.0007
0.5417 0.0007
0.5413 0.0007
0.5410 0.0007
0.5407 0.0007
0.5403 0.0007
0.5400 0.0007
0.5397 0.0007
0.5393 0.0007
0.5390 0.0007
0.5387 0.0007
0.5383 0.0007
0.5380 0.0007
0.5377 0.0007
0.5373 0.0007
0.5370 0.0007
0.5370 0.0003
0.5367 0.0003
0.5363 0.0003
0.5360 0.0003
0.5357 0.0003
0.5353 0.0003
0.5350 0.0003
0.5347 0.0003
0.5343 0.0003
0.5340 0.0003
0.5337 0.0003
0.5333 0.0003
0.5330 0.0003
0.5327 0.0003
0.5323 0.0003
0.5320 0.0003
0.5317 0.0003
0.5313 0.0003
0.5310 0.0003
0.5307 0.0003
0.5303 0.0003
0.5300 0.0003
0.5297 0.0003
0.5293 0.0003
0.5290 0.0003
0.5287 0.0003
0.5283 0.0003
0.5280 0.0003
0.5277 0.0003
0.5273 0.0003
0.5270 0.0003
0.5267 0.0003
0.5263 0.0003
0.5260 0.0003
0.5257 0.0003
0.5253 0.0003
0.5250 0.0003
0.5247 0.0003
0.5243 0.0003
0.5240 0.0003
0.5237 0.0003
0.5233 0.0003
0.5230 0.0003
0.5227 0.0003
0.5223 0.0003
0.5220 0.0003
0.5217 0.0003
0.5213 0.0003
0.5210 0.0003
0.5207 0.0003
0.5203 0.0003
0.5200 0.0003
0.5197 0.0003
0.5193 0.0003
0.5190 0.0003
0.5187 0.0003
0.5183 0.0003
0.5180 0.0003
0.5177 0.0003
0.5173 0.0003
0.5170 0.0003
0.5167 0.0003
0.5163 0.0003
0.5160 0.0003
0.5157 0.0003
0.5153 0.0003
0.5150 0.0003
0.5147 0.0003
0.5143 0.0003
0.5140 0.0003
0.5137 0.0003
0.5133 0.0003
0.5130 0.0003
0.5127 0.0003
0.5123 0.0003
0.5120 0.0003
0.5117 0.0003
0.5113 0.0003
0.5110 0.0003
0.5107 0.0003
0.5103 0.0003
0.5100 0.0003
0.5097 0.0003
0.5093 0.0003
0.5090 0.0003
0.5087 0.0003
0.5083 0.0003
0.5080 0.0003
0.5077 0.0003
0.5073 0.0003
0.5070 0.0003
0.5067 0.0003
0.5063 0.0003
0.5060 0.0003
0.5057 0.0003
0.5053 0.0003
0.5050 0.0003
0.5047 0.0003
0.5043 0.0003
0.5040 0.0003
0.5037 0.0003
0.5033 0.0003
0.5030 0.0003
0.5027 0.0003
0.5023 0.0003
0.5020 0.0003
0.5017 0.0003
0.5013 0.0003
0.5010 0.0003
0.5007 0.0003
0.5003 0.0003
0.5000 0.0003
0.4997 0.0003
0.4993 0.0003
0.4990 0.0003
0.4987 0.0003
0.4983 0.0003
0.4980 0.0003
0.4977 0.0003
0.4973 0.0003
0.4970 0.0003
0.4967 0.0003
0.4963 0.0003
0.4960 0.0003
0.4957 0.0003
0.4953 0.0003
0.4950 0.0003
0.4947 0.0003
0.4943 0.0003
0.4940 0.0003
0.4937 0.0003
0.4933 0.0003
0.4930 0.0003
0.4927 0.0003
0.4923 0.0003
0.4920 0.0003
0.4917 0.0003
0.4913 0.0003
0.4910 0.0003
0.4907 0.0003
0.4903 0.0003
0.4900 0.0003
0.4897 0.0003
0.4893 0.0003
0.4890 0.0003
0.4887 0.0003
0.4883 0.0003
0.4880 0.0003
0.4877 0.0003
0.4873 0.0003
0.4870 0.0003
0.4867 0.0003
0.4863 0.0003
0.4860 0.0003
0.4857 0.0003
0.4853 0.0003
0.4850 0.0003
0.4847 0.0003
0.4843 0.0003
0.4840 0.0003
0.4837 0.0003
0.4833 0.0003
0.4830 0.0003
0.4827 0.0003
0.4823 0.0003
0.4820 0.0003
0.4817 0.0003
0.4813 0.0003
0.4810 0.0003
0.4807 0.0003
0.4803 0.0003
0.4800 0.0003
0.4797 0.0003
0.4793 0.0003
0.4790 0.0003
0.4787 0.0003
0.4783 0.0003
0.4780 0.0003
0.4777 0.0003
0.4773 0.0003
0.4770 0.0003
0.4767 0.0003
0.4763 0.0003
0.4760 0.0003
0.4757 0.0003
0.4753 0.0003
0.4750 0.0003
0.4747 0.0003
0.4743 0.0003
0.4740 0.0003
0.4737 0.0003
0.4733 0.0003
0.4730 0.0003
0.4727 0.0003
0.4723 0.0003
0.4720 0.0003
0.4717 0.0003
0.4713 0.0003
0.4710 0.0003
0.4707 0.0003
0.4703 0.0003
0.4700 0.0003
0.4697 0.0003
0.4693 0.0003
0.4690 0.0003
0.4687 0.0003
0.4683 0.0003
0.4680 0.0003
0.4677 0.0003
0.4673 0.0003
0.4670 0.0003
0.4667 0.0003
0.4663 0.0003
0.4660 0.0003
0.4657 0.0003
0.4653 0.0003
0.4650 0.0003
0.4647 0.0003
0.4643 0.0003
0.4643 0.0000
0.4640 0.0000
0.4637 0.0000
0.4633 0.0000
0.4630 0.0000
0.4627 0.0000
0.4623 0.0000
0.4620 0.0000
0.4617 0.0000
0.4613 0.0000
0.4610 0.0000
0.4607 0.0000
0.4603 0.0000
0.4600 0.0000
0.4597 0.0000
0.4593 0.0000
0.4590 0.0000
0.4587 0.0000
0.4583 0.0000
0.4580 0.0000
0.4577 0.0000
0.4573 0.0000
0.4570 0.0000
0.4567 0.0000
0.4563 0.0000
0.4560 0.0000
0.4557 0.0000
0.4553 0.0000
0.4550 0.0000
0.4547 0.0000
0.4543 0.0000
0.4540 0.0000
0.4537 0.0000
0.4533 0.0000
0.4530 0.0000
0.4527 0.0000
0.4523 0.0000
0.4520 0.0000
0.4517 0.0000
0.4513 0.0000
0.4510 0.0000
0.4507 0.0000
0.4503 0.0000
0.4500 0.0000
0.4497 0.0000
0.4493 0.0000
0.4490 0.0000
0.4487 0.0000
0.4483 0.0000
0.4480 0.0000
0.4477 0.0000
0.4473 0.0000
0.4470 0.0000
0.4467 0.0000
0.4463 0.0000
0.4460 0.0000
0.4457 0.0000
0.4453 0.0000
0.4450 0.0000
0.4447 0.0000
0.4443 0.0000
0.4440 0.0000
0.4437 0.0000
0.4433 0.0000
0.4430 0.0000
0.4427 0.0000
0.4423 0.0000
0.4420 0.0000
0.4417 0.0000
0.4413 0.0000
0.4410 0.0000
0.4407 0.0000
0.4403 0.0000
0.4400 0.0000
0.4397 0.0000
0.4393 0.0000
0.4390 0.0000
0.4387 0.0000
0.4383 0.0000
0.4380 0.0000
0.4377 0.0000
0.4373 0.0000
0.4370 0.0000
0.4367 0.0000
0.4363 0.0000
0.4360 0.0000
0.4357 0.0000
0.4353 0.0000
0.4350 0.0000
0.4347 0.0000
0.4343 0.0000
0.4340 0.0000
0.4337 0.0000
0.4333 0.0000
0.4330 0.0000
0.4327 0.0000
0.4323 0.0000
0.4320 0.0000
0.4317 0.0000
0.4313 0.0000
0.4310 0.0000
0.4307 0.0000
0.4303 0.0000
0.4300 0.0000
0.4297 0.0000
0.4293 0.0000
0.4290 0.0000
0.4287 0.0000
0.4283 0.0000
0.4280 0.0000
0.4277 0.0000
0.4273 0.0000
0.4270 0.0000
0.4267 0.0000
0.4263 0.0000
0.4260 0.0000
0.4257 0.0000
0.4253 0.0000
0.4250 0.0000
0.4247 0.0000
0.4243 0.0000
0.4240 0.0000
0.4237 0.0000
0.4233 0.0000
0.4230 0.0000
0.4227 0.0000
0.4223 0.0000
0.4220 0.0000
0.4217 0.0000
0.4213 0.0000
0.4210 0.0000
0.4207 0.0000
0.4203 0.0000
0.4200 0.0000
0.4197 0.0000
0.4193 0.0000
0.4190 0.0000
0.4187 0.0000
0.4183 0.0000
0.4180 0.0000
0.4177 0.0000
0.4173 0.0000
0.4170 0.0000
0.4167 0.0000
0.4163 0.0000
0.4160 0.0000
0.4157 0.0000
0.4153 0.0000
0.4150 0.0000
0.4147 0.0000
0.4143 0.0000
0.4140 0.0000
0.4137 0.0000
0.4133 0.0000
0.4130 0.0000
0.4127 0.0000
0.4123 0.0000
0.4120 0.0000
0.4117 0.0000
0.4113 0.0000
0.4110 0.0000
0.4107 0.0000
0.4103 0.0000
0.4100 0.0000
0.4097 0.0000
0.4093 0.0000
0.4090 0.0000
0.4087 0.0000
0.4083 0.0000
0.4080 0.0000
0.4077 0.0000
0.4073 0.0000
0.4070 0.0000
0.4067 0.0000
0.4063 0.0000
0.4060 0.0000
0.4057 0.0000
0.4053 0.0000
0.4050 0.0000
0.4047 0.0000
0.4043 0.0000
0.4040 0.0000
0.4037 0.0000
0.4033 0.0000
0.4030 0.0000
0.4027 0.0000
0.4023 0.0000
0.4020 0.0000
0.4017 0.0000
0.4013 0.0000
0.4010 0.0000
0.4007 0.0000
0.4003 0.0000
0.4000 0.0000
0.3997 0.0000
0.3993 0.0000
0.3990 0.0000
0.3987 0.0000
0.3983 0.0000
0.3980 0.0000
0.3977 0.0000
0.3973 0.0000
0.3970 0.0000
0.3967 0.0000
0.3963 0.0000
0.3960 0.0000
0.3957 0.0000
0.3953 0.0000
0.3950 0.0000
0.3947 0.0000
0.3943 0.0000
0.3940 0.0000
0.3937 0.0000
0.3933 0.0000
0.3930 0.0000
0.3927 0.0000
0.3923 0.0000
0.3920 0.0000
0.3917 0.0000
0.3913 0.0000
0.3910 0.0000
0.3907 0.0000
0.3903 0.0000
0.3900 0.0000
0.3897 0.0000
0.3893 0.0000
0.3890 0.0000
0.3887 0.0000
0.3883 0.0000
0.3880 0.0000
0.3877 0.0000
0.3873 0.0000
0.3870 0.0000
0.3867 0.0000
0.3863 0.0000
0.3860 0.0000
0.3857 0.0000
0.3853 0.0000
0.3850 0.0000
0.3847 0.0000
0.3843 0.0000
0.3840 0.0000
0.3837 0.0000
0.3833 0.0000
0.3830 0.0000
0.3827 0.0000
0.3823 0.0000
0.3820 0.0000
0.3817 0.0000
0.3813 0.0000
0.3810 0.0000
0.3807 0.0000
0.3803 0.0000
0.3800 0.0000
0.3797 0.0000
0.3793 0.0000
0.3790 0.0000
0.3787 0.0000
0.3783 0.0000
0.3780 0.0000
0.3777 0.0000
0.3773 0.0000
0.3770 0.0000
0.3767 0.0000
0.3763 0.0000
0.3760 0.0000
0.3757 0.0000
0.3753 0.0000
0.3750 0.0000
0.3747 0.0000
0.3743 0.0000
0.3740 0.0000
0.3737 0.0000
0.3733 0.0000
0.3730 0.0000
0.3727 0.0000
0.3723 0.0000
0.3720 0.0000
0.3717 0.0000
0.3713 0.0000
0.3710 0.0000
0.3707 0.0000
0.3703 0.0000
0.3700 0.0000
0.3697 0.0000
0.3693 0.0000
0.3690 0.0000
0.3687 0.0000
0.3683 0.0000
0.3680 0.0000
0.3677 0.0000
0.3673 0.0000
0.3670 0.0000
0.3667 0.0000
0.3663 0.0000
0.3660 0.0000
0.3657 0.0000
0.3653 0.0000
0.3650 0.0000
0.3647 0.0000
0.3643 0.0000
0.3640 0.0000
0.3637 0.0000
0.3633 0.0000
0.3630 0.0000
0.3627 0.0000
0.3623 0.0000
0.3620 0.0000
0.3617 0.0000
0.3613 0.0000
0.3610 0.0000
0.3607 0.0000
0.3603 0.0000
0.3600 0.0000
0.3597 0.0000
0.3593 0.0000
0.3590 0.0000
0.3587 0.0000
0.3583 0.0000
0.3580 0.0000
0.3577 0.0000
0.3573 0.0000
0.3570 0.0000
0.3567 0.0000
0.3563 0.0000
0.3560 0.0000
0.3557 0.0000
0.3553 0.0000
0.3550 0.0000
0.3547 0.0000
0.3543 0.0000
0.3540 0.0000
0.3537 0.0000
0.3533 0.0000
0.3530 0.0000
0.3527 0.0000
0.3523 0.0000
0.3520 0.0000
0.3517 0.0000
0.3513 0.0000
0.3510 0.0000
0.3507 0.0000
0.3503 0.0000
0.3500 0.0000
0.3497 0.0000
0.3493 0.0000
0.3490 0.0000
0.3487 0.0000
0.3483 0.0000
0.3480 0.0000
0.3477 0.0000
0.3473 0.0000
0.3470 0.0000
0.3467 0.0000
0.3463 0.0000
0.3460 0.0000
0.3457 0.0000
0.3453 0.0000
0.3450 0.0000
0.3447 0.0000
0.3443 0.0000
0.3440 0.0000
0.3437 0.0000
0.3433 0.0000
0.3430 0.0000
0.3427 0.0000
0.3423 0.0000
0.3420 0.0000
0.3417 0.0000
0.3413 0.0000
0.3410 0.0000
0.3407 0.0000
0.3403 0.0000
0.3400 0.0000
0.3397 0.0000
0.3393 0.0000
0.3390 0.0000
0.3387 0.0000
0.3383 0.0000
0.3380 0.0000
0.3377 0.0000
0.3373 0.0000
0.3370 0.0000
0.3367 0.0000
0.3363 0.0000
0.3360 0.0000
0.3357 0.0000
0.3353 0.0000
0.3350 0.0000
0.3347 0.0000
0.3343 0.0000
0.3340 0.0000
0.3337 0.0000
0.3333 0.0000
0.3330 0.0000
0.3327 0.0000
0.3323 0.0000
0.3320 0.0000
0.3317 0.0000
0.3313 0.0000
0.3310 0.0000
0.3307 0.0000
0.3303 0.0000
0.3300 0.0000
0.3297 0.0000
0.3293 0.0000
0.3290 0.0000
0.3287 0.0000
0.3283 0.0000
0.3280 0.0000
0.3277 0.0000
0.3273 0.0000
0.3270 0.0000
0.3267 0.0000
0.3263 0.0000
0.3260 0.0000
0.3257 0.0000
0.3253 0.0000
0.3250 0.0000
0.3247 0.0000
0.3243 0.0000
0.3240 0.0000
0.3237 0.0000
0.3233 0.0000
0.3230 0.0000
0.3227 0.0000
0.3223 0.0000
0.3220 0.0000
0.3217 0.0000
0.3213 0.0000
0.3210 0.0000
0.3207 0.0000
0.3203 0.0000
0.3200 0.0000
0.3197 0.0000
0.3193 0.0000
0.3190 0.0000
0.3187 0.0000
0.3183 0.0000
0.3180 0.0000
0.3177 0.0000
0.3173 0.0000
0.3170 0.0000
0.3167 0.0000
0.3163 0.0000
0.3160 0.0000
0.3157 0.0000
0.3153 0.0000
0.3150 0.0000
0.3147 0.0000
0.3143 0.0000
0.3140 0.0000
0.3137 0.0000
0.3133 0.0000
0.3130 0.0000
0.3127 0.0000
0.3123 0.0000
0.3120 0.0000
0.3117 0.0000
0.3113 0.0000
0.3110 0.0000
0.3107 0.0000
0.3103 0.0000
0.3100 0.0000
0.3097 0.0000
0.3093 0.0000
0.3090 0.0000
0.3087 0.0000
0.3083 0.0000
0.3080 0.0000
0.3077 0.0000
0.3073 0.0000
0.3070 0.0000
0.3067 0.0000
0.3063 0.0000
0.3060 0.0000
0.3057 0.0000
0.3053 0.0000
0.3050 0.0000
0.3047 0.0000
0.3043 0.0000
0.3040 0.0000
0.3037 0.0000
0.3033 0.0000
0.3030 0.0000
0.3027 0.0000
0.3023 0.0000
0.3020 0.0000
0.3017 0.0000
0.3013 0.0000
0.3010 0.0000
0.3007 0.0000
0.3003 0.0000
0.3000 0.0000
0.2997 0.0000
0.2993 0.0000
0.2990 0.0000
0.2987 0.0000
0.2983 0.0000
0.2980 0.0000
0.2977 0.0000
0.2973 0.0000
0.2970 0.0000
0.2967 0.0000
0.2963 0.0000
0.2960 0.0000
0.2957 0.0000
0.2953 0.0000
0.2950 0.0000
0.2947 0.0000
0.2943 0.0000
0.2940 0.0000
0.2937 0.0000
0.2933 0.0000
0.2930 0.0000
0.2927 0.0000
0.2923 0.0000
0.2920 0.0000
0.2917 0.0000
0.2913 0.0000
0.2910 0.0000
0.2907 0.0000
0.2903 0.0000
0.2900 0.0000
0.2897 0.0000
0.2893 0.0000
0.2890 0.0000
0.2887 0.0000
0.2883 0.0000
0.2880 0.0000
0.2877 0.0000
0.2873 0.0000
0.2870 0.0000
0.2867 0.0000
0.2863 0.0000
0.2860 0.0000
0.2857 0.0000
0.2853 0.0000
0.2850 0.0000
0.2847 0.0000
0.2843 0.0000
0.2840 0.0000
0.2837 0.0000
0.2833 0.0000
0.2830 0.0000
0.2827 0.0000
0.2823 0.0000
0.2820 0.0000
0.2817 0.0000
0.2813 0.0000
0.2810 0.0000
0.2807 0.0000
0.2803 0.0000
0.2800 0.0000
0.2797 0.0000
0.2793 0.0000
0.2790 0.0000
0.2787 0.0000
0.2783 0.0000
0.2780 0.0000
0.2777 0.0000
0.2773 0.0000
0.2770 0.0000
0.2767 0.0000
0.2763 0.0000
0.2760 0.0000
0.2757 0.0000
0.2753 0.0000
0.2750 0.0000
0.2747 0.0000
0.2743 0.0000
0.2740 0.0000
0.2737 0.0000
0.2733 0.0000
0.2730 0.0000
0.2727 0.0000
0.2723 0.0000
0.2720 0.0000
0.2717 0.0000
0.2713 0.0000
0.2710 0.0000
0.2707 0.0000
0.2703 0.0000
0.2700 0.0000
0.2697 0.0000
0.2693 0.0000
0.2690 0.0000
0.2687 0.0000
0.2683 0.0000
0.2680 0.0000
0.2677 0.0000
0.2673 0.0000
0.2670 0.0000
0.2667 0.0000
0.2663 0.0000
0.2660 0.0000
0.2657 0.0000
0.2653 0.0000
0.2650 0.0000
0.2647 0.0000
0.2643 0.0000
0.2640 0.0000
0.2637 0.0000
0.2633 0.0000
0.2630 0.0000
0.2627 0.0000
0.2623 0.0000
0.2620 0.0000
0.2617 0.0000
0.2613 0.0000
0.2610 0.0000
0.2607 0.0000
0.2603 0.0000
0.2600 0.0000
0.2597 0.0000
0.2593 0.0000
0.2590 0.0000
0.2587 0.0000
0.2583 0.0000
0.2580 0.0000
0.2577 0.0000
0.2573 0.0000
0.2570 0.0000
0.2567 0.0000
0.2563 0.0000
0.2560 0.0000
0.2557 0.0000
0.2553 0.0000
0.2550 0.0000
0.2547 0.0000
0.2543 0.0000
0.2540 0.0000
0.2537 0.0000
0.2533 0.0000
0.2530 0.0000
0.2527 0.0000
0.2523 0.0000
0.2520 0.0000
0.2517 0.0000
0.2513 0.0000
0.2510 0.0000
0.2507 0.0000
0.2503 0.0000
0.2500 0.0000
0.2497 0.0000
0.2493 0.0000
0.2490 0.0000
0.2487 0.0000
0.2483 0.0000
0.2480 0.0000
0.2477 0.0000
0.2473 0.0000
0.2470 0.0000
0.2467 0.0000
0.2463 0.0000
0.2460 0.0000
0.2457 0.0000
0.2453 0.0000
0.2450 0.0000
0.2447 0.0000
0.2443 0.0000
0.2440 0.0000
0.2437 0.0000
0.2433 0.0000
0.2430 0.0000
0.2427 0.0000
0.2423 0.0000
0.2420 0.0000
0.2417 0.0000
0.2413 0.0000
0.2410 0.0000
0.2407 0.0000
0.2403 0.0000
0.2400 0.0000
0.2397 0.0000
0.2393 0.0000
0.2390 0.0000
0.2387 0.0000
0.2383 0.0000
0.2380 0.0000
0.2377 0.0000
0.2373 0.0000
0.2370 0.0000
0.2367 0.0000
0.2363 0.0000
0.2360 0.0000
0.2357 0.0000
0.2353 0.0000
0.2350 0.0000
0.2347 0.0000
0.2343 0.0000
0.2340 0.0000
0.2337 0.0000
0.2333 0.0000
0.2330 0.0000
0.2327 0.0000
0.2323 0.0000
0.2320 0.0000
0.2317 0.0000
0.2313 0.0000
0.2310 0.0000
0.2307 0.0000
0.2303 0.0000
0.2300 0.0000
0.2297 0.0000
0.2293 0.0000
0.2290 0.0000
0.2287 0.0000
0.2283 0.0000
0.2280 0.0000
0.2277 0.0000
0.2273 0.0000
0.2270 0.0000
0.2267 0.0000
0.2263 0.0000
0.2260 0.0000
0.2257 0.0000
0.2253 0.0000
0.2250 0.0000
0.2247 0.0000
0.2243 0.0000
0.2240 0.0000
0.2237 0.0000
0.2233 0.0000
0.2230 0.0000
0.2227 0.0000
0.2223 0.0000
0.2220 0.0000
0.2217 0.0000
0.2213 0.0000
0.2210 0.0000
0.2207 0.0000
0.2203 0.0000
0.2200 0.0000
0.2197 0.0000
0.2193 0.0000
0.2190 0.0000
0.2187 0.0000
0.2183 0.0000
0.2180 0.0000
0.2177 0.0000
0.2173 0.0000
0.2170 0.0000
0.2167 0.0000
0.2163 0.0000
0.2160 0.0000
0.2157 0.0000
0.2153 0.0000
0.2150 0.0000
0.2147 0.0000
0.2143 0.0000
0.2140 0.0000
0.2137 0.0000
0.2133 0.0000
0.2130 0.0000
0.2127 0.0000
0.2123 0.0000
0.2120 0.0000
0.2117 0.0000
0.2113 0.0000
0.2110 0.0000
0.2107 0.0000
0.2103 0.0000
0.2100 0.0000
0.2097 0.0000
0.2093 0.0000
0.2090 0.0000
0.2087 0.0000
0.2083 0.0000
0.2080 0.0000
0.2077 0.0000
0.2073 0.0000
0.2070 0.0000
0.2067 0.0000
0.2063 0.0000
0.2060 0.0000
0.2057 0.0000
0.2053 0.0000
0.2050 0.0000
0.2047 0.0000
0.2043 0.0000
0.2040 0.0000
0.2037 0.0000
0.2033 0.0000
0.2030 0.0000
0.2027 0.0000
0.2023 0.0000
0.2020 0.0000
0.2017 0.0000
0.2013 0.0000
0.2010 0.0000
0.2007 0.0000
0.2003 0.0000
0.2000 0.0000
0.1997 0.0000
0.1993 0.0000
0.1990 0.0000
0.1987 0.0000
0.1983 0.0000
0.1980 0.0000
0.1977 0.0000
0.1973 0.0000
0.1970 0.0000
0.1967 0.0000
0.1963 0.0000
0.1960 0.0000
0.1957 0.0000
0.1953 0.0000
0.1950 0.0000
0.1947 0.0000
0.1943 0.0000
0.1940 0.0000
0.1937 0.0000
0.1933 0.0000
0.1930 0.0000
0.1927 0.0000
0.1923 0.0000
0.1920 0.0000
0.1917 0.0000
0.1913 0.0000
0.1910 0.0000
0.1907 0.0000
0.1903 0.0000
0.1900 0.0000
0.1897 0.0000
0.1893 0.0000
0.1890 0.0000
0.1887 0.0000
0.1883 0.0000
0.1880 0.0000
0.1877 0.0000
0.1873 0.0000
0.1870 0.0000
0.1867 0.0000
0.1863 0.0000
0.1860 0.0000
0.1857 0.0000
0.1853 0.0000
0.1850 0.0000
0.1847 0.0000
0.1843 0.0000
0.1840 0.0000
0.1837 0.0000
0.1833 0.0000
0.1830 0.0000
0.1827 0.0000
0.1823 0.0000
0.1820 0.0000
0.1817 0.0000
0.1813 0.0000
0.1810 0.0000
0.1807 0.0000
0.1803 0.0000
0.1800 0.0000
0.1797 0.0000
0.1793 0.0000
0.1790 0.0000
0.1787 0.0000
0.1783 0.0000
0.1780 0.0000
0.1777 0.0000
0.1773 0.0000
0.1770 0.0000
0.1767 0.0000
0.1763 0.0000
0.1760 0.0000
0.1757 0.0000
0.1753 0.0000
0.1750 0.0000
0.1747 0.0000
0.1743 0.0000
0.1740 0.0000
0.1737 0.0000
0.1733 0.0000
0.1730 0.0000
0.1727 0.0000
0.1723 0.0000
0.1720 0.0000
0.1717 0.0000
0.1713 0.0000
0.1710 0.0000
0.1707 0.0000
0.1703 0.0000
0.1700 0.0000
0.1697 0.0000
0.1693 0.0000
0.1690 0.0000
0.1687 0.0000
0.1683 0.0000
0.1680 0.0000
0.1677 0.0000
0.1673 0.0000
0.1670 0.0000
0.1667 0.0000
0.1663 0.0000
0.1660 0.0000
0.1657 0.0000
0.1653 0.0000
0.1650 0.0000
0.1647 0.0000
0.1643 0.0000
0.1640 0.0000
0.1637 0.0000
0.1633 0.0000
0.1630 0.0000
0.1627 0.0000
0.1623 0.0000
0.1620 0.0000
0.1617 0.0000
0.1613 0.0000
0.1610 0.0000
0.1607 0.0000
0.1603 0.0000
0.1600 0.0000
0.1597 0.0000
0.1593 0.0000
0.1590 0.0000
0.1587 0.0000
0.1583 0.0000
0.1580 0.0000
0.1577 0.0000
0.1573 0.0000
0.1570 0.0000
0.1567 0.0000
0.1563 0.0000
0.1560 0.0000
0.1557 0.0000
0.1553 0.0000
0.1550 0.0000
0.1547 0.0000
0.1543 0.0000
0.1540 0.0000
0.1537 0.0000
0.1533 0.0000
0.1530 0.0000
0.1527 0.0000
0.1523 0.0000
0.1520 0.0000
0.1517 0.0000
0.1513 0.0000
0.1510 0.0000
0.1507 0.0000
0.1503 0.0000
0.1500 0.0000
0.1497 0.0000
0.1493 0.0000
0.1490 0.0000
0.1487 0.0000
0.1483 0.0000
0.1480 0.0000
0.1477 0.0000
0.1473 0.0000
0.1470 0.0000
0.1467 0.0000
0.1463 0.0000
0.1460 0.0000
0.1457 0.0000
0.1453 0.0000
0.1450 0.0000
0.1447 0.0000
0.1443 0.0000
0.1440 0.0000
0.1437 0.0000
0.1433 0.0000
0.1430 0.0000
0.1427 0.0000
0.1423 0.0000
0.1420 0.0000
0.1417 0.0000
0.1413 0.0000
0.1410 0.0000
0.1407 0.0000
0.1403 0.0000
0.1400 0.0000
0.1397 0.0000
0.1393 0.0000
0.1390 0.0000
0.1387 0.0000
0.1383 0.0000
0.1380 0.0000
0.1377 0.0000
0.1373 0.0000
0.1370 0.0000
0.1367 0.0000
0.1363 0.0000
0.1360 0.0000
0.1357 0.0000
0.1353 0.0000
0.1350 0.0000
0.1347 0.0000
0.1343 0.0000
0.1340 0.0000
0.1337 0.0000
0.1333 0.0000
0.1330 0.0000
0.1327 0.0000
0.1323 0.0000
0.1320 0.0000
0.1317 0.0000
0.1313 0.0000
0.1310 0.0000
0.1307 0.0000
0.1303 0.0000
0.1300 0.0000
0.1297 0.0000
0.1293 0.0000
0.1290 0.0000
0.1287 0.0000
0.1283 0.0000
0.1280 0.0000
0.1277 0.0000
0.1273 0.0000
0.1270 0.0000
0.1267 0.0000
0.1263 0.0000
0.1260 0.0000
0.1257 0.0000
0.1253 0.0000
0.1250 0.0000
0.1247 0.0000
0.1243 0.0000
0.1240 0.0000
0.1237 0.0000
0.1233 0.0000
0.1230 0.0000
0.1227 0.0000
0.1223 0.0000
0.1220 0.0000
0.1217 0.0000
0.1213 0.0000
0.1210 0.0000
0.1207 0.0000
0.1203 0.0000
0.1200 0.0000
0.1197 0.0000
0.1193 0.0000
0.1190 0.0000
0.1187 0.0000
0.1183 0.0000
0.1180 0.0000
0.1177 0.0000
0.1173 0.0000
0.1170 0.0000
0.1167 0.0000
0.1163 0.0000
0.1160 0.0000
0.1157 0.0000
0.1153 0.0000
0.1150 0.0000
0.1147 0.0000
0.1143 0.0000
0.1140 0.0000
0.1137 0.0000
0.1133 0.0000
0.1130 0.0000
0.1127 0.0000
0.1123 0.0000
0.1120 0.0000
0.1117 0.0000
0.1113 0.0000
0.1110 0.0000
0.1107 0.0000
0.1103 0.0000
0.1100 0.0000
0.1097 0.0000
0.1093 0.0000
0.1090 0.0000
0.1087 0.0000
0.1083 0.0000
0.1080 0.0000
0.1077 0.0000
0.1073 0.0000
0.1070 0.0000
0.1067 0.0000
0.1063 0.0000
0.1060 0.0000
0.1057 0.0000
0.1053 0.0000
0.1050 0.0000
0.1047 0.0000
0.1043 0.0000
0.1040 0.0000
0.1037 0.0000
0.1033 0.0000
0.1030 0.0000
0.1027 0.0000
0.1023 0.0000
0.1020 0.0000
0.1017 0.0000
0.1013 0.0000
0.1010 0.0000
0.1007 0.0000
0.1003 0.0000
0.1000 0.0000
0.0997 0.0000
0.0993 0.0000
0.0990 0.0000
0.0987 0.0000
0.0983 0.0000
0.0980 0.0000
0.0977 0.0000
0.0973 0.0000
0.0970 0.0000
0.0967 0.0000
0.0963 0.0000
0.0960 0.0000
0.0957 0.0000
0.0953 0.0000
0.0950 0.0000
0.0947 0.0000
0.0943 0.0000
0.0940 0.0000
0.0937 0.0000
0.0933 0.0000
0.0930 0.0000
0.0927 0.0000
0.0923 0.0000
0.0920 0.0000
0.0917 0.0000
0.0913 0.0000
0.0910 0.0000
0.0907 0.0000
0.0903 0.0000
0.0900 0.0000
0.0897 0.0000
0.0893 0.0000
0.0890 0.0000
0.0887 0.0000
0.0883 0.0000
0.0880 0.0000
0.0877 0.0000
0.0873 0.0000
0.0870 0.0000
0.0867 0.0000
0.0863 0.0000
0.0860 0.0000
0.0857 0.0000
0.0853 0.0000
0.0850 0.0000
0.0847 0.0000
0.0843 0.0000
0.0840 0.0000
0.0837 0.0000
0.0833 0.0000
0.0830 0.0000
0.0827 0.0000
0.0823 0.0000
0.0820 0.0000
0.0817 0.0000
0.0813 0.0000
0.0810 0.0000
0.0807 0.0000
0.0803 0.0000
0.0800 0.0000
0.0797 0.0000
0.0793 0.0000
0.0790 0.0000
0.0787 0.0000
0.0783 0.0000
0.0780 0.0000
0.0777 0.0000
0.0773 0.0000
0.0770 0.0000
0.0767 0.0000
0.0763 0.0000
0.0760 0.0000
0.0757 0.0000
0.0753 0.0000
0.0750 0.0000
0.0747 0.0000
0.0743 0.0000
0.0740 0.0000
0.0737 0.0000
0.0733 0.0000
0.0730 0.0000
0.0727 0.0000
0.0723 0.0000
0.0720 0.0000
0.0717 0.0000
0.0713 0.0000
0.0710 0.0000
0.0707 0.0000
0.0703 0.0000
0.0700 0.0000
0.0697 0.0000
0.0693 0.0000
0.0690 0.0000
0.0687 0.0000
0.0683 0.0000
0.0680 0.0000
0.0677 0.0000
0.0673 0.0000
0.0670 0.0000
0.0667 0.0000
0.0663 0.0000
0.0660 0.0000
0.0657 0.0000
0.0653 0.0000
0.0650 0.0000
0.0647 0.0000
0.0643 0.0000
0.0640 0.0000
0.0637 0.0000
0.0633 0.0000
0.0630 0.0000
0.0627 0.0000
0.0623 0.0000
0.0620 0.0000
0.0617 0.0000
0.0613 0.0000
0.0610 0.0000
0.0607 0.0000
0.0603 0.0000
0.0600 0.0000
0.0597 0.0000
0.0593 0.0000
0.0590 0.0000
0.0587 0.0000
0.0583 0.0000
0.0580 0.0000
0.0577 0.0000
0.0573 0.0000
0.0570 0.0000
0.0567 0.0000
0.0563 0.0000
0.0560 0.0000
0.0557 0.0000
0.0553 0.0000
0.0550 0.0000
0.0547 0.0000
0.0543 0.0000
0.0540 0.0000
0.0537 0.0000
0.0533 0.0000
0.0530 0.0000
0.0527 0.0000
0.0523 0.0000
0.0520 0.0000
0.0517 0.0000
0.0513 0.0000
0.0510 0.0000
0.0507 0.0000
0.0503 0.0000
0.0500 0.0000
0.0497 0.0000
0.0493 0.0000
0.0490 0.0000
0.0487 0.0000
0.0483 0.0000
0.0480 0.0000
0.0477 0.0000
0.0473 0.0000
0.0470 0.0000
0.0467 0.0000
0.0463 0.0000
0.0460 0.0000
0.0457 0.0000
0.0453 0.0000
0.0450 0.0000
0.0447 0.0000
0.0443 0.0000
0.0440 0.0000
0.0437 0.0000
0.0433 0.0000
0.0430 0.0000
0.0427 0.0000
0.0423 0.0000
0.0420 0.0000
0.0417 0.0000
0.0413 0.0000
0.0410 0.0000
0.0407 0.0000
0.0403 0.0000
0.0400 0.0000
0.0397 0.0000
0.0393 0.0000
0.0390 0.0000
0.0387 0.0000
0.0383 0.0000
0.0380 0.0000
0.0377 0.0000
0.0373 0.0000
0.0370 0.0000
0.0367 0.0000
0.0363 0.0000
0.0360 0.0000
0.0357 0.0000
0.0353 0.0000
0.0350 0.0000
0.0347 0.0000
0.0343 0.0000
0.0340 0.0000
0.0337 0.0000
0.0333 0.0000
0.0330 0.0000
0.0327 0.0000
0.0323 0.0000
0.0320 0.0000
0.0317 0.0000
0.0313 0.0000
0.0310 0.0000
0.0307 0.0000
0.0303 0.0000
0.0300 0.0000
0.0297 0.0000
0.0293 0.0000
0.0290 0.0000
0.0287 0.0000
0.0283 0.0000
0.0280 0.0000
0.0277 0.0000
0.0273 0.0000
0.0270 0.0000
0.0267 0.0000
0.0263 0.0000
0.0260 0.0000
0.0257 0.0000
0.0253 0.0000
0.0250 0.0000
0.0247 0.0000
0.0243 0.0000
0.0240 0.0000
0.0237 0.0000
0.0233 0.0000
0.0230 0.0000
0.0227 0.0000
0.0223 0.0000
0.0220 0.0000
0.0217 0.0000
0.0213 0.0000
0.0210 0.0000
0.0207 0.0000
0.0203 0.0000
0.0200 0.0000
0.0197 0.0000
0.0193 0.0000
0.0190 0.0000
0.0187 0.0000
0.0183 0.0000
0.0180 0.0000
0.0177 0.0000
0.0173 0.0000
0.0170 0.0000
0.0167 0.0000
0.0163 0.0000
0.0160 0.0000
0.0157 0.0000
0.0153 0.0000
0.0150 0.0000
0.0147 0.0000
0.0143 0.0000
0.0140 0.0000
0.0137 0.0000
0.0133 0.0000
0.0130 0.0000
0.0127 0.0000
0.0123 0.0000
0.0120 0.0000
0.0117 0.0000
0.0113 0.0000
0.0110 0.0000
0.0107 0.0000
0.0103 0.0000
0.0100 0.0000
0.0097 0.0000
0.0093 0.0000
0.0090 0.0000
0.0087 0.0000
0.0083 0.0000
0.0080 0.0000
0.0077 0.0000
0.0073 0.0000
0.0070 0.0000
0.0067 0.0000
0.0063 0.0000
0.0060 0.0000
0.0057 0.0000
0.0053 0.0000
0.0050 0.0000
0.0047 0.0000
0.0043 0.0000
0.0040 0.0000
0.0037 0.0000
0.0033 0.0000
0.0030 0.0000
0.0027 0.0000
0.0023 0.0000
0.0020 0.0000
0.0017 0.0000
0.0013 0.0000
0.0010 0.0000
0.0007 0.0000
0.0003 0.0000
