0 0.001
0.192 0.01
0.254 0.022333
0.303667 0.038667
0.341 0.051
0.37 0.069667
0.399 0.085
0.432 0.099667
0.454667 0.119667
0.482 0.139667
0.504 0.155333
0.522667 0.171667
0.542 0.187
0.564333 0.204667
0.581333 0.225
0.603 0.243667
0.623667 0.267333
0.64 0.288667
0.658 0.305333
0.675667 0.329333
0.688667 0.347
0.708333 0.368667
0.727667 0.387667
0.741333 0.410667
0.754667 0.433
0.770333 0.456667
0.782667 0.48
0.797333 0.508667
0.81 0.534667
0.825 0.567
0.841667 0.597
0.852667 0.622667
0.867 0.651
0.880333 0.676333
0.893333 0.701
0.902 0.725667
0.912333 0.749333
0.920667 0.773
0.926667 0.797
0.934 0.816667
0.941667 0.839
0.946333 0.862333
0.955 0.882333
0.964333 0.897667
0.970667 0.915333
0.977 0.934
0.982333 0.95
0.987 0.970333
0.993333 0.982
0.997667 0.993667
0.999667 1
