1 1
1 1
1 1
1 1
1 1
1 1
1 1
1 1
1 1
1 1
1 1
1 1
1 1
1 1
1 1
1 1
1 1
1 1
1 1
1 1
1 1
1 1
1 1
1 1
1 1
1 1
1 1
1 1
1 1
1 1
1 1
1 1
1 1
1 1
1 1
1 1
1 1
1 1
1 1
1 1
1 1
1 1
1 1
1 1
1 1
1 1
1 1
1 1
1 1
1 1
1 1
1 1
1 1
1 1
1 1
1 1
1 1
1 1
1 1
1 1
1 1
1 1
1 1
1 1
1 1
1 1
1 1
1 1
1 1
1 1
1 1
1 1
1 1
1 1
1 1
1 1
1 1
1 1
1 0.999667
1 0.999667
1 0.999667
1 0.999667
1 0.999667
1 0.999
1 0.997667
1 0.997667
1 0.997333
1 0.995667
1 0.994333
1 0.993
1 0.991
1 0.987667
1 0.985667
1 0.980667
1 0.975667
1 0.969
1 0.962
1 0.955667
1 0.944667
1 0.933
1 0.916333
1 0.899333
1 0.879
1 0.857
1 0.836333
1 0.813333
1 0.789333
1 0.763
1 0.729
1 0.697
1 0.663667
1 0.623667
1 0.578667
1 0.543
1 0.502333
1 0.470667
1 0.438333
1 0.407333
1 0.368
1 0.333667
1 0.297333
1 0.267333
1 0.238333
1 0.209
1 0.183333
1 0.155
1 0.133333
1 0.119
1 0.099
1 0.0846667
1 0.0743333
1 0.0643333
1 0.0523333
1 0.0416667
1 0.0353333
1 0.0303333
1 0.023
0.999667 0.02
0.999667 0.016
0.999333 0.012
0.999 0.00933333
0.999 0.008
0.999 0.007
0.999 0.006
0.999 0.00466667
0.999 0.004
0.998333 0.003
0.998333 0.00233333
0.998333 0.00166667
0.998333 0.00166667
0.998 0.00133333
0.997667 0.000333333
0.997333 0.000333333
0.997 0.000333333
0.996 0.000333333
0.995333 0.000333333
0.994333 0.000333333
0.992667 0.000333333
0.991667 0
0.991 0
0.989333 0
0.987 0
0.983 0
0.979667 0
0.973667 0
0.967333 0
0.956333 0
0.946667 0
0.930667 0
0.913667 0
0.896 0
0.876333 0
0.853 0
0.824 0
0.788 0
0.753667 0
0.714333 0
0.668667 0
0.622333 0
0.566333 0
0.508333 0
0.452667 0
0.401667 0
0.34 0
0.287667 0
0.236333 0
0.194 0
0.151667 0
0.113 0
0.0896667 0
0.0656667 0
0.0446667 0
0.0283333 0
0.0176667 0
0.0106667 0
0.007 0
0.00466667 0
0.00166667 0
0.000666667 0
0 0
