1.0000000000 0.9966666667
1.0000000000 0.9933333333
1.0000000000 0.9900000000
1.0000000000 0.9866666667
1.0000000000 0.9833333333
1.0000000000 0.9800000000
1.0000000000 0.9766666667
1.0000000000 0.9733333333
1.0000000000 0.9700000000
1.0000000000 0.9666666667
1.0000000000 0.9633333333
1.0000000000 0.9600000000
1.0000000000 0.9566666667
1.0000000000 0.9533333333
1.0000000000 0.9500000000
1.0000000000 0.9466666667
1.0000000000 0.9433333333
1.0000000000 0.9400000000
1.0000000000 0.9366666667
1.0000000000 0.9333333333
1.0000000000 0.9300000000
1.0000000000 0.9266666667
1.0000000000 0.9233333333
1.0000000000 0.9200000000
1.0000000000 0.9166666667
1.0000000000 0.9133333333
1.0000000000 0.9100000000
1.0000000000 0.9066666667
1.0000000000 0.9033333333
1.0000000000 0.9000000000
1.0000000000 0.8966666667
1.0000000000 0.8933333333
1.0000000000 0.8900000000
1.0000000000 0.8866666667
1.0000000000 0.8833333333
1.0000000000 0.8800000000
1.0000000000 0.8766666667
1.0000000000 0.8733333333
1.0000000000 0.8700000000
1.0000000000 0.8666666667
1.0000000000 0.8633333333
1.0000000000 0.8600000000
1.0000000000 0.8566666667
1.0000000000 0.8533333333
1.0000000000 0.8500000000
1.0000000000 0.8466666667
1.0000000000 0.8433333333
1.0000000000 0.8400000000
1.0000000000 0.8366666667
1.0000000000 0.8333333333
1.0000000000 0.8300000000
1.0000000000 0.8266666667
1.0000000000 0.8233333333
1.0000000000 0.8200000000
1.0000000000 0.8166666667
1.0000000000 0.8133333333
1.0000000000 0.8100000000
1.0000000000 0.8066666667
1.0000000000 0.8033333333
1.0000000000 0.8000000000
1.0000000000 0.7966666667
1.0000000000 0.7933333333
1.0000000000 0.7900000000
1.0000000000 0.7866666667
1.0000000000 0.7833333333
1.0000000000 0.7800000000
1.0000000000 0.7766666667
1.0000000000 0.7733333333
1.0000000000 0.7700000000
1.0000000000 0.7666666667
1.0000000000 0.7633333333
1.0000000000 0.7600000000
1.0000000000 0.7566666667
1.0000000000 0.7533333333
1.0000000000 0.7500000000
1.0000000000 0.7466666667
1.0000000000 0.7433333333
1.0000000000 0.7400000000
1.0000000000 0.7366666667
1.0000000000 0.7333333333
1.0000000000 0.7300000000
1.0000000000 0.7266666667
1.0000000000 0.7233333333
1.0000000000 0.7200000000
1.0000000000 0.7166666667
1.0000000000 0.7133333333
1.0000000000 0.7100000000
1.0000000000 0.7066666667
1.0000000000 0.7033333333
1.0000000000 0.7000000000
1.0000000000 0.6966666667
1.0000000000 0.6933333333
1.0000000000 0.6900000000
1.0000000000 0.6866666667
1.0000000000 0.6833333333
1.0000000000 0.6800000000
1.0000000000 0.6766666667
1.0000000000 0.6733333333
1.0000000000 0.6700000000
1.0000000000 0.6666666667
1.0000000000 0.6633333333
1.0000000000 0.6600000000
1.0000000000 0.6566666667
0.9996666667 0.6536666667
0.9993333333 0.6506666667
0.9993333333 0.6473333333
0.9993333333 0.6440000000
0.9990000000 0.6410000000
0.9990000000 0.6376666667
0.9990000000 0.6343333333
0.9990000000 0.6310000000
0.9990000000 0.6276666667
0.9990000000 0.6243333333
0.9990000000 0.6210000000
0.9990000000 0.6176666667
0.9990000000 0.6143333333
0.9990000000 0.6110000000
0.9990000000 0.6076666667
0.9990000000 0.6043333333
0.9990000000 0.6010000000
0.9990000000 0.5976666667
0.9990000000 0.5943333333
0.9990000000 0.5910000000
0.9990000000 0.5876666667
0.9990000000 0.5843333333
0.9986666667 0.5813333333
0.9986666667 0.5780000000
0.9986666667 0.5746666667
0.9986666667 0.5713333333
0.9986666667 0.5680000000
0.9986666667 0.5646666667
0.9986666667 0.5613333333
0.9983333333 0.5583333333
0.9983333333 0.5550000000
0.9983333333 0.5516666667
0.9980000000 0.5486666667
0.9980000000 0.5453333333
0.9980000000 0.5420000000
0.9980000000 0.5386666667
0.9980000000 0.5353333333
0.9976666667 0.5323333333
0.9976666667 0.5290000000
0.9976666667 0.5256666667
0.9976666667 0.5223333333
0.9973333333 0.5193333333
0.9973333333 0.5160000000
0.9970000000 0.5130000000
0.9966666667 0.5100000000
0.9963333333 0.5070000000
0.9963333333 0.5036666667
0.9963333333 0.5003333333
0.9963333333 0.4970000000
0.9963333333 0.4936666667
0.9960000000 0.4906666667
0.9960000000 0.4873333333
0.9960000000 0.4840000000
0.9960000000 0.4806666667
0.9960000000 0.4773333333
0.9956666667 0.4743333333
0.9956666667 0.4710000000
0.9956666667 0.4676666667
0.9956666667 0.4643333333
0.9956666667 0.4610000000
0.9953333333 0.4580000000
0.9953333333 0.4546666667
0.9950000000 0.4516666667
0.9946666667 0.4486666667
0.9946666667 0.4453333333
0.9940000000 0.4426666667
0.9940000000 0.4393333333
0.9940000000 0.4360000000
0.9940000000 0.4326666667
0.9930000000 0.4303333333
0.9930000000 0.4270000000
0.9930000000 0.4236666667
0.9926666667 0.4206666667
0.9923333333 0.4176666667
0.9923333333 0.4143333333
0.9923333333 0.4110000000
0.9923333333 0.4076666667
0.9920000000 0.4046666667
0.9916666667 0.4016666667
0.9916666667 0.3983333333
0.9916666667 0.3950000000
0.9916666667 0.3916666667
0.9913333333 0.3886666667
0.9910000000 0.3856666667
0.9910000000 0.3823333333
0.9910000000 0.3790000000
0.9910000000 0.3756666667
0.9910000000 0.3723333333
0.9910000000 0.3690000000
0.9903333333 0.3663333333
0.9903333333 0.3630000000
0.9900000000 0.3600000000
0.9900000000 0.3566666667
0.9900000000 0.3533333333
0.9900000000 0.3500000000
0.9900000000 0.3466666667
0.9896666667 0.3436666667
0.9896666667 0.3403333333
0.9890000000 0.3376666667
0.9886666667 0.3346666667
0.9886666667 0.3313333333
0.9883333333 0.3283333333
0.9883333333 0.3250000000
0.9880000000 0.3220000000
0.9873333333 0.3193333333
0.9870000000 0.3163333333
0.9866666667 0.3133333333
0.9863333333 0.3103333333
0.9860000000 0.3073333333
0.9856666667 0.3043333333
0.9856666667 0.3010000000
0.9853333333 0.2980000000
0.9853333333 0.2946666667
0.9853333333 0.2913333333
0.9850000000 0.2883333333
0.9846666667 0.2853333333
0.9840000000 0.2826666667
0.9833333333 0.2800000000
0.9830000000 0.2770000000
0.9826666667 0.2740000000
0.9826666667 0.2706666667
0.9823333333 0.2676666667
0.9816666667 0.2650000000
0.9813333333 0.2620000000
0.9813333333 0.2586666667
0.9810000000 0.2556666667
0.9803333333 0.2530000000
0.9793333333 0.2506666667
0.9793333333 0.2473333333
0.9793333333 0.2440000000
0.9790000000 0.2410000000
0.9790000000 0.2376666667
0.9786666667 0.2346666667
0.9786666667 0.2313333333
0.9776666667 0.2290000000
0.9766666667 0.2266666667
0.9763333333 0.2236666667
0.9763333333 0.2203333333
0.9756666667 0.2176666667
0.9753333333 0.2146666667
0.9746666667 0.2120000000
0.9743333333 0.2090000000
0.9740000000 0.2060000000
0.9733333333 0.2033333333
0.9730000000 0.2003333333
0.9720000000 0.1980000000
0.9710000000 0.1956666667
0.9710000000 0.1923333333
0.9710000000 0.1890000000
0.9703333333 0.1863333333
0.9703333333 0.1830000000
0.9703333333 0.1796666667
0.9696666667 0.1770000000
0.9686666667 0.1746666667
0.9676666667 0.1723333333
0.9663333333 0.1703333333
0.9656666667 0.1676666667
0.9650000000 0.1650000000
0.9646666667 0.1620000000
0.9630000000 0.1603333333
0.9626666667 0.1573333333
0.9616666667 0.1550000000
0.9610000000 0.1523333333
0.9603333333 0.1496666667
0.9593333333 0.1473333333
0.9583333333 0.1450000000
0.9576666667 0.1423333333
0.9566666667 0.1400000000
0.9563333333 0.1370000000
0.9556666667 0.1343333333
0.9543333333 0.1323333333
0.9533333333 0.1300000000
0.9530000000 0.1270000000
0.9520000000 0.1246666667
0.9516666667 0.1216666667
0.9510000000 0.1190000000
0.9506666667 0.1160000000
0.9500000000 0.1133333333
0.9493333333 0.1106666667
0.9486666667 0.1080000000
0.9470000000 0.1063333333
0.9460000000 0.1040000000
0.9446666667 0.1020000000
0.9440000000 0.0993333333
0.9426666667 0.0973333333
0.9420000000 0.0946666667
0.9400000000 0.0933333333
0.9383333333 0.0916666667
0.9373333333 0.0893333333
0.9363333333 0.0870000000
0.9356666667 0.0843333333
0.9350000000 0.0816666667
0.9343333333 0.0790000000
0.9336666667 0.0763333333
0.9326666667 0.0740000000
0.9313333333 0.0720000000
0.9300000000 0.0700000000
0.9290000000 0.0676666667
0.9280000000 0.0653333333
0.9256666667 0.0643333333
0.9243333333 0.0623333333
0.9226666667 0.0606666667
0.9210000000 0.0590000000
0.9200000000 0.0566666667
0.9180000000 0.0553333333
0.9160000000 0.0540000000
0.9133333333 0.0533333333
0.9110000000 0.0523333333
0.9096666667 0.0503333333
0.9080000000 0.0486666667
0.9056666667 0.0476666667
0.9050000000 0.0450000000
0.9030000000 0.0436666667
0.9006666667 0.0426666667
0.8983333333 0.0416666667
0.8953333333 0.0413333333
0.8920000000 0.0413333333
0.8900000000 0.0400000000
0.8873333333 0.0393333333
0.8850000000 0.0383333333
0.8833333333 0.0366666667
0.8810000000 0.0356666667
0.8783333333 0.0350000000
0.8756666667 0.0343333333
0.8740000000 0.0326666667
0.8720000000 0.0313333333
0.8700000000 0.0300000000
0.8676666667 0.0290000000
0.8653333333 0.0280000000
0.8626666667 0.0273333333
0.8603333333 0.0263333333
0.8580000000 0.0253333333
0.8553333333 0.0246666667
0.8526666667 0.0240000000
0.8503333333 0.0230000000
0.8473333333 0.0226666667
0.8450000000 0.0216666667
0.8420000000 0.0213333333
0.8390000000 0.0210000000
0.8366666667 0.0200000000
0.8336666667 0.0196666667
0.8316666667 0.0183333333
0.8286666667 0.0180000000
0.8253333333 0.0180000000
0.8220000000 0.0180000000
0.8193333333 0.0173333333
0.8166666667 0.0166666667
0.8136666667 0.0163333333
0.8113333333 0.0153333333
0.8090000000 0.0143333333
0.8066666667 0.0133333333
0.8036666667 0.0130000000
0.8006666667 0.0126666667
0.7976666667 0.0123333333
0.7943333333 0.0123333333
0.7920000000 0.0113333333
0.7886666667 0.0113333333
0.7853333333 0.0113333333
0.7823333333 0.0110000000
0.7790000000 0.0110000000
0.7756666667 0.0110000000
0.7726666667 0.0106666667
0.7693333333 0.0106666667
0.7660000000 0.0106666667
0.7630000000 0.0103333333
0.7603333333 0.0096666667
0.7573333333 0.0093333333
0.7540000000 0.0093333333
0.7506666667 0.0093333333
0.7473333333 0.0093333333
0.7440000000 0.0093333333
0.7410000000 0.0090000000
0.7383333333 0.0083333333
0.7350000000 0.0083333333
0.7320000000 0.0080000000
0.7290000000 0.0076666667
0.7256666667 0.0076666667
0.7223333333 0.0076666667
0.7196666667 0.0070000000
0.7166666667 0.0066666667
0.7136666667 0.0063333333
0.7106666667 0.0060000000
0.7076666667 0.0056666667
0.7046666667 0.0053333333
0.7020000000 0.0046666667
0.6993333333 0.0040000000
0.6960000000 0.0040000000
0.6930000000 0.0036666667
0.6896666667 0.0036666667
0.6866666667 0.0033333333
0.6833333333 0.0033333333
0.6800000000 0.0033333333
0.6766666667 0.0033333333
0.6740000000 0.0026666667
0.6706666667 0.0026666667
0.6673333333 0.0026666667
0.6640000000 0.0026666667
0.6606666667 0.0026666667
0.6580000000 0.0020000000
0.6546666667 0.0020000000
0.6513333333 0.0020000000
0.6483333333 0.0016666667
0.6456666667 0.0010000000
0.6423333333 0.0010000000
0.6390000000 0.0010000000
0.6356666667 0.0010000000
0.6323333333 0.0010000000
0.6290000000 0.0010000000
0.6260000000 0.0006666667
0.6226666667 0.0006666667
0.6193333333 0.0006666667
0.6160000000 0.0006666667
0.6126666667 0.0006666667
0.6093333333 0.0006666667
0.6060000000 0.0006666667
0.6026666667 0.0006666667
0.5993333333 0.0006666667
0.5960000000 0.0006666667
0.5926666667 0.0006666667
0.5893333333 0.0006666667
0.5860000000 0.0006666667
0.5826666667 0.0006666667
0.5793333333 0.0006666667
0.5760000000 0.0006666667
0.5726666667 0.0006666667
0.5693333333 0.0006666667
0.5660000000 0.0006666667
0.5626666667 0.0006666667
0.5593333333 0.0006666667
0.5560000000 0.0006666667
0.5526666667 0.0006666667
0.5493333333 0.0006666667
0.5460000000 0.0006666667
0.5426666667 0.0006666667
0.5393333333 0.0006666667
0.5360000000 0.0006666667
0.5326666667 0.0006666667
0.5293333333 0.0006666667
0.5260000000 0.0006666667
0.5226666667 0.0006666667
0.5193333333 0.0006666667
0.5160000000 0.0006666667
0.5126666667 0.0006666667
0.5093333333 0.0006666667
0.5063333333 0.0003333333
0.5030000000 0.0003333333
0.4996666667 0.0003333333
0.4963333333 0.0003333333
0.4930000000 0.0003333333
0.4896666667 0.0003333333
0.4863333333 0.0003333333
0.4830000000 0.0003333333
0.4796666667 0.0003333333
0.4763333333 0.0003333333
0.4733333333 0.0000000000
0.4700000000 0.0000000000
0.4666666667 0.0000000000
0.4633333333 0.0000000000
0.4600000000 0.0000000000
0.4566666667 0.0000000000
0.4533333333 0.0000000000
0.4500000000 0.0000000000
0.4466666667 0.0000000000
0.4433333333 0.0000000000
0.4400000000 0.0000000000
0.4366666667 0.0000000000
0.4333333333 0.0000000000
0.4300000000 0.0000000000
0.4266666667 0.0000000000
0.4233333333 0.0000000000
0.4200000000 0.0000000000
0.4166666667 0.0000000000
0.4133333333 0.0000000000
0.4100000000 0.0000000000
0.4066666667 0.0000000000
0.4033333333 0.0000000000
0.4000000000 0.0000000000
0.3966666667 0.0000000000
0.3933333333 0.0000000000
0.3900000000 0.0000000000
0.3866666667 0.0000000000
0.3833333333 0.0000000000
0.3800000000 0.0000000000
0.3766666667 0.0000000000
0.3733333333 0.0000000000
0.3700000000 0.0000000000
0.3666666667 0.0000000000
0.3633333333 0.0000000000
0.3600000000 0.0000000000
0.3566666667 0.0000000000
0.3533333333 0.0000000000
0.3500000000 0.0000000000
0.3466666667 0.0000000000
0.3433333333 0.0000000000
0.3400000000 0.0000000000
0.3366666667 0.0000000000
0.3333333333 0.0000000000
0.3300000000 0.0000000000
0.3266666667 0.0000000000
0.3233333333 0.0000000000
0.3200000000 0.0000000000
0.3166666667 0.0000000000
0.3133333333 0.0000000000
0.3100000000 0.0000000000
0.3066666667 0.0000000000
0.3033333333 0.0000000000
0.3000000000 0.0000000000
0.2966666667 0.0000000000
0.2933333333 0.0000000000
0.2900000000 0.0000000000
0.2866666667 0.0000000000
0.2833333333 0.0000000000
0.2800000000 0.0000000000
0.2766666667 0.0000000000
0.2733333333 0.0000000000
0.2700000000 0.0000000000
0.2666666667 0.0000000000
0.2633333333 0.0000000000
0.2600000000 0.0000000000
0.2566666667 0.0000000000
0.2533333333 0.0000000000
0.2500000000 0.0000000000
0.2466666667 0.0000000000
0.2433333333 0.0000000000
0.2400000000 0.0000000000
0.2366666667 0.0000000000
0.2333333333 0.0000000000
0.2300000000 0.0000000000
0.2266666667 0.0000000000
0.2233333333 0.0000000000
0.2200000000 0.0000000000
0.2166666667 0.0000000000
0.2133333333 0.0000000000
0.2100000000 0.0000000000
0.2066666667 0.0000000000
0.2033333333 0.0000000000
0.2000000000 0.0000000000
0.1966666667 0.0000000000
0.1933333333 0.0000000000
0.1900000000 0.0000000000
0.1866666667 0.0000000000
0.1833333333 0.0000000000
0.1800000000 0.0000000000
0.1766666667 0.0000000000
0.1733333333 0.0000000000
0.1700000000 0.0000000000
0.1666666667 0.0000000000
0.1633333333 0.0000000000
0.1600000000 0.0000000000
0.1566666667 0.0000000000
0.1533333333 0.0000000000
0.1500000000 0.0000000000
0.1466666667 0.0000000000
0.1433333333 0.0000000000
0.1400000000 0.0000000000
0.1366666667 0.0000000000
0.1333333333 0.0000000000
0.1300000000 0.0000000000
0.1266666667 0.0000000000
0.1233333333 0.0000000000
0.1200000000 0.0000000000
0.1166666667 0.0000000000
0.1133333333 0.0000000000
0.1100000000 0.0000000000
0.1066666667 0.0000000000
0.1033333333 0.0000000000
0.1000000000 0.0000000000
0.0966666667 0.0000000000
0.0933333333 0.0000000000
0.0900000000 0.0000000000
0.0866666667 0.0000000000
0.0833333333 0.0000000000
0.0800000000 0.0000000000
0.0766666667 0.0000000000
0.0733333333 0.0000000000
0.0700000000 0.0000000000
0.0666666667 0.0000000000
0.0633333333 0.0000000000
0.0600000000 0.0000000000
0.0566666667 0.0000000000
0.0533333333 0.0000000000
0.0500000000 0.0000000000
0.0466666667 0.0000000000
0.0433333333 0.0000000000
0.0400000000 0.0000000000
0.0366666667 0.0000000000
0.0333333333 0.0000000000
0.0300000000 0.0000000000
0.0266666667 0.0000000000
0.0233333333 0.0000000000
0.0200000000 0.0000000000
0.0166666667 0.0000000000
0.0133333333 0.0000000000
0.0100000000 0.0000000000
0.0066666667 0.0000000000
0.0033333333 0.0000000000
0.0000000000 0.0000000000
