0 0
0.00333 0
0.00667 0
0.01 0
0.0133 0
0.0167 0
0.02 0
0.0233 0
0.0267 0
0.03 0
0.0333 0
0.0367 0
0.04 0
0.0433 0
0.0467 0
0.05 0
0.0533 0
0.0567 0
0.06 0
0.0633 0
0.0667 0
0.07 0
0.0733 0
0.0767 0
0.08 0
0.0833 0
0.0867 0
0.09 0
0.0933 0
0.0967 0
0.1 0
0.103 0
0.107 0
0.11 0
0.113 0
0.117 0
0.12 0
0.123 0
0.127 0
0.13 0
0.133 0
0.137 0
0.14 0
0.143 0
0.147 0
0.15 0
0.153 0
0.157 0
0.16 0
0.163 0
0.167 0
0.17 0
0.173 0
0.177 0
0.18 0
0.183 0
0.187 0
0.19 0
0.193 0
0.197 0
0.2 0
0.203 0
0.207 0
0.21 0
0.213 0
0.217 0
0.22 0
0.223 0
0.227 0
0.23 0
0.233 0
0.237 0
0.24 0
0.243 0
0.247 0
0.25 0
0.253 0
0.257 0
0.26 0
0.263 0
0.267 0
0.27 0
0.273 0
0.277 0
0.28 0.000333
0.283 0.000333
0.286 0.000333
0.29 0.000333
0.293 0.000333
0.296 0.000333
0.3 0.000333
0.303 0.000333
0.306 0.000333
0.309 0.000667
0.313 0.000667
0.316 0.000667
0.319 0.000667
0.323 0.000667
0.326 0.000667
0.329 0.001
0.332 0.001
0.336 0.001
0.339 0.001
0.342 0.001
0.346 0.001
0.349 0.001
0.352 0.001
0.356 0.001
0.359 0.001
0.362 0.001
0.366 0.001
0.369 0.001
0.372 0.001
0.376 0.001
0.379 0.001
0.382 0.001
0.386 0.001
0.389 0.001
0.392 0.001
0.396 0.001
0.399 0.00133
0.402 0.00167
0.405 0.00167
0.408 0.00167
0.412 0.00167
0.415 0.002
0.418 0.002
0.421 0.002
0.425 0.002
0.428 0.002
0.431 0.002
0.435 0.002
0.438 0.002
0.441 0.002
0.445 0.002
0.448 0.00233
0.451 0.00233
0.454 0.00233
0.458 0.00233
0.461 0.00233
0.464 0.00233
0.468 0.00233
0.471 0.00233
0.474 0.00233
0.478 0.00233
0.481 0.00233
0.484 0.00233
0.487 0.00267
0.49 0.003
0.494 0.003
0.496 0.00367
0.5 0.00367
0.503 0.004
0.506 0.004
0.508 0.005
0.511 0.00533
0.515 0.00533
0.518 0.00567
0.52 0.00633
0.523 0.00667
0.527 0.00667
0.53 0.00667
0.533 0.00667
0.537 0.00667
0.54 0.00667
0.542 0.00767
0.545 0.00833
0.548 0.00833
0.552 0.00833
0.555 0.00867
0.558 0.00867
0.561 0.00867
0.565 0.00867
0.568 0.00867
0.571 0.009
0.574 0.00933
0.577 0.00967
0.58 0.01
0.583 0.0103
0.586 0.0107
0.589 0.011
0.592 0.0113
0.595 0.0113
0.597 0.0127
0.6 0.013
0.604 0.013
0.607 0.0133
0.61 0.0137
0.613 0.014
0.616 0.014
0.619 0.0147
0.621 0.0153
0.624 0.0157
0.627 0.016
0.63 0.0167
0.633 0.0173
0.635 0.018
0.638 0.0183
0.641 0.019
0.644 0.0197
0.647 0.02
0.65 0.02
0.653 0.0203
0.656 0.0207
0.658 0.0217
0.661 0.0223
0.664 0.023
0.666 0.024
0.669 0.0243
0.671 0.0253
0.674 0.026
0.677 0.0263
0.68 0.0263
0.684 0.0263
0.686 0.0273
0.689 0.0277
0.691 0.0287
0.694 0.029
0.697 0.03
0.699 0.031
0.701 0.032
0.704 0.0327
0.707 0.0333
0.709 0.034
0.712 0.035
0.714 0.0357
0.716 0.037
0.719 0.0377
0.721 0.0393
0.722 0.0413
0.724 0.0427
0.727 0.0433
0.729 0.0443
0.732 0.0443
0.735 0.0453
0.736 0.047
0.739 0.048
0.74 0.0497
0.743 0.0507
0.745 0.0513
0.747 0.0527
0.749 0.054
0.751 0.0553
0.753 0.0567
0.755 0.058
0.758 0.0583
0.761 0.059
0.763 0.0607
0.764 0.0627
0.766 0.0643
0.768 0.0657
0.77 0.0667
0.772 0.0683
0.775 0.0687
0.777 0.0693
0.779 0.0713
0.781 0.0727
0.782 0.075
0.784 0.0763
0.785 0.0783
0.787 0.08
0.788 0.0817
0.79 0.083
0.792 0.085
0.794 0.0863
0.796 0.0877
0.797 0.0897
0.799 0.0913
0.801 0.0923
0.802 0.0947
0.804 0.0957
0.806 0.0977
0.808 0.0987
0.809 0.101
0.811 0.103
0.812 0.105
0.813 0.107
0.816 0.107
0.817 0.109
0.819 0.111
0.82 0.113
0.822 0.115
0.823 0.117
0.825 0.119
0.825 0.121
0.827 0.123
0.828 0.126
0.83 0.126
0.832 0.128
0.833 0.13
0.834 0.133
0.836 0.134
0.837 0.136
0.839 0.137
0.841 0.139
0.842 0.141
0.844 0.143
0.845 0.145
0.847 0.146
0.848 0.149
0.849 0.151
0.85 0.153
0.852 0.155
0.853 0.157
0.853 0.16
0.855 0.162
0.856 0.164
0.857 0.166
0.859 0.168
0.86 0.17
0.861 0.173
0.862 0.175
0.863 0.177
0.863 0.18
0.864 0.183
0.865 0.185
0.866 0.188
0.866 0.19
0.869 0.191
0.869 0.194
0.87 0.197
0.871 0.199
0.872 0.202
0.872 0.204
0.873 0.207
0.874 0.21
0.875 0.212
0.876 0.214
0.877 0.216
0.879 0.218
0.88 0.22
0.881 0.223
0.882 0.225
0.882 0.228
0.883 0.23
0.885 0.231
0.887 0.233
0.888 0.235
0.89 0.237
0.891 0.239
0.892 0.241
0.893 0.243
0.894 0.246
0.895 0.248
0.896 0.251
0.896 0.254
0.898 0.256
0.899 0.258
0.9 0.26
0.901 0.262
0.902 0.265
0.904 0.266
0.906 0.268
0.906 0.271
0.907 0.273
0.907 0.276
0.908 0.279
0.909 0.281
0.909 0.284
0.91 0.287
0.911 0.289
0.913 0.291
0.913 0.294
0.913 0.297
0.914 0.3
0.914 0.303
0.915 0.305
0.916 0.307
0.917 0.31
0.917 0.313
0.918 0.316
0.919 0.317
0.92 0.32
0.92 0.323
0.921 0.326
0.922 0.328
0.922 0.331
0.923 0.333
0.924 0.336
0.924 0.339
0.925 0.341
0.926 0.344
0.927 0.347
0.928 0.349
0.929 0.351
0.929 0.354
0.929 0.357
0.93 0.36
0.931 0.363
0.931 0.365
0.932 0.368
0.933 0.37
0.934 0.373
0.936 0.374
0.936 0.377
0.937 0.379
0.937 0.383
0.938 0.386
0.939 0.388
0.94 0.39
0.94 0.393
0.94 0.396
0.94 0.4
0.941 0.403
0.941 0.406
0.942 0.408
0.942 0.411
0.942 0.415
0.943 0.417
0.943 0.42
0.943 0.423
0.944 0.426
0.944 0.429
0.945 0.432
0.945 0.435
0.946 0.438
0.946 0.441
0.946 0.444
0.947 0.447
0.947 0.45
0.947 0.453
0.947 0.456
0.948 0.459
0.948 0.462
0.948 0.465
0.948 0.468
0.949 0.471
0.949 0.474
0.95 0.477
0.951 0.479
0.951 0.482
0.951 0.485
0.952 0.488
0.952 0.491
0.953 0.494
0.953 0.497
0.954 0.5
0.954 0.502
0.954 0.506
0.954 0.509
0.955 0.512
0.955 0.515
0.956 0.518
0.956 0.521
0.956 0.524
0.957 0.526
0.958 0.529
0.958 0.532
0.959 0.534
0.959 0.537
0.959 0.541
0.959 0.544
0.96 0.547
0.96 0.55
0.96 0.553
0.96 0.556
0.961 0.559
0.961 0.563
0.961 0.565
0.963 0.567
0.963 0.571
0.963 0.574
0.963 0.577
0.964 0.579
0.964 0.582
0.965 0.585
0.965 0.588
0.966 0.591
0.966 0.594
0.966 0.597
0.966 0.6
0.967 0.603
0.967 0.606
0.967 0.61
0.967 0.613
0.968 0.616
0.968 0.619
0.969 0.621
0.969 0.624
0.969 0.628
0.97 0.63
0.97 0.633
0.971 0.636
0.972 0.638
0.972 0.641
0.972 0.644
0.973 0.647
0.973 0.651
0.973 0.653
0.973 0.657
0.974 0.659
0.975 0.661
0.976 0.664
0.977 0.667
0.977 0.67
0.977 0.673
0.977 0.676
0.978 0.679
0.978 0.682
0.979 0.684
0.979 0.687
0.979 0.691
0.98 0.694
0.98 0.697
0.981 0.699
0.981 0.703
0.981 0.706
0.981 0.709
0.981 0.712
0.981 0.715
0.982 0.718
0.983 0.721
0.983 0.723
0.984 0.726
0.985 0.728
0.986 0.731
0.987 0.733
0.987 0.736
0.987 0.74
0.988 0.742
0.988 0.745
0.988 0.749
0.988 0.752
0.989 0.755
0.989 0.757
0.989 0.761
0.989 0.764
0.99 0.767
0.991 0.769
0.991 0.772
0.991 0.775
0.991 0.779
0.991 0.782
0.992 0.785
0.992 0.788
0.992 0.791
0.992 0.795
0.993 0.797
0.993 0.8
0.993 0.804
0.993 0.807
0.994 0.81
0.994 0.813
0.994 0.816
0.994 0.82
0.994 0.823
0.994 0.826
0.994 0.829
0.994 0.833
0.994 0.836
0.994 0.839
0.994 0.843
0.995 0.845
0.995 0.849
0.995 0.852
0.995 0.855
0.995 0.858
0.995 0.862
0.995 0.865
0.996 0.867
0.997 0.87
0.997 0.873
0.997 0.876
0.997 0.88
0.997 0.883
0.997 0.886
0.997 0.889
0.997 0.893
0.997 0.896
0.998 0.899
0.998 0.902
0.998 0.906
0.998 0.909
0.998 0.912
0.998 0.915
0.998 0.919
0.998 0.922
0.998 0.925
0.999 0.928
0.999 0.931
0.999 0.935
0.999 0.938
0.999 0.941
0.999 0.945
0.999 0.948
0.999 0.951
0.999 0.954
0.999 0.957
0.999 0.961
0.999 0.964
1 0.967
1 0.97
1 0.973
1 0.977
1 0.98
1 0.983
1 0.987
1 0.99
1 0.993
1 0.997
1 1
