1.000000 1.000000
0.978063 0.765878
0.953763 0.599662
0.931151 0.470608
0.906176 0.373986
0.886601 0.296622
0.861627 0.229392
0.842389 0.182432
0.823152 0.145946
0.800540 0.112500
0.776578 0.089189
0.759028 0.073986
0.743503 0.059797
0.727978 0.051689
0.710766 0.043243
0.701316 0.033784
0.685791 0.027365
0.671617 0.021959
0.657442 0.016892
0.642592 0.014189
0.630442 0.012162
0.613905 0.009459
0.600405 0.007770
0.590618 0.006757
0.575768 0.004730
0.566655 0.004392
0.556193 0.003716
0.547418 0.003041
0.536281 0.002703
0.527506 0.002365
0.512994 0.002365
0.502194 0.001351
0.491731 0.001351
0.482281 0.000676
0.473844 0.000676
0.464057 0.000676
0.458319 0.000676
0.449544 0.000676
0.439082 0.000676
0.433007 0.000338
0.423895 0.000338
0.414107 0.000338
0.398583 0.000338
0.386095 0.000338
0.374283 0.000000
0.359771 0.000000
0.351671 0.000000
0.341208 0.000000
0.331421 0.000000
0.326021 0.000000
0.314209 0.000000
0.304759 0.000000
0.295309 0.000000
0.287546 0.000000
0.279447 0.000000
0.268309 0.000000
0.259197 0.000000
0.251097 0.000000
0.242322 0.000000
0.237597 0.000000
0.231860 0.000000
0.220722 0.000000
0.217010 0.000000
0.209922 0.000000
0.203172 0.000000
0.198110 0.000000
0.191698 0.000000
0.187648 0.000000
0.182923 0.000000
0.179548 0.000000
0.175835 0.000000
0.171448 0.000000
0.163010 0.000000
0.159973 0.000000
0.157948 0.000000
0.154573 0.000000
0.152886 0.000000
0.149173 0.000000
0.145123 0.000000
0.140061 0.000000
0.137023 0.000000
0.133311 0.000000
0.131286 0.000000
0.126223 0.000000
0.123523 0.000000
0.120486 0.000000
0.116436 0.000000
0.113399 0.000000
0.112386 0.000000
0.109011 0.000000
0.106986 0.000000
0.104961 0.000000
0.104286 0.000000
0.103611 0.000000
0.100911 0.000000
0.100574 0.000000
0.098211 0.000000
0.096186 0.000000
0.091124 0.000000
0.084374 0.000000
0.000000 0.000000
