1.0000000000 0.9966666667
1.0000000000 0.9933333333
1.0000000000 0.9900000000
1.0000000000 0.9866666667
1.0000000000 0.9833333333
1.0000000000 0.9800000000
1.0000000000 0.9766666667
1.0000000000 0.9733333333
1.0000000000 0.9700000000
1.0000000000 0.9666666667
1.0000000000 0.9633333333
1.0000000000 0.9600000000
1.0000000000 0.9566666667
1.0000000000 0.9533333333
1.0000000000 0.9500000000
1.0000000000 0.9466666667
1.0000000000 0.9433333333
1.0000000000 0.9400000000
1.0000000000 0.9366666667
1.0000000000 0.9333333333
1.0000000000 0.9300000000
1.0000000000 0.9266666667
1.0000000000 0.9233333333
1.0000000000 0.9200000000
1.0000000000 0.9166666667
1.0000000000 0.9133333333
1.0000000000 0.9100000000
1.0000000000 0.9066666667
1.0000000000 0.9033333333
1.0000000000 0.9000000000
1.0000000000 0.8966666667
1.0000000000 0.8933333333
1.0000000000 0.8900000000
1.0000000000 0.8866666667
1.0000000000 0.8833333333
1.0000000000 0.8800000000
1.0000000000 0.8766666667
1.0000000000 0.8733333333
1.0000000000 0.8700000000
1.0000000000 0.8666666667
1.0000000000 0.8633333333
1.0000000000 0.8600000000
1.0000000000 0.8566666667
1.0000000000 0.8533333333
1.0000000000 0.8500000000
1.0000000000 0.8466666667
1.0000000000 0.8433333333
1.0000000000 0.8400000000
1.0000000000 0.8366666667
1.0000000000 0.8333333333
1.0000000000 0.8300000000
1.0000000000 0.8266666667
1.0000000000 0.8233333333
1.0000000000 0.8200000000
1.0000000000 0.8166666667
1.0000000000 0.8133333333
1.0000000000 0.8100000000
1.0000000000 0.8066666667
0.9996666667 0.8036666667
0.9996666667 0.8003333333
0.9996666667 0.7970000000
0.9996666667 0.7936666667
0.9993333333 0.7906666667
0.9993333333 0.7873333333
0.9993333333 0.7840000000
0.9993333333 0.7806666667
0.9990000000 0.7776666667
0.9990000000 0.7743333333
0.9986666667 0.7713333333
0.9986666667 0.7680000000
0.9986666667 0.7646666667
0.9986666667 0.7613333333
0.9986666667 0.7580000000
0.9986666667 0.7546666667
0.9986666667 0.7513333333
0.9986666667 0.7480000000
0.9986666667 0.7446666667
0.9986666667 0.7413333333
0.9986666667 0.7380000000
0.9986666667 0.7346666667
0.9986666667 0.7313333333
0.9986666667 0.7280000000
0.9986666667 0.7246666667
0.9986666667 0.7213333333
0.9983333333 0.7183333333
0.9976666667 0.7156666667
0.9976666667 0.7123333333
0.9976666667 0.7090000000
0.9976666667 0.7056666667
0.9976666667 0.7023333333
0.9976666667 0.6990000000
0.9976666667 0.6956666667
0.9973333333 0.6926666667
0.9973333333 0.6893333333
0.9973333333 0.6860000000
0.9973333333 0.6826666667
0.9973333333 0.6793333333
0.9973333333 0.6760000000
0.9970000000 0.6730000000
0.9970000000 0.6696666667
0.9970000000 0.6663333333
0.9970000000 0.6630000000
0.9966666667 0.6600000000
0.9966666667 0.6566666667
0.9966666667 0.6533333333
0.9966666667 0.6500000000
0.9966666667 0.6466666667
0.9966666667 0.6433333333
0.9966666667 0.6400000000
0.9963333333 0.6370000000
0.9963333333 0.6336666667
0.9963333333 0.6303333333
0.9963333333 0.6270000000
0.9963333333 0.6236666667
0.9960000000 0.6206666667
0.9960000000 0.6173333333
0.9960000000 0.6140000000
0.9960000000 0.6106666667
0.9960000000 0.6073333333
0.9960000000 0.6040000000
0.9960000000 0.6006666667
0.9960000000 0.5973333333
0.9960000000 0.5940000000
0.9960000000 0.5906666667
0.9960000000 0.5873333333
0.9960000000 0.5840000000
0.9960000000 0.5806666667
0.9960000000 0.5773333333
0.9956666667 0.5743333333
0.9956666667 0.5710000000
0.9953333333 0.5680000000
0.9953333333 0.5646666667
0.9953333333 0.5613333333
0.9953333333 0.5580000000
0.9950000000 0.5550000000
0.9950000000 0.5516666667
0.9950000000 0.5483333333
0.9946666667 0.5453333333
0.9943333333 0.5423333333
0.9940000000 0.5393333333
0.9940000000 0.5360000000
0.9936666667 0.5330000000
0.9933333333 0.5300000000
0.9930000000 0.5270000000
0.9930000000 0.5236666667
0.9926666667 0.5206666667
0.9926666667 0.5173333333
0.9926666667 0.5140000000
0.9923333333 0.5110000000
0.9923333333 0.5076666667
0.9923333333 0.5043333333
0.9923333333 0.5010000000
0.9920000000 0.4980000000
0.9920000000 0.4946666667
0.9913333333 0.4920000000
0.9910000000 0.4890000000
0.9910000000 0.4856666667
0.9910000000 0.4823333333
0.9910000000 0.4790000000
0.9910000000 0.4756666667
0.9910000000 0.4723333333
0.9910000000 0.4690000000
0.9906666667 0.4660000000
0.9903333333 0.4630000000
0.9900000000 0.4600000000
0.9896666667 0.4570000000
0.9896666667 0.4536666667
0.9896666667 0.4503333333
0.9896666667 0.4470000000
0.9896666667 0.4436666667
0.9896666667 0.4403333333
0.9896666667 0.4370000000
0.9893333333 0.4340000000
0.9890000000 0.4310000000
0.9890000000 0.4276666667
0.9880000000 0.4253333333
0.9880000000 0.4220000000
0.9880000000 0.4186666667
0.9880000000 0.4153333333
0.9876666667 0.4123333333
0.9873333333 0.4093333333
0.9873333333 0.4060000000
0.9870000000 0.4030000000
0.9866666667 0.4000000000
0.9863333333 0.3970000000
0.9860000000 0.3940000000
0.9853333333 0.3913333333
0.9853333333 0.3880000000
0.9850000000 0.3850000000
0.9850000000 0.3816666667
0.9850000000 0.3783333333
0.9846666667 0.3753333333
0.9846666667 0.3720000000
0.9843333333 0.3690000000
0.9840000000 0.3660000000
0.9836666667 0.3630000000
0.9836666667 0.3596666667
0.9833333333 0.3566666667
0.9830000000 0.3536666667
0.9830000000 0.3503333333
0.9826666667 0.3473333333
0.9826666667 0.3440000000
0.9823333333 0.3410000000
0.9820000000 0.3380000000
0.9816666667 0.3350000000
0.9810000000 0.3323333333
0.9803333333 0.3296666667
0.9796666667 0.3270000000
0.9790000000 0.3243333333
0.9783333333 0.3216666667
0.9773333333 0.3193333333
0.9773333333 0.3160000000
0.9770000000 0.3130000000
0.9763333333 0.3103333333
0.9760000000 0.3073333333
0.9760000000 0.3040000000
0.9753333333 0.3013333333
0.9743333333 0.2990000000
0.9740000000 0.2960000000
0.9733333333 0.2933333333
0.9730000000 0.2903333333
0.9726666667 0.2873333333
0.9716666667 0.2850000000
0.9713333333 0.2820000000
0.9703333333 0.2796666667
0.9700000000 0.2766666667
0.9693333333 0.2740000000
0.9693333333 0.2706666667
0.9690000000 0.2676666667
0.9683333333 0.2650000000
0.9680000000 0.2620000000
0.9670000000 0.2596666667
0.9670000000 0.2563333333
0.9670000000 0.2530000000
0.9663333333 0.2503333333
0.9656666667 0.2476666667
0.9656666667 0.2443333333
0.9650000000 0.2416666667
0.9640000000 0.2393333333
0.9633333333 0.2366666667
0.9620000000 0.2346666667
0.9616666667 0.2316666667
0.9610000000 0.2290000000
0.9603333333 0.2263333333
0.9596666667 0.2236666667
0.9586666667 0.2213333333
0.9583333333 0.2183333333
0.9573333333 0.2160000000
0.9563333333 0.2136666667
0.9563333333 0.2103333333
0.9556666667 0.2076666667
0.9553333333 0.2046666667
0.9543333333 0.2023333333
0.9536666667 0.1996666667
0.9526666667 0.1973333333
0.9513333333 0.1953333333
0.9510000000 0.1923333333
0.9506666667 0.1893333333
0.9503333333 0.1863333333
0.9500000000 0.1833333333
0.9496666667 0.1803333333
0.9496666667 0.1770000000
0.9480000000 0.1753333333
0.9470000000 0.1730000000
0.9456666667 0.1710000000
0.9456666667 0.1676666667
0.9450000000 0.1650000000
0.9446666667 0.1620000000
0.9433333333 0.1600000000
0.9433333333 0.1566666667
0.9426666667 0.1540000000
0.9413333333 0.1520000000
0.9390000000 0.1510000000
0.9373333333 0.1493333333
0.9366666667 0.1466666667
0.9363333333 0.1436666667
0.9350000000 0.1416666667
0.9336666667 0.1396666667
0.9316666667 0.1383333333
0.9303333333 0.1363333333
0.9300000000 0.1333333333
0.9286666667 0.1313333333
0.9273333333 0.1293333333
0.9263333333 0.1270000000
0.9260000000 0.1240000000
0.9253333333 0.1213333333
0.9243333333 0.1190000000
0.9230000000 0.1170000000
0.9220000000 0.1146666667
0.9193333333 0.1140000000
0.9180000000 0.1120000000
0.9170000000 0.1096666667
0.9160000000 0.1073333333
0.9160000000 0.1040000000
0.9153333333 0.1013333333
0.9133333333 0.1000000000
0.9123333333 0.0976666667
0.9110000000 0.0956666667
0.9090000000 0.0943333333
0.9083333333 0.0916666667
0.9066666667 0.0900000000
0.9043333333 0.0890000000
0.9033333333 0.0866666667
0.9026666667 0.0840000000
0.9003333333 0.0830000000
0.8993333333 0.0806666667
0.8973333333 0.0793333333
0.8970000000 0.0763333333
0.8950000000 0.0750000000
0.8933333333 0.0733333333
0.8920000000 0.0713333333
0.8903333333 0.0696666667
0.8886666667 0.0680000000
0.8863333333 0.0670000000
0.8850000000 0.0650000000
0.8833333333 0.0633333333
0.8816666667 0.0616666667
0.8796666667 0.0603333333
0.8773333333 0.0593333333
0.8756666667 0.0576666667
0.8740000000 0.0560000000
0.8720000000 0.0546666667
0.8700000000 0.0533333333
0.8676666667 0.0523333333
0.8656666667 0.0510000000
0.8640000000 0.0493333333
0.8623333333 0.0476666667
0.8600000000 0.0466666667
0.8583333333 0.0450000000
0.8556666667 0.0443333333
0.8530000000 0.0436666667
0.8500000000 0.0433333333
0.8473333333 0.0426666667
0.8453333333 0.0413333333
0.8426666667 0.0406666667
0.8396666667 0.0403333333
0.8380000000 0.0386666667
0.8366666667 0.0366666667
0.8350000000 0.0350000000
0.8320000000 0.0346666667
0.8296666667 0.0336666667
0.8283333333 0.0316666667
0.8260000000 0.0306666667
0.8236666667 0.0296666667
0.8213333333 0.0286666667
0.8190000000 0.0276666667
0.8166666667 0.0266666667
0.8133333333 0.0266666667
0.8110000000 0.0256666667
0.8083333333 0.0250000000
0.8053333333 0.0246666667
0.8030000000 0.0236666667
0.8006666667 0.0226666667
0.7986666667 0.0213333333
0.7960000000 0.0206666667
0.7933333333 0.0200000000
0.7906666667 0.0193333333
0.7876666667 0.0190000000
0.7843333333 0.0190000000
0.7816666667 0.0183333333
0.7786666667 0.0180000000
0.7763333333 0.0170000000
0.7743333333 0.0156666667
0.7713333333 0.0153333333
0.7683333333 0.0150000000
0.7656666667 0.0143333333
0.7623333333 0.0143333333
0.7596666667 0.0136666667
0.7570000000 0.0130000000
0.7540000000 0.0126666667
0.7513333333 0.0120000000
0.7483333333 0.0116666667
0.7456666667 0.0110000000
0.7426666667 0.0106666667
0.7396666667 0.0103333333
0.7363333333 0.0103333333
0.7330000000 0.0103333333
0.7303333333 0.0096666667
0.7270000000 0.0096666667
0.7243333333 0.0090000000
0.7210000000 0.0090000000
0.7183333333 0.0083333333
0.7150000000 0.0083333333
0.7120000000 0.0080000000
0.7086666667 0.0080000000
0.7056666667 0.0076666667
0.7023333333 0.0076666667
0.6996666667 0.0070000000
0.6963333333 0.0070000000
0.6930000000 0.0070000000
0.6896666667 0.0070000000
0.6870000000 0.0063333333
0.6840000000 0.0060000000
0.6813333333 0.0053333333
0.6780000000 0.0053333333
0.6746666667 0.0053333333
0.6713333333 0.0053333333
0.6680000000 0.0053333333
0.6646666667 0.0053333333
0.6613333333 0.0053333333
0.6580000000 0.0053333333
0.6546666667 0.0053333333
0.6513333333 0.0053333333
0.6480000000 0.0053333333
0.6446666667 0.0053333333
0.6416666667 0.0050000000
0.6386666667 0.0046666667
0.6356666667 0.0043333333
0.6323333333 0.0043333333
0.6290000000 0.0043333333
0.6260000000 0.0040000000
0.6230000000 0.0036666667
0.6196666667 0.0036666667
0.6166666667 0.0033333333
0.6136666667 0.0030000000
0.6103333333 0.0030000000
0.6070000000 0.0030000000
0.6040000000 0.0026666667
0.6006666667 0.0026666667
0.5973333333 0.0026666667
0.5940000000 0.0026666667
0.5906666667 0.0026666667
0.5876666667 0.0023333333
0.5846666667 0.0020000000
0.5813333333 0.0020000000
0.5780000000 0.0020000000
0.5746666667 0.0020000000
0.5713333333 0.0020000000
0.5680000000 0.0020000000
0.5646666667 0.0020000000
0.5613333333 0.0020000000
0.5580000000 0.0020000000
0.5546666667 0.0020000000
0.5516666667 0.0016666667
0.5483333333 0.0016666667
0.5450000000 0.0016666667
0.5416666667 0.0016666667
0.5383333333 0.0016666667
0.5350000000 0.0016666667
0.5316666667 0.0016666667
0.5283333333 0.0016666667
0.5250000000 0.0016666667
0.5216666667 0.0016666667
0.5183333333 0.0016666667
0.5150000000 0.0016666667
0.5116666667 0.0016666667
0.5083333333 0.0016666667
0.5050000000 0.0016666667
0.5020000000 0.0013333333
0.4986666667 0.0013333333
0.4953333333 0.0013333333
0.4920000000 0.0013333333
0.4886666667 0.0013333333
0.4853333333 0.0013333333
0.4823333333 0.0010000000
0.4790000000 0.0010000000
0.4756666667 0.0010000000
0.4723333333 0.0010000000
0.4690000000 0.0010000000
0.4656666667 0.0010000000
0.4623333333 0.0010000000
0.4590000000 0.0010000000
0.4556666667 0.0010000000
0.4523333333 0.0010000000
0.4490000000 0.0010000000
0.4456666667 0.0010000000
0.4423333333 0.0010000000
0.4390000000 0.0010000000
0.4360000000 0.0006666667
0.4330000000 0.0003333333
0.4296666667 0.0003333333
0.4263333333 0.0003333333
0.4230000000 0.0003333333
0.4196666667 0.0003333333
0.4163333333 0.0003333333
0.4130000000 0.0003333333
0.4096666667 0.0003333333
0.4063333333 0.0003333333
0.4030000000 0.0003333333
0.4000000000 0.0000000000
0.3966666667 0.0000000000
0.3933333333 0.0000000000
0.3900000000 0.0000000000
0.3866666667 0.0000000000
0.3833333333 0.0000000000
0.3800000000 0.0000000000
0.3766666667 0.0000000000
0.3733333333 0.0000000000
0.3700000000 0.0000000000
0.3666666667 0.0000000000
0.3633333333 0.0000000000
0.3600000000 0.0000000000
0.3566666667 0.0000000000
0.3533333333 0.0000000000
0.3500000000 0.0000000000
0.3466666667 0.0000000000
0.3433333333 0.0000000000
0.3400000000 0.0000000000
0.3366666667 0.0000000000
0.3333333333 0.0000000000
0.3300000000 0.0000000000
0.3266666667 0.0000000000
0.3233333333 0.0000000000
0.3200000000 0.0000000000
0.3166666667 0.0000000000
0.3133333333 0.0000000000
0.3100000000 0.0000000000
0.3066666667 0.0000000000
0.3033333333 0.0000000000
0.3000000000 0.0000000000
0.2966666667 0.0000000000
0.2933333333 0.0000000000
0.2900000000 0.0000000000
0.2866666667 0.0000000000
0.2833333333 0.0000000000
0.2800000000 0.0000000000
0.2766666667 0.0000000000
0.2733333333 0.0000000000
0.2700000000 0.0000000000
0.2666666667 0.0000000000
0.2633333333 0.0000000000
0.2600000000 0.0000000000
0.2566666667 0.0000000000
0.2533333333 0.0000000000
0.2500000000 0.0000000000
0.2466666667 0.0000000000
0.2433333333 0.0000000000
0.2400000000 0.0000000000
0.2366666667 0.0000000000
0.2333333333 0.0000000000
0.2300000000 0.0000000000
0.2266666667 0.0000000000
0.2233333333 0.0000000000
0.2200000000 0.0000000000
0.2166666667 0.0000000000
0.2133333333 0.0000000000
0.2100000000 0.0000000000
0.2066666667 0.0000000000
0.2033333333 0.0000000000
0.2000000000 0.0000000000
0.1966666667 0.0000000000
0.1933333333 0.0000000000
0.1900000000 0.0000000000
0.1866666667 0.0000000000
0.1833333333 0.0000000000
0.1800000000 0.0000000000
0.1766666667 0.0000000000
0.1733333333 0.0000000000
0.1700000000 0.0000000000
0.1666666667 0.0000000000
0.1633333333 0.0000000000
0.1600000000 0.0000000000
0.1566666667 0.0000000000
0.1533333333 0.0000000000
0.1500000000 0.0000000000
0.1466666667 0.0000000000
0.1433333333 0.0000000000
0.1400000000 0.0000000000
0.1366666667 0.0000000000
0.1333333333 0.0000000000
0.1300000000 0.0000000000
0.1266666667 0.0000000000
0.1233333333 0.0000000000
0.1200000000 0.0000000000
0.1166666667 0.0000000000
0.1133333333 0.0000000000
0.1100000000 0.0000000000
0.1066666667 0.0000000000
0.1033333333 0.0000000000
0.1000000000 0.0000000000
0.0966666667 0.0000000000
0.0933333333 0.0000000000
0.0900000000 0.0000000000
0.0866666667 0.0000000000
0.0833333333 0.0000000000
0.0800000000 0.0000000000
0.0766666667 0.0000000000
0.0733333333 0.0000000000
0.0700000000 0.0000000000
0.0666666667 0.0000000000
0.0633333333 0.0000000000
0.0600000000 0.0000000000
0.0566666667 0.0000000000
0.0533333333 0.0000000000
0.0500000000 0.0000000000
0.0466666667 0.0000000000
0.0433333333 0.0000000000
0.0400000000 0.0000000000
0.0366666667 0.0000000000
0.0333333333 0.0000000000
0.0300000000 0.0000000000
0.0266666667 0.0000000000
0.0233333333 0.0000000000
0.0200000000 0.0000000000
0.0166666667 0.0000000000
0.0133333333 0.0000000000
0.0100000000 0.0000000000
0.0066666667 0.0000000000
0.0033333333 0.0000000000
0.0000000000 0.0000000000
