1.0 0.999663865546
1.0 0.999327731092
1.0 0.998991596639
1.0 0.998655462185
1.0 0.998319327731
1.0 0.997983193277
1.0 0.997647058824
1.0 0.99731092437
1.0 0.996638655462
1.0 0.995966386555
1.0 0.995630252101
1.0 0.995294117647
1.0 0.994621848739
1.0 0.993613445378
1.0 0.992941176471
1.0 0.991932773109
1.0 0.991596638655
1.0 0.991260504202
1.0 0.990924369748
1.0 0.990588235294
1.0 0.99025210084
1.0 0.989243697479
1.0 0.988235294118
1.0 0.987899159664
1.0 0.98756302521
1.0 0.986890756303
1.0 0.986554621849
1.0 0.986218487395
1.0 0.985882352941
1.0 0.985546218487
1.0 0.985210084034
1.0 0.98487394958
1.0 0.984537815126
1.0 0.983529411765
1.0 0.983193277311
1.0 0.98218487395
1.0 0.981848739496
1.0 0.981512605042
1.0 0.980840336134
1.0 0.980504201681
1.0 0.979831932773
1.0 0.979495798319
1.0 0.978151260504
1.0 0.977142857143
1.0 0.976806722689
1.0 0.976470588235
1.0 0.976134453782
1.0 0.975462184874
1.0 0.974789915966
1.0 0.974117647059
1.0 0.973109243697
1.0 0.972773109244
1.0 0.972100840336
1.0 0.971092436975
1.0 0.970756302521
1.0 0.96974789916
1.0 0.969075630252
1.0 0.968403361345
1.0 0.967731092437
1.0 0.967394957983
1.0 0.966722689076
1.0 0.966386554622
1.0 0.966050420168
1.0 0.965378151261
1.0 0.964705882353
1.0 0.964369747899
1.0 0.963697478992
1.0 0.963361344538
1.0 0.963025210084
1.0 0.962016806723
1.0 0.961008403361
1.0 0.959663865546
1.0 0.958655462185
1.0 0.955630252101
1.0 0.954285714286
1.0 0.953277310924
1.0 0.952605042017
1.0 0.950588235294
1.0 0.949915966387
1.0 0.949579831933
1.0 0.949243697479
1.0 0.948571428571
1.0 0.947226890756
1.0 0.946890756303
1.0 0.946554621849
1.0 0.945882352941
1.0 0.944201680672
1.0 0.943193277311
1.0 0.942521008403
1.0 0.941848739496
1.0 0.939831932773
1.0 0.939159663866
1.0 0.938823529412
1.0 0.93781512605
1.0 0.937142857143
1.0 0.936134453782
1.0 0.934789915966
1.0 0.933781512605
1.0 0.933109243697
1.0 0.93243697479
1.0 0.930756302521
1.0 0.930420168067
1.0 0.928739495798
1.0 0.928403361345
1.0 0.925378151261
1.0 0.925042016807
1.0 0.924033613445
1.0 0.923697478992
1.0 0.922016806723
1.0 0.920672268908
1.0 0.919327731092
1.0 0.916974789916
1.0 0.915630252101
1.0 0.914957983193
1.0 0.914621848739
1.0 0.913613445378
1.0 0.912605042017
1.0 0.912268907563
1.0 0.911260504202
1.0 0.91025210084
1.0 0.909579831933
1.0 0.908907563025
1.0 0.908571428571
1.0 0.907226890756
0.999663526245 0.906890756303
0.999663526245 0.904201680672
0.999663526245 0.903865546218
0.999663526245 0.90218487395
0.999663526245 0.901512605042
0.999663526245 0.900840336134
0.999663526245 0.900504201681
0.999663526245 0.898823529412
0.999663526245 0.897142857143
0.999663526245 0.896470588235
0.999663526245 0.894789915966
0.999663526245 0.894453781513
0.999663526245 0.893781512605
0.999663526245 0.893109243697
0.999663526245 0.891092436975
0.999663526245 0.889075630252
0.999663526245 0.886386554622
0.999663526245 0.883361344538
0.999663526245 0.881008403361
0.999663526245 0.88
0.999663526245 0.878319327731
0.999663526245 0.87731092437
0.999663526245 0.875966386555
0.999663526245 0.874957983193
0.999663526245 0.873613445378
0.999663526245 0.872605042017
0.999663526245 0.871596638655
0.999663526245 0.870588235294
0.999663526245 0.869579831933
0.999663526245 0.868235294118
0.999663526245 0.86756302521
0.999663526245 0.866890756303
0.999663526245 0.865546218487
0.999663526245 0.863193277311
0.999663526245 0.862521008403
0.999663526245 0.861512605042
0.999663526245 0.861176470588
0.999663526245 0.859495798319
0.999663526245 0.858151260504
0.999663526245 0.856806722689
0.999663526245 0.855462184874
0.99932705249 0.854117647059
0.99932705249 0.853445378151
0.99932705249 0.853109243697
0.99932705249 0.852100840336
0.99932705249 0.850756302521
0.99932705249 0.84974789916
0.99932705249 0.847394957983
0.99932705249 0.845042016807
0.99932705249 0.843025210084
0.99932705249 0.841344537815
0.99932705249 0.839327731092
0.99932705249 0.836638655462
0.99932705249 0.835294117647
0.99932705249 0.833949579832
0.99932705249 0.832605042017
0.99932705249 0.828235294118
0.99932705249 0.826218487395
0.99932705249 0.825210084034
0.99932705249 0.82218487395
0.99932705249 0.819159663866
0.99932705249 0.818487394958
0.99932705249 0.817142857143
0.99932705249 0.815798319328
0.99932705249 0.814117647059
0.99932705249 0.812773109244
0.99932705249 0.811092436975
0.998990578735 0.810420168067
0.998990578735 0.809075630252
0.998990578735 0.808403361345
0.998990578735 0.805714285714
0.99865410498 0.802016806723
0.99865410498 0.799663865546
0.99865410498 0.797983193277
0.99865410498 0.796302521008
0.99865410498 0.793277310924
0.99865410498 0.792605042017
0.99865410498 0.79025210084
0.99865410498 0.789579831933
0.99865410498 0.78756302521
0.99865410498 0.78487394958
0.99865410498 0.783193277311
0.99865410498 0.779831932773
0.99865410498 0.77781512605
0.99865410498 0.776806722689
0.99865410498 0.77512605042
0.998317631225 0.773445378151
0.998317631225 0.771428571429
0.998317631225 0.768739495798
0.998317631225 0.768067226891
0.998317631225 0.766722689076
0.998317631225 0.764705882353
0.998317631225 0.76268907563
0.998317631225 0.760672268908
0.998317631225 0.757983193277
0.998317631225 0.755630252101
0.998317631225 0.752941176471
0.997644683715 0.749915966387
0.997644683715 0.747226890756
0.99730820996 0.745546218487
0.99730820996 0.743193277311
0.99730820996 0.740504201681
0.99730820996 0.738823529412
0.99730820996 0.736806722689
0.99730820996 0.734453781513
0.99730820996 0.732773109244
0.99730820996 0.72974789916
0.99730820996 0.726722689076
0.99730820996 0.723697478992
0.99730820996 0.721344537815
0.99730820996 0.719663865546
0.99730820996 0.71731092437
0.99730820996 0.716302521008
0.99730820996 0.713949579832
0.99730820996 0.711932773109
0.99730820996 0.709915966387
0.99730820996 0.707226890756
0.996971736205 0.704537815126
0.996971736205 0.701176470588
0.99663526245 0.697478991597
0.99663526245 0.695462184874
0.99663526245 0.691764705882
0.99663526245 0.689075630252
0.99663526245 0.685714285714
0.99663526245 0.683697478992
0.996298788694 0.680672268908
0.995625841184 0.679327731092
0.995625841184 0.67731092437
0.995625841184 0.674621848739
0.995625841184 0.672605042017
0.995625841184 0.669915966387
0.995289367429 0.66756302521
0.995289367429 0.665546218487
0.995289367429 0.663529411765
0.995289367429 0.660504201681
0.994952893674 0.657142857143
0.994952893674 0.654117647059
0.994616419919 0.651764705882
0.994616419919 0.650084033613
0.994616419919 0.647394957983
0.994616419919 0.645042016807
0.994616419919 0.641344537815
0.994616419919 0.639327731092
0.994279946164 0.635966386555
0.994279946164 0.633613445378
0.993270524899 0.630924369748
0.992934051144 0.628235294118
0.992934051144 0.62487394958
0.992934051144 0.621848739496
0.992934051144 0.618487394958
0.992934051144 0.616134453782
0.992597577389 0.613445378151
0.992261103634 0.611764705882
0.992261103634 0.610756302521
0.992261103634 0.607731092437
0.991924629879 0.606050420168
0.991588156124 0.60268907563
0.990915208614 0.601680672269
0.990578734859 0.600672268908
0.990578734859 0.599663865546
0.989905787349 0.59731092437
0.989569313594 0.595630252101
0.989232839838 0.592268907563
0.989232839838 0.59025210084
0.989232839838 0.586890756303
0.988896366083 0.583865546218
0.988559892328 0.58218487395
0.988223418573 0.578151260504
0.988223418573 0.574789915966
0.988223418573 0.570084033613
0.988223418573 0.567731092437
0.988223418573 0.565714285714
0.988223418573 0.562352941176
0.987213997308 0.561008403361
0.986541049798 0.559327731092
0.986204576043 0.556638655462
0.986204576043 0.555966386555
0.986204576043 0.553949579832
0.985868102288 0.552268907563
0.985868102288 0.55025210084
0.985531628533 0.54756302521
0.985531628533 0.546554621849
0.985195154778 0.544201680672
0.985195154778 0.540840336134
0.985195154778 0.538151260504
0.984858681023 0.535798319328
0.984522207268 0.533109243697
0.984522207268 0.530756302521
0.983849259758 0.527394957983
0.983176312248 0.524369747899
0.982839838493 0.521680672269
0.982166890983 0.518319327731
0.982166890983 0.514957983193
0.981830417227 0.511260504202
0.981830417227 0.507899159664
0.980148048452 0.50487394958
0.979475100942 0.502857142857
0.979475100942 0.498823529412
0.979475100942 0.496134453782
0.979475100942 0.492773109244
0.979475100942 0.490756302521
0.979138627187 0.487058823529
0.978802153432 0.484369747899
0.978802153432 0.482016806723
0.978129205922 0.478655462185
0.977456258412 0.473613445378
0.976783310902 0.471596638655
0.976110363392 0.47025210084
0.975437415882 0.465882352941
0.975437415882 0.464537815126
0.975100942127 0.461848739496
0.975100942127 0.460168067227
0.974764468371 0.45781512605
0.973755047106 0.45512605042
0.973418573351 0.451092436975
0.973418573351 0.447394957983
0.972745625841 0.444705882353
0.972409152086 0.443361344538
0.972409152086 0.440672268908
0.972409152086 0.437983193277
0.971399730821 0.435630252101
0.971063257066 0.433277310924
0.970390309556 0.430924369748
0.968371467026 0.428571428571
0.967025572005 0.426890756303
0.966352624495 0.425546218487
0.966352624495 0.423529411765
0.96534320323 0.42218487395
0.965006729475 0.417142857143
0.964333781965 0.414117647059
0.963660834455 0.41243697479
0.963660834455 0.408067226891
0.9633243607 0.405714285714
0.9633243607 0.402016806723
0.96265141319 0.400672268908
0.96197846568 0.398991596639
0.960632570659 0.394621848739
0.960296096904 0.389243697479
0.959959623149 0.386218487395
0.959286675639 0.383865546218
0.957940780619 0.380504201681
0.957940780619 0.377142857143
0.957604306864 0.37512605042
0.957604306864 0.372773109244
0.957604306864 0.36974789916
0.957267833109 0.366050420168
0.955585464334 0.36268907563
0.955248990579 0.36
0.954576043069 0.357983193277
0.953903095559 0.355966386555
0.953230148048 0.353613445378
0.952557200538 0.351932773109
0.951547779273 0.35025210084
0.950874831763 0.347899159664
0.950538358008 0.34487394958
0.949865410498 0.341512605042
0.948183041723 0.339495798319
0.946500672948 0.336806722689
0.946500672948 0.334117647059
0.946500672948 0.332100840336
0.945827725437 0.329075630252
0.944145356662 0.328403361345
0.943808882907 0.325378151261
0.943472409152 0.323025210084
0.942462987887 0.319663865546
0.942126514132 0.316974789916
0.939434724092 0.313277310924
0.938088829071 0.310924369748
0.936406460296 0.308571428571
0.932368775236 0.305546218487
0.93203230148 0.303193277311
0.931022880215 0.300840336134
0.93001345895 0.297478991597
0.92866756393 0.29512605042
0.927658142665 0.290420168067
0.926312247645 0.28974789916
0.924629878869 0.287058823529
0.923620457604 0.287058823529
0.922947510094 0.283697478992
0.921938088829 0.280336134454
0.920928667564 0.276974789916
0.919582772544 0.275294117647
0.917563930013 0.271932773109
0.916218034993 0.269243697479
0.915208613728 0.267899159664
0.913189771198 0.264201680672
0.912516823688 0.260840336134
0.910161507402 0.25781512605
0.909488559892 0.254789915966
0.907469717362 0.251428571429
0.906123822342 0.248067226891
0.904777927322 0.245714285714
0.902759084791 0.243025210084
0.901749663526 0.241008403361
0.899394347241 0.24
0.898384925976 0.238655462185
0.897375504711 0.235630252101
0.896366083445 0.232268907563
0.895020188425 0.231260504202
0.894347240915 0.228235294118
0.893001345895 0.225210084034
0.89199192463 0.224201680672
0.890309555855 0.222521008403
0.888627187079 0.219159663866
0.887617765814 0.216470588235
0.885935397039 0.214453781513
0.883580080754 0.212100840336
0.880551816958 0.211092436975
0.879205921938 0.207731092437
0.876177658143 0.204369747899
0.874831763122 0.20268907563
0.872476446837 0.201008403361
0.871130551817 0.198655462185
0.870121130552 0.196638655462
0.868438761777 0.194621848739
0.867765814266 0.193277310924
0.865074024226 0.191260504202
0.863055181696 0.189579831933
0.861036339166 0.187899159664
0.85868102288 0.186554621849
0.85666218035 0.185210084034
0.852960969044 0.183529411765
0.849932705249 0.181512605042
0.846904441454 0.180840336134
0.844885598923 0.179831932773
0.842530282638 0.177478991597
0.840174966353 0.174789915966
0.838492597577 0.172773109244
0.835800807537 0.171092436975
0.832772543742 0.170420168067
0.831426648721 0.166386554622
0.827388963661 0.165042016807
0.826043068641 0.161680672269
0.82469717362 0.160672268908
0.823014804845 0.158991596639
0.81931359354 0.15731092437
0.816958277254 0.153613445378
0.815612382234 0.151932773109
0.813257065949 0.149579831933
0.810565275908 0.147226890756
0.809555854643 0.14487394958
0.807200538358 0.143529411765
0.803499327052 0.142521008403
0.800807537012 0.139831932773
0.799461641992 0.136470588235
0.796769851952 0.134789915966
0.794078061911 0.133445378151
0.791386271871 0.131428571429
0.788358008075 0.12974789916
0.784993270525 0.129075630252
0.783647375505 0.127731092437
0.780282637954 0.126386554622
0.778263795424 0.124033613445
0.775572005384 0.121680672269
0.771534320323 0.120672268908
0.770524899058 0.119327731092
0.769851951548 0.11731092437
0.766487213997 0.116302521008
0.762449528937 0.115294117647
0.760094212651 0.114621848739
0.757065948856 0.111932773109
0.755383580081 0.11025210084
0.753701211306 0.108907563025
0.749663526245 0.106890756303
0.746971736205 0.105210084034
0.741924629879 0.103529411765
0.738896366083 0.10218487395
0.736877523553 0.100504201681
0.732839838493 0.0991596638655
0.729811574697 0.0968067226891
0.726110363392 0.0947899159664
0.723418573351 0.0934453781513
0.720726783311 0.0927731092437
0.717025572005 0.0924369747899
0.713660834455 0.0894117647059
0.710632570659 0.0860504201681
0.707604306864 0.0847058823529
0.703903095559 0.0843697478992
0.701547779273 0.0826890756303
0.699192462988 0.0810084033613
0.697846567968 0.08
0.694818304172 0.0786554621849
0.690444145357 0.076974789916
0.687415881561 0.0749579831933
0.68203230148 0.0742857142857
0.67866756393 0.0729411764706
0.674293405114 0.072268907563
0.670592193809 0.0709243697479
0.669582772544 0.0699159663866
0.667563930013 0.0689075630252
0.664535666218 0.0678991596639
0.661507402423 0.0665546218487
0.658479138627 0.0648739495798
0.654777927322 0.0642016806723
0.650403768506 0.0628571428571
0.647375504711 0.0611764705882
0.641655450875 0.0591596638655
0.63930013459 0.058487394958
0.636944818304 0.0581512605042
0.633580080754 0.0571428571429
0.628532974428 0.0568067226891
0.627860026918 0.0557983193277
0.622812920592 0.0541176470588
0.620121130552 0.0531092436975
0.617765814266 0.0527731092437
0.613728129206 0.0524369747899
0.61069986541 0.050756302521
0.60666218035 0.0497478991597
0.603633916555 0.0490756302521
0.600269179004 0.0480672268908
0.597240915209 0.047731092437
0.592866756393 0.0473949579832
0.588156123822 0.0463865546218
0.583445491252 0.0457142857143
0.578061911171 0.0443697478992
0.57469717362 0.0433613445378
0.570323014805 0.0416806722689
0.567631224764 0.0403361344538
0.562584118439 0.04
0.557873485868 0.0389915966387
0.555181695828 0.0386554621849
0.550134589502 0.0376470588235
0.545760430686 0.0366386554622
0.541722745626 0.0359663865546
0.53734858681 0.0349579831933
0.531965006729 0.0339495798319
0.528263795424 0.0329411764706
0.525908479139 0.032268907563
0.523553162853 0.0319327731092
0.520188425303 0.0309243697479
0.516487213997 0.0305882352941
0.512786002692 0.0295798319328
0.509084791386 0.029243697479
0.504710632571 0.029243697479
0.50269179004 0.0282352941176
0.499663526245 0.0282352941176
0.495962314939 0.0278991596639
0.492261103634 0.0272268907563
0.488896366083 0.026218487395
0.484522207268 0.0248739495798
0.481493943472 0.0245378151261
0.477792732167 0.0242016806723
0.472745625841 0.0231932773109
0.468034993271 0.0225210084034
0.466352624495 0.0218487394958
0.46265141319 0.0218487394958
0.458613728129 0.0211764705882
0.454239569314 0.0211764705882
0.449865410498 0.0201680672269
0.446500672948 0.0198319327731
0.442462987887 0.0191596638655
0.439771197847 0.0191596638655
0.436069986541 0.0188235294118
0.434387617766 0.018487394958
0.430349932705 0.0181512605042
0.4266487214 0.0181512605042
0.423620457604 0.0181512605042
0.419919246299 0.0178151260504
0.414872139973 0.0178151260504
0.411843876178 0.0171428571429
0.409488559892 0.0171428571429
0.405787348587 0.0168067226891
0.400067294751 0.0168067226891
0.395693135935 0.0168067226891
0.39333781965 0.0157983193277
0.389636608345 0.0154621848739
0.386271870794 0.0151260504202
0.382570659489 0.0147899159664
0.379542395693 0.0147899159664
0.375841184388 0.0147899159664
0.371467025572 0.0144537815126
0.368438761777 0.013781512605
0.363391655451 0.0134453781513
0.359017496635 0.0131092436975
0.35598923284 0.0124369747899
0.350605652759 0.0117647058824
0.345222072678 0.0104201680672
0.341520861373 0.0100840336134
0.336473755047 0.00974789915966
0.333781965007 0.00941176470588
0.329744279946 0.00941176470588
0.327388963661 0.00873949579832
0.32469717362 0.00873949579832
0.31931359354 0.00806722689076
0.315275908479 0.00773109243697
0.312247644684 0.00773109243697
0.308882907133 0.00739495798319
0.304508748318 0.00739495798319
0.301816958277 0.00739495798319
0.299125168237 0.00739495798319
0.297442799462 0.00705882352941
0.291722745626 0.00672268907563
0.28869448183 0.00672268907563
0.28600269179 0.00672268907563
0.28331090175 0.00672268907563
0.281292059219 0.00672268907563
0.278600269179 0.00672268907563
0.277254374159 0.00638655462185
0.272880215343 0.00638655462185
0.269851951548 0.00605042016807
0.268506056528 0.00504201680672
0.263795423957 0.00504201680672
0.259757738896 0.00504201680672
0.255720053836 0.00436974789916
0.25201884253 0.00403361344538
0.24932705249 0.00403361344538
0.243606998654 0.0036974789916
0.238896366083 0.00302521008403
0.236541049798 0.00302521008403
0.234185733513 0.00302521008403
0.232503364738 0.00302521008403
0.229138627187 0.00268907563025
0.222745625841 0.00268907563025
0.219380888291 0.00268907563025
0.21668909825 0.00268907563025
0.21265141319 0.00268907563025
0.211641991925 0.00235294117647
0.206931359354 0.00235294117647
0.202220726783 0.00201680672269
0.199192462988 0.00201680672269
0.196164199192 0.00201680672269
0.192799461642 0.00201680672269
0.190107671602 0.00168067226891
0.186069986541 0.00168067226891
0.183378196501 0.00168067226891
0.18135935397 0.00168067226891
0.177658142665 0.00168067226891
0.174629878869 0.00168067226891
0.169919246299 0.00168067226891
0.168573351279 0.00134453781513
0.166554508748 0.00134453781513
0.159825033647 0.00134453781513
0.155114401077 0.00100840336134
0.150067294751 0.00100840336134
0.147375504711 0.000672268907563
0.144347240915 0.000672268907563
0.143001345895 0.000672268907563
0.140982503365 0.000672268907563
0.138963660834 0.000672268907563
0.137617765814 0.000672268907563
0.135935397039 0.000672268907563
0.133580080754 0.000672268907563
0.131561238223 0.000672268907563
0.129542395693 0.000672268907563
0.125841184388 0.000672268907563
0.123149394347 0.000672268907563
0.121803499327 0.000672268907563
0.119111709287 0.000672268907563
0.118102288022 0.000672268907563
0.115746971736 0.000672268907563
0.113391655451 0.000672268907563
0.11069986541 0.000672268907563
0.10935397039 0.000672268907563
0.108344549125 0.000672268907563
0.106998654105 0.000336134453782
0.102960969044 0.0
0.100269179004 0.0
0.0979138627187 0.0
0.0965679676985 0.0
0.0942126514132 0.0
0.092530282638 0.0
0.0891655450875 0.0
0.0868102288022 0.0
0.085800807537 0.0
0.0847913862719 0.0
0.0831090174966 0.0
0.0817631224764 0.0
0.0800807537012 0.0
0.078734858681 0.0
0.0763795423957 0.0
0.0746971736205 0.0
0.0740242261104 0.0
0.0720053835801 0.0
0.0709959623149 0.0
0.0679676985195 0.0
0.0662853297443 0.0
0.0649394347241 0.0
0.0635935397039 0.0
0.0609017496635 0.0
0.0598923283984 0.0
0.0582099596231 0.0
0.0578734858681 0.0
0.0575370121131 0.0
0.0555181695828 0.0
0.0528263795424 0.0
0.0524899057873 0.0
0.0508075370121 0.0
0.0491251682369 0.0
0.0481157469717 0.0
0.0467698519515 0.0
0.0464333781965 0.0
0.0450874831763 0.0
0.0447510094213 0.0
0.042732166891 0.0
0.0420592193809 0.0
0.0410497981157 0.0
0.0397039030956 0.0
0.0383580080754 0.0
0.0373485868102 0.0
0.0363391655451 0.0
0.035666218035 0.0
0.0343203230148 0.0
0.0326379542396 0.0
0.0316285329744 0.0
0.0299461641992 0.0
0.0279273216689 0.0
0.0255720053836 0.0
0.0252355316285 0.0
0.0245625841184 0.0
0.0228802153432 0.0
0.0225437415882 0.0
0.0222072678331 0.0
0.0218707940781 0.0
0.021197846568 0.0
0.0208613728129 0.0
0.0198519515478 0.0
0.0195154777927 0.0
0.0185060565276 0.0
0.0178331090175 0.0
0.0171601615074 0.0
0.0164872139973 0.0
0.0158142664872 0.0
0.0151413189771 0.0
0.014468371467 0.0
0.014131897712 0.0
0.0134589502019 0.0
0.0131224764468 0.0
0.0124495289367 0.0
0.0121130551817 0.0
0.0114401076716 0.0
0.0111036339166 0.0
0.0107671601615 0.0
0.0104306864065 0.0
0.0100942126514 0.0
0.00942126514132 0.0
0.00841184387618 0.0
0.00773889636608 0.0
0.00740242261104 0.0
0.00672947510094 0.0
0.0063930013459 0.0
0.00605652759085 0.0
0.0057200538358 0.0
0.00504710632571 0.0
0.00471063257066 0.0
0.00437415881561 0.0
0.00403768506057 0.0
0.00336473755047 0.0
0.00302826379542 0.0
0.00269179004038 0.0
0.00235531628533 0.0
0.00201884253028 0.0
0.00168236877524 0.0
0.00134589502019 0.0
0.00100942126514 0.0
0.000672947510094 0.0
0.000336473755047 0.0
