0.999333333333 0.556
0.999 0.447333333333
0.999 0.446
0.998666666667 0.355
0.998666666667 0.354666666667
0.996666666667 0.288
0.996666666667 0.287666666667
0.993333333333 0.237666666667
0.993333333333 0.236
0.988 0.2
0.987666666667 0.199666666667
0.980333333333 0.166666666667
0.975 0.141
0.968 0.117666666667
0.96 0.102
0.952666666667 0.0813333333333
0.943 0.07
0.942666666667 0.07
0.927 0.0596666666667
0.913666666667 0.0496666666667
0.897666666667 0.0386666666667
0.897333333333 0.0386666666667
0.880333333333 0.033
0.86 0.025
0.841 0.023
0.840333333333 0.023
0.818333333333 0.0176666666667
0.793333333333 0.0146666666667
0.764 0.012
0.735 0.00966666666667
0.703333333333 0.007
0.671 0.00533333333333
0.632333333333 0.00533333333333
0.593666666667 0.00366666666667
0.559666666667 0.00233333333333
0.559333333333 0.00233333333333
0.527 0.00233333333333
0.481 0.002
0.480666666667 0.002
0.440333333333 0.001
0.390666666667 0.000666666666667
0.338333333333 0.0
0.337666666667 0.0
0.297333333333 0.0
0.296 0.0
0.241333333333 0.0
0.240666666667 0.0
0.199666666667 0.0
0.199333333333 0.0
0.153333333333 0.0
0.153 0.0
0.106333333333 0.0
0.105333333333 0.0
0.0713333333333 0.0
0.071 0.0
0.0386666666667 0.0
0.0136666666667 0.0
0.0 0.0
