1.0 1.0
1.0 0.217
1.0 0.166
1.0 0.165333333333
1.0 0.126666666667
1.0 0.126333333333
1.0 0.093
1.0 0.0923333333333
1.0 0.0706666666667
1.0 0.057
0.999666666667 0.05
0.999666666667 0.041
0.999666666667 0.0353333333333
0.999333333333 0.029
0.998333333333 0.0236666666667
0.997666666667 0.0196666666667
0.997666666667 0.0193333333333
0.996666666667 0.0166666666667
0.995666666667 0.0143333333333
0.994333333333 0.012
0.994 0.0103333333333
0.992 0.00933333333333
0.991333333333 0.00733333333333
0.990666666667 0.00633333333333
0.989 0.00566666666667
0.984333333333 0.00433333333333
0.981333333333 0.004
0.977666666667 0.00266666666667
0.973666666667 0.002
0.968 0.001
0.967666666667 0.001
0.964 0.001
0.956666666667 0.001
0.945666666667 0.001
0.937 0.000666666666667
0.924666666667 0.000666666666667
0.909 0.000666666666667
0.886666666667 0.0
0.864333333333 0.0
0.864 0.0
0.828333333333 0.0
0.827 0.0
0.782 0.0
0.780666666667 0.0
0.723 0.0
0.65 0.0
0.565333333333 0.0
0.564333333333 0.0
0.458 0.0
0.290333333333 0.0
0.0 0.0
