1.0 0.999663865546
1.0 0.999327731092
1.0 0.998991596639
1.0 0.998655462185
1.0 0.998319327731
1.0 0.997647058824
1.0 0.99731092437
1.0 0.996974789916
1.0 0.996638655462
1.0 0.996302521008
1.0 0.995966386555
1.0 0.995630252101
1.0 0.994957983193
1.0 0.994621848739
1.0 0.994285714286
1.0 0.993613445378
1.0 0.993277310924
1.0 0.992941176471
1.0 0.992605042017
1.0 0.992268907563
1.0 0.991260504202
1.0 0.990924369748
1.0 0.990588235294
1.0 0.99025210084
1.0 0.988907563025
1.0 0.987899159664
1.0 0.987226890756
1.0 0.986890756303
1.0 0.986554621849
1.0 0.985210084034
1.0 0.984537815126
1.0 0.984201680672
1.0 0.983865546218
1.0 0.983193277311
1.0 0.982521008403
1.0 0.981848739496
1.0 0.981176470588
1.0 0.980840336134
1.0 0.980168067227
1.0 0.979831932773
1.0 0.979495798319
1.0 0.979159663866
1.0 0.978823529412
1.0 0.978487394958
1.0 0.97781512605
1.0 0.977478991597
1.0 0.976134453782
1.0 0.973781512605
1.0 0.97243697479
1.0 0.972100840336
1.0 0.971092436975
1.0 0.970084033613
1.0 0.96974789916
1.0 0.969411764706
1.0 0.967731092437
1.0 0.966722689076
1.0 0.965714285714
1.0 0.965378151261
1.0 0.963697478992
1.0 0.963025210084
1.0 0.962016806723
1.0 0.961344537815
1.0 0.960336134454
1.0 0.959327731092
1.0 0.958991596639
1.0 0.958319327731
1.0 0.956974789916
1.0 0.955966386555
1.0 0.953949579832
1.0 0.953277310924
1.0 0.951260504202
1.0 0.949243697479
1.0 0.947899159664
1.0 0.94756302521
1.0 0.946554621849
1.0 0.945210084034
0.999663526245 0.943529411765
0.999663526245 0.941512605042
0.999663526245 0.941176470588
0.999663526245 0.940168067227
0.999663526245 0.939159663866
0.999663526245 0.93512605042
0.999663526245 0.933781512605
0.999663526245 0.933109243697
0.999663526245 0.932100840336
0.999663526245 0.930084033613
0.999663526245 0.929411764706
0.999663526245 0.928739495798
0.999663526245 0.927394957983
0.999663526245 0.924705882353
0.999663526245 0.923025210084
0.999663526245 0.921680672269
0.999663526245 0.921008403361
0.999663526245 0.919327731092
0.999663526245 0.918319327731
0.999663526245 0.916974789916
0.999663526245 0.913613445378
0.999663526245 0.911932773109
0.999663526245 0.910588235294
0.999663526245 0.908907563025
0.999663526245 0.906554621849
0.999663526245 0.903865546218
0.999663526245 0.901176470588
0.999663526245 0.899831932773
0.999663526245 0.899159663866
0.999663526245 0.89781512605
0.999663526245 0.89512605042
0.99932705249 0.893781512605
0.99932705249 0.891764705882
0.998990578735 0.890420168067
0.998990578735 0.888739495798
0.998990578735 0.886386554622
0.998990578735 0.883697478992
0.998990578735 0.883025210084
0.998990578735 0.878991596639
0.998990578735 0.876302521008
0.998990578735 0.872941176471
0.998990578735 0.869579831933
0.99865410498 0.867226890756
0.99865410498 0.865546218487
0.99865410498 0.861176470588
0.99865410498 0.859159663866
0.99865410498 0.857142857143
0.99865410498 0.854453781513
0.99865410498 0.852100840336
0.99865410498 0.848067226891
0.99865410498 0.846722689076
0.99798115747 0.843361344538
0.99798115747 0.840672268908
0.99798115747 0.837647058824
0.99798115747 0.835966386555
0.99798115747 0.835294117647
0.99798115747 0.833949579832
0.99798115747 0.831932773109
0.99798115747 0.829915966387
0.99798115747 0.826890756303
0.99798115747 0.824201680672
0.997644683715 0.821512605042
0.997644683715 0.819159663866
0.99730820996 0.815798319328
0.996971736205 0.814117647059
0.99663526245 0.812100840336
0.99663526245 0.808403361345
0.996298788694 0.806050420168
0.996298788694 0.80268907563
0.996298788694 0.798655462185
0.996298788694 0.795630252101
0.996298788694 0.791260504202
0.995962314939 0.788571428571
0.995962314939 0.787226890756
0.995625841184 0.784537815126
0.995625841184 0.780840336134
0.995625841184 0.776470588235
0.995625841184 0.77512605042
0.995625841184 0.770756302521
0.995289367429 0.768403361345
0.995289367429 0.766386554622
0.995289367429 0.764369747899
0.995289367429 0.759327731092
0.994952893674 0.756302521008
0.994616419919 0.752268907563
0.994616419919 0.747226890756
0.993943472409 0.740840336134
0.993943472409 0.737142857143
0.993606998654 0.731092436975
0.992934051144 0.729075630252
0.992597577389 0.724705882353
0.992597577389 0.720336134454
0.992261103634 0.716638655462
0.992261103634 0.713949579832
0.992261103634 0.711932773109
0.992261103634 0.708235294118
0.992261103634 0.706554621849
0.991924629879 0.701176470588
0.991588156124 0.696470588235
0.991588156124 0.69243697479
0.991588156124 0.688067226891
0.991251682369 0.683025210084
0.990915208614 0.679663865546
0.990915208614 0.678319327731
0.990915208614 0.674957983193
0.990578734859 0.671596638655
0.989905787349 0.666218487395
0.989232839838 0.662521008403
0.988896366083 0.658151260504
0.988896366083 0.652100840336
0.988896366083 0.648067226891
0.988559892328 0.644033613445
0.987886944818 0.64
0.986877523553 0.636638655462
0.986877523553 0.632605042017
0.986204576043 0.628571428571
0.985531628533 0.625546218487
0.985195154778 0.621512605042
0.984858681023 0.61781512605
0.984522207268 0.614789915966
0.983512786003 0.608403361345
0.982503364738 0.605714285714
0.980820995962 0.601008403361
0.980820995962 0.596974789916
0.979138627187 0.592605042017
0.978465679677 0.587226890756
0.978465679677 0.58487394958
0.978129205922 0.578487394958
0.978129205922 0.572773109244
0.976783310902 0.566386554622
0.976446837147 0.561008403361
0.976110363392 0.556638655462
0.975773889637 0.551932773109
0.975773889637 0.548571428571
0.975100942127 0.54487394958
0.974764468371 0.540840336134
0.974427994616 0.535462184874
0.974091520861 0.530420168067
0.973418573351 0.525042016807
0.972072678331 0.521008403361
0.971399730821 0.516638655462
0.971063257066 0.512941176471
0.970053835801 0.508907563025
0.969380888291 0.505210084034
0.969380888291 0.500504201681
0.968707940781 0.495798319328
0.968371467026 0.493781512605
0.967698519515 0.491764705882
0.967698519515 0.487731092437
0.967025572005 0.484369747899
0.966352624495 0.480672268908
0.96601615074 0.476302521008
0.96467025572 0.471260504202
0.96399730821 0.466218487395
0.9633243607 0.461176470588
0.96265141319 0.455462184874
0.961641991925 0.452100840336
0.960632570659 0.445714285714
0.959623149394 0.44268907563
0.959286675639 0.437647058824
0.958613728129 0.432268907563
0.957267833109 0.427226890756
0.956258411844 0.422857142857
0.955585464334 0.419495798319
0.955248990579 0.416470588235
0.954239569314 0.411428571429
0.953566621803 0.408403361345
0.952220726783 0.403025210084
0.951547779273 0.398319327731
0.950538358008 0.395630252101
0.948855989233 0.392268907563
0.948183041723 0.388571428571
0.946837146703 0.385882352941
0.945827725437 0.381848739496
0.944481830417 0.377478991597
0.942462987887 0.373445378151
0.941790040377 0.369411764706
0.941117092867 0.364705882353
0.940107671602 0.363361344538
0.939771197847 0.36
0.938088829071 0.357647058824
0.936406460296 0.353277310924
0.934724091521 0.35025210084
0.933714670256 0.34756302521
0.933041722746 0.340840336134
0.93135935397 0.337478991597
0.930349932705 0.332773109244
0.929676985195 0.326722689076
0.929004037685 0.323361344538
0.92732166891 0.320336134454
0.926312247645 0.317647058824
0.92530282638 0.312605042017
0.924629878869 0.306218487395
0.923620457604 0.300840336134
0.922274562584 0.296806722689
0.919919246299 0.292100840336
0.916554508748 0.289075630252
0.915881561238 0.285714285714
0.914535666218 0.281008403361
0.912516823688 0.27731092437
0.911843876178 0.274285714286
0.910161507402 0.270924369748
0.907133243607 0.266218487395
0.904441453567 0.262521008403
0.903432032301 0.258823529412
0.900403768506 0.255798319328
0.897711978466 0.253445378151
0.896702557201 0.250084033613
0.89468371467 0.245714285714
0.893001345895 0.240336134454
0.89199192463 0.235966386555
0.8899730821 0.232268907563
0.887954239569 0.229243697479
0.886271870794 0.224201680672
0.883580080754 0.219831932773
0.880888290713 0.216470588235
0.878869448183 0.214117647059
0.876177658143 0.20974789916
0.872476446837 0.207058823529
0.870457604307 0.204033613445
0.867765814266 0.200672268908
0.866419919246 0.197647058824
0.865074024226 0.194621848739
0.863728129206 0.191932773109
0.862045760431 0.189243697479
0.8600269179 0.185882352941
0.858344549125 0.18218487395
0.856998654105 0.179831932773
0.855652759085 0.176806722689
0.852960969044 0.173109243697
0.851615074024 0.170756302521
0.849259757739 0.167731092437
0.846567967699 0.165714285714
0.843539703903 0.161008403361
0.841520861373 0.158655462185
0.839502018843 0.156302521008
0.836473755047 0.152605042017
0.833781965007 0.150588235294
0.831426648721 0.148235294118
0.829071332436 0.146218487395
0.825370121131 0.14218487395
0.82200538358 0.139495798319
0.82065948856 0.134453781513
0.819650067295 0.13243697479
0.81864064603 0.130420168067
0.815275908479 0.127058823529
0.812247644684 0.12268907563
0.809892328398 0.121008403361
0.806864064603 0.11731092437
0.803499327052 0.116302521008
0.799461641992 0.114957983193
0.797106325707 0.111596638655
0.794414535666 0.109915966387
0.791722745626 0.108235294118
0.790040376851 0.105882352941
0.7866756393 0.104537815126
0.78398384926 0.102521008403
0.781292059219 0.100168067227
0.778600269179 0.0974789915966
0.774899057873 0.0961344537815
0.770524899058 0.0947899159664
0.766823687752 0.0927731092437
0.762786002692 0.0914285714286
0.760094212651 0.0890756302521
0.757402422611 0.0873949579832
0.754037685061 0.0863865546218
0.748317631225 0.0850420168067
0.744279946164 0.083025210084
0.741251682369 0.0803361344538
0.736541049798 0.08
0.734522207268 0.0783193277311
0.732503364738 0.0759663865546
0.728802153432 0.0736134453782
0.725437415882 0.0719327731092
0.724091520861 0.0695798319328
0.720390309556 0.0678991596639
0.71736204576 0.0648739495798
0.71399730821 0.0638655462185
0.709959623149 0.0631932773109
0.705921938089 0.0618487394958
0.701547779273 0.0611764705882
0.699865410498 0.0594957983193
0.697173620458 0.0581512605042
0.694818304172 0.0561344537815
0.691790040377 0.0541176470588
0.688761776581 0.053781512605
0.684387617766 0.0527731092437
0.681022880215 0.0517647058824
0.67866756393 0.0497478991597
0.67597577389 0.0487394957983
0.671601615074 0.0480672268908
0.668236877524 0.0470588235294
0.666218034993 0.0467226890756
0.662853297443 0.0453781512605
0.659152086137 0.0426890756303
0.656460296097 0.0423529411765
0.653432032301 0.0413445378151
0.650067294751 0.04
0.647039030956 0.04
0.64333781965 0.0389915966387
0.639636608345 0.0386554621849
0.636271870794 0.0363025210084
0.631897711978 0.0352941176471
0.628532974428 0.0339495798319
0.626177658143 0.0326050420168
0.623149394347 0.0319327731092
0.619784656797 0.0305882352941
0.617092866756 0.029243697479
0.613728129206 0.0285714285714
0.610363391655 0.0285714285714
0.60800807537 0.0278991596639
0.605652759085 0.0275630252101
0.601278600269 0.0255462184874
0.598250336474 0.0248739495798
0.594549125168 0.0238655462185
0.592530282638 0.0238655462185
0.588829071332 0.0235294117647
0.583781965007 0.0231932773109
0.580417227456 0.0221848739496
0.576379542396 0.0218487394958
0.57267833109 0.021512605042
0.568304172275 0.0211764705882
0.565275908479 0.0205042016807
0.561238223419 0.0201680672269
0.556191117093 0.0198319327731
0.553499327052 0.0194957983193
0.550807537012 0.0194957983193
0.549461641992 0.018487394958
0.545423956931 0.0181512605042
0.541722745626 0.0174789915966
0.53802153432 0.0168067226891
0.53331090175 0.0164705882353
0.526917900404 0.0161344537815
0.520861372813 0.0157983193277
0.517160161507 0.0144537815126
0.513795423957 0.013781512605
0.508075370121 0.013781512605
0.503701211306 0.013781512605
0.49798115747 0.0134453781513
0.494616419919 0.0127731092437
0.491251682369 0.0114285714286
0.488223418573 0.0114285714286
0.485195154778 0.0110924369748
0.480484522207 0.0110924369748
0.478465679677 0.0110924369748
0.474427994616 0.0110924369748
0.472745625841 0.010756302521
0.469717362046 0.0104201680672
0.467698519515 0.0100840336134
0.46534320323 0.0100840336134
0.462987886945 0.00974789915966
0.457940780619 0.0090756302521
0.455248990579 0.0090756302521
0.450874831763 0.0090756302521
0.448855989233 0.00840336134454
0.445154777927 0.00840336134454
0.442126514132 0.00806722689076
0.437079407806 0.00773109243697
0.435733512786 0.00773109243697
0.432368775236 0.00705882352941
0.427658142665 0.00705882352941
0.424966352624 0.00705882352941
0.422611036339 0.00672268907563
0.419919246299 0.00672268907563
0.418909825034 0.00638655462185
0.415208613728 0.00605042016807
0.410161507402 0.00571428571429
0.407469717362 0.00571428571429
0.404777927322 0.00571428571429
0.400403768506 0.0053781512605
0.397039030956 0.0053781512605
0.392328398385 0.00436974789916
0.389636608345 0.00403361344538
0.385262449529 0.0036974789916
0.381561238223 0.00336134453782
0.375841184388 0.00336134453782
0.372139973082 0.00336134453782
0.368102288022 0.00268907563025
0.364401076716 0.00201680672269
0.359017496635 0.00201680672269
0.35598923284 0.00201680672269
0.351951547779 0.00201680672269
0.348250336474 0.00201680672269
0.344885598923 0.00201680672269
0.341184387618 0.00201680672269
0.337146702557 0.00201680672269
0.332099596231 0.00201680672269
0.327725437416 0.00201680672269
0.323014804845 0.00201680672269
0.32065948856 0.00201680672269
0.315612382234 0.00168067226891
0.313593539704 0.00168067226891
0.311238223419 0.00168067226891
0.307537012113 0.00168067226891
0.304172274563 0.00168067226891
0.301480484522 0.00134453781513
0.297442799462 0.00100840336134
0.293741588156 0.00100840336134
0.291049798116 0.000672268907563
0.28734858681 0.000672268907563
0.285666218035 0.000672268907563
0.281965006729 0.000672268907563
0.279273216689 0.000672268907563
0.273889636608 0.000672268907563
0.273553162853 0.000672268907563
0.271197846568 0.000672268907563
0.267833109017 0.000672268907563
0.264804845222 0.000672268907563
0.263458950202 0.000672268907563
0.260767160162 0.000672268907563
0.256729475101 0.000672268907563
0.254037685061 0.000672268907563
0.251682368775 0.000672268907563
0.249663526245 0.000672268907563
0.246298788694 0.000672268907563
0.244279946164 0.000672268907563
0.241251682369 0.000672268907563
0.237886944818 0.000336134453782
0.235195154778 0.000336134453782
0.231830417227 0.000336134453782
0.229475100942 0.000336134453782
0.226110363392 0.000336134453782
0.223082099596 0.000336134453782
0.217025572005 0.000336134453782
0.21467025572 0.000336134453782
0.21265141319 0.000336134453782
0.21130551817 0.000336134453782
0.207267833109 0.000336134453782
0.203903095559 0.000336134453782
0.202893674293 0.000336134453782
0.199528936743 0.000336134453782
0.195491251682 0.000336134453782
0.193135935397 0.000336134453782
0.191790040377 0.000336134453782
0.190107671602 0.000336134453782
0.187752355316 0.000336134453782
0.185397039031 0.000336134453782
0.183378196501 0.000336134453782
0.18203230148 0.000336134453782
0.17934051144 0.000336134453782
0.1766487214 0.0
0.173956931359 0.0
0.171265141319 0.0
0.168236877524 0.0
0.165208613728 0.0
0.163189771198 0.0
0.160834454913 0.0
0.159488559892 0.0
0.156123822342 0.0
0.153432032301 0.0
0.152086137281 0.0
0.148721399731 0.0
0.147375504711 0.0
0.143674293405 0.0
0.14199192463 0.0
0.139636608345 0.0
0.137954239569 0.0
0.135935397039 0.0
0.132907133244 0.0
0.130215343203 0.0
0.128532974428 0.0
0.128196500673 0.0
0.126514131898 0.0
0.124831763122 0.0
0.123485868102 0.0
0.121803499327 0.0
0.120457604307 0.0
0.119448183042 0.0
0.118438761777 0.0
0.116083445491 0.0
0.114737550471 0.0
0.111709286676 0.0
0.110363391655 0.0
0.109690444145 0.0
0.10800807537 0.0
0.105652759085 0.0
0.102960969044 0.0
0.101615074024 0.0
0.100269179004 0.0
0.0975773889637 0.0
0.0962314939435 0.0
0.0948855989233 0.0
0.0938761776581 0.0
0.092866756393 0.0
0.0911843876178 0.0
0.0891655450875 0.0
0.0884925975774 0.0
0.0881561238223 0.0
0.0861372812921 0.0
0.0834454912517 0.0
0.0814266487214 0.0
0.0794078061911 0.0
0.078398384926 0.0
0.0770524899058 0.0
0.0763795423957 0.0
0.0753701211306 0.0
0.0740242261104 0.0
0.0730148048452 0.0
0.0709959623149 0.0
0.0703230148048 0.0
0.0686406460296 0.0
0.0679676985195 0.0
0.0672947510094 0.0
0.0656123822342 0.0
0.064602960969 0.0
0.0632570659489 0.0
0.0622476446837 0.0
0.0612382234186 0.0
0.0609017496635 0.0
0.0602288021534 0.0
0.0588829071332 0.0
0.0582099596231 0.0
0.0575370121131 0.0
0.0558546433378 0.0
0.0555181695828 0.0
0.0545087483176 0.0
0.0541722745626 0.0
0.0531628532974 0.0
0.0518169582773 0.0
0.0511440107672 0.0
0.0504710632571 0.0
0.049798115747 0.0
0.0487886944818 0.0
0.0474427994616 0.0
0.0471063257066 0.0
0.0464333781965 0.0
0.0450874831763 0.0
0.0440780619112 0.0
0.0423956931359 0.0
0.0413862718708 0.0
0.0410497981157 0.0
0.0403768506057 0.0
0.0393674293405 0.0
0.0380215343203 0.0
0.0366756393001 0.0
0.035666218035 0.0
0.0353297442799 0.0
0.0339838492598 0.0
0.0323014804845 0.0
0.0316285329744 0.0
0.0306191117093 0.0
0.0302826379542 0.0
0.0292732166891 0.0
0.0289367429341 0.0
0.0279273216689 0.0
0.0265814266487 0.0
0.0262449528937 0.0
0.0259084791386 0.0
0.0248990578735 0.0
0.0245625841184 0.0
0.0238896366083 0.0
0.0232166890983 0.0
0.0228802153432 0.0
0.0222072678331 0.0
0.021534320323 0.0
0.021197846568 0.0
0.0205248990579 0.0
0.0201884253028 0.0
0.0195154777927 0.0
0.0191790040377 0.0
0.0181695827725 0.0
0.0174966352624 0.0
0.0161507402423 0.0
0.0158142664872 0.0
0.0151413189771 0.0
0.0148048452221 0.0
0.014468371467 0.0
0.014131897712 0.0
0.0137954239569 0.0
0.0134589502019 0.0
0.0121130551817 0.0
0.0114401076716 0.0
0.0111036339166 0.0
0.0107671601615 0.0
0.0104306864065 0.0
0.0100942126514 0.0
0.00975773889637 0.0
0.00942126514132 0.0
0.00908479138627 0.0
0.00874831763122 0.0
0.00841184387618 0.0
0.00807537012113 0.0
0.00740242261104 0.0
0.00706594885599 0.0
0.00672947510094 0.0
0.0063930013459 0.0
0.0057200538358 0.0
0.00538358008075 0.0
0.00504710632571 0.0
0.00471063257066 0.0
0.00437415881561 0.0
0.00403768506057 0.0
0.00370121130552 0.0
0.00336473755047 0.0
0.00302826379542 0.0
0.00269179004038 0.0
0.00235531628533 0.0
0.00201884253028 0.0
0.00168236877524 0.0
0.00134589502019 0.0
0.00100942126514 0.0
0.000672947510094 0.0
0.000336473755047 0.0
