1.000000 0.999664
1.000000 0.999328
1.000000 0.998992
1.000000 0.998655
1.000000 0.998319
1.000000 0.997983
1.000000 0.997647
1.000000 0.997311
1.000000 0.996639
1.000000 0.996303
1.000000 0.995966
1.000000 0.995294
1.000000 0.994958
1.000000 0.994622
1.000000 0.994286
1.000000 0.993950
1.000000 0.993613
1.000000 0.993277
1.000000 0.992941
1.000000 0.992605
1.000000 0.991597
1.000000 0.990924
1.000000 0.990588
1.000000 0.989580
1.000000 0.988908
1.000000 0.988235
1.000000 0.987227
1.000000 0.986555
1.000000 0.986218
1.000000 0.985546
1.000000 0.984874
1.000000 0.984202
1.000000 0.983866
1.000000 0.983193
1.000000 0.982857
1.000000 0.982185
1.000000 0.981849
1.000000 0.981176
1.000000 0.980504
1.000000 0.980168
1.000000 0.979496
1.000000 0.977815
1.000000 0.977143
1.000000 0.976471
1.000000 0.975462
1.000000 0.974454
1.000000 0.973445
1.000000 0.972101
1.000000 0.971429
1.000000 0.970756
1.000000 0.969748
1.000000 0.968739
1.000000 0.967731
1.000000 0.966723
1.000000 0.965042
1.000000 0.964034
1.000000 0.963697
1.000000 0.963025
1.000000 0.962353
1.000000 0.961681
1.000000 0.961008
1.000000 0.960672
1.000000 0.959664
1.000000 0.958319
1.000000 0.957311
1.000000 0.955630
1.000000 0.954286
1.000000 0.953277
1.000000 0.951597
1.000000 0.951261
1.000000 0.950924
1.000000 0.950252
1.000000 0.949244
1.000000 0.948571
1.000000 0.947227
1.000000 0.946555
1.000000 0.945210
1.000000 0.944202
1.000000 0.942857
1.000000 0.941849
1.000000 0.940504
1.000000 0.938824
1.000000 0.937815
1.000000 0.936471
1.000000 0.935798
1.000000 0.935462
1.000000 0.933109
1.000000 0.930756
1.000000 0.929748
1.000000 0.928739
1.000000 0.927395
1.000000 0.926050
1.000000 0.925378
1.000000 0.924034
1.000000 0.922353
1.000000 0.922017
1.000000 0.921008
1.000000 0.919664
1.000000 0.918992
1.000000 0.918319
1.000000 0.917311
1.000000 0.915294
0.999664 0.912605
0.999664 0.911597
0.999664 0.910588
0.999664 0.908908
0.999664 0.906891
0.999664 0.904538
0.999664 0.901176
0.999664 0.899832
0.999664 0.899160
0.999664 0.897143
0.999664 0.893782
0.999664 0.892437
0.999664 0.887731
0.999664 0.886050
0.999664 0.883025
0.999664 0.881345
0.999664 0.880000
0.999664 0.878655
0.999327 0.876975
0.999327 0.873950
0.999327 0.871261
0.999327 0.867899
0.999327 0.864202
0.998991 0.862185
0.998991 0.859160
0.998991 0.858487
0.998991 0.853782
0.998991 0.852437
0.998991 0.850756
0.998991 0.847395
0.998991 0.845042
0.998991 0.844034
0.998991 0.840672
0.998991 0.838992
0.998991 0.835294
0.998991 0.832605
0.998318 0.829916
0.998318 0.827899
0.998318 0.826555
0.998318 0.823866
0.997981 0.822185
0.997981 0.820504
0.997981 0.818487
0.997981 0.814790
0.997645 0.813445
0.997308 0.810420
0.997308 0.806723
0.997308 0.803025
0.997308 0.799664
0.997308 0.797311
0.997308 0.794286
0.997308 0.790588
0.997308 0.786218
0.997308 0.781849
0.997308 0.779832
0.997308 0.775798
0.997308 0.772773
0.996972 0.770420
0.996972 0.768067
0.996972 0.766050
0.996972 0.763361
0.996635 0.761345
0.996635 0.758655
0.996635 0.754622
0.996635 0.750588
0.996635 0.747899
0.996635 0.744538
0.996635 0.741513
0.996635 0.738151
0.996635 0.735126
0.996635 0.731429
0.996635 0.728067
0.996635 0.722689
0.996635 0.720672
0.995962 0.717983
0.995962 0.714286
0.995626 0.711261
0.995289 0.708571
0.995289 0.703529
0.995289 0.700504
0.995289 0.696471
0.995289 0.693109
0.994616 0.688403
0.994616 0.685042
0.994280 0.680000
0.994280 0.675630
0.993607 0.673613
0.993271 0.670588
0.992934 0.666555
0.992934 0.663866
0.992934 0.660504
0.992934 0.655462
0.992934 0.650756
0.992598 0.647731
0.992598 0.639664
0.992261 0.634958
0.991925 0.632605
0.991252 0.629580
0.990915 0.625882
0.990579 0.620168
0.990242 0.614454
0.989906 0.609748
0.989906 0.603361
0.989569 0.597647
0.987550 0.592941
0.987214 0.589916
0.986878 0.586218
0.986541 0.580504
0.986541 0.574790
0.986205 0.570420
0.985868 0.566050
0.985868 0.561681
0.985532 0.557311
0.985532 0.552941
0.985195 0.548235
0.984859 0.543529
0.984186 0.539496
0.984186 0.536807
0.983513 0.531765
0.982840 0.527731
0.981830 0.523025
0.981157 0.516975
0.980821 0.510252
0.979812 0.505546
0.979139 0.500840
0.979139 0.498487
0.978802 0.492773
0.978802 0.487395
0.978466 0.482017
0.978129 0.476975
0.977793 0.470924
0.976447 0.467227
0.975437 0.463193
0.974764 0.459496
0.974092 0.455462
0.973755 0.450420
0.973419 0.444706
0.972746 0.441345
0.971400 0.438319
0.971063 0.435630
0.970054 0.430252
0.970054 0.427227
0.969381 0.422521
0.969044 0.419160
0.968371 0.415798
0.968035 0.409412
0.967362 0.405378
0.966353 0.400000
0.965343 0.395630
0.964670 0.391261
0.963997 0.388571
0.963324 0.382857
0.961978 0.378487
0.961306 0.375798
0.960633 0.372101
0.958277 0.367731
0.957268 0.363361
0.955922 0.357311
0.955585 0.354286
0.953903 0.349916
0.952894 0.345882
0.951548 0.341513
0.950875 0.337143
0.949192 0.333109
0.947510 0.329412
0.946837 0.325042
0.946164 0.321345
0.944818 0.316975
0.943136 0.314622
0.942463 0.311597
0.941117 0.308235
0.939435 0.304874
0.937079 0.301176
0.935734 0.297479
0.934724 0.293445
0.933042 0.289412
0.931696 0.284034
0.929677 0.278655
0.929677 0.274286
0.928668 0.270924
0.926649 0.269580
0.925976 0.265882
0.922948 0.262521
0.919583 0.259496
0.917227 0.256134
0.915209 0.251429
0.914199 0.248403
0.911844 0.243697
0.908143 0.238992
0.907133 0.235630
0.905451 0.231933
0.903432 0.226218
0.901750 0.224202
0.900067 0.222857
0.897039 0.220168
0.896366 0.217815
0.894684 0.211092
0.893338 0.204034
0.891655 0.200000
0.890310 0.195630
0.888291 0.192269
0.886608 0.190252
0.885262 0.187899
0.883580 0.184202
0.880552 0.180840
0.878869 0.178824
0.876514 0.175462
0.874832 0.170756
0.873486 0.168739
0.872140 0.165042
0.870794 0.161681
0.870121 0.158655
0.866756 0.156639
0.863055 0.152605
0.862046 0.149916
0.859690 0.148571
0.855316 0.146891
0.853634 0.143866
0.849260 0.140168
0.847914 0.137479
0.846568 0.135126
0.842194 0.133782
0.839838 0.131429
0.837483 0.128067
0.836810 0.124706
0.833445 0.120672
0.830081 0.118655
0.828735 0.117311
0.826716 0.114958
0.823351 0.111597
0.820659 0.108571
0.817968 0.105882
0.816622 0.103529
0.815276 0.100168
0.812584 0.097815
0.810229 0.095462
0.806864 0.094790
0.804172 0.092773
0.800135 0.090420
0.798116 0.088067
0.794751 0.085042
0.790713 0.083697
0.787685 0.081681
0.785666 0.079328
0.783311 0.077983
0.778264 0.076975
0.775908 0.074622
0.772207 0.073277
0.769179 0.072269
0.766151 0.071261
0.763795 0.069916
0.759085 0.068908
0.757402 0.066891
0.753028 0.064538
0.751346 0.063193
0.747308 0.062521
0.743943 0.060504
0.740579 0.058824
0.739233 0.056807
0.735868 0.055126
0.732840 0.054118
0.729812 0.053445
0.725437 0.052437
0.720390 0.050420
0.718035 0.050084
0.715680 0.048739
0.712988 0.048067
0.709960 0.048067
0.706258 0.046050
0.703230 0.044370
0.700202 0.042689
0.696837 0.042017
0.693136 0.041681
0.690781 0.041345
0.687752 0.041008
0.685061 0.040000
0.681696 0.037983
0.676312 0.036639
0.673957 0.035630
0.670592 0.033950
0.668573 0.032941
0.661507 0.032269
0.657470 0.031597
0.653769 0.030924
0.651750 0.029580
0.646703 0.027227
0.643674 0.026891
0.641319 0.025210
0.638291 0.023866
0.633580 0.023866
0.629879 0.022857
0.625841 0.022185
0.622476 0.021849
0.619785 0.021513
0.617766 0.021176
0.615074 0.021176
0.612046 0.020504
0.608008 0.019832
0.604643 0.019496
0.602624 0.019496
0.597914 0.019496
0.596231 0.018487
0.592530 0.017815
0.590848 0.017143
0.585801 0.016807
0.580754 0.015798
0.577725 0.015462
0.574024 0.014790
0.568304 0.014118
0.562921 0.013782
0.560229 0.013445
0.555855 0.013109
0.551480 0.012773
0.548789 0.012773
0.544415 0.012437
0.543069 0.012437
0.540040 0.012101
0.534320 0.011765
0.530619 0.011765
0.528264 0.011765
0.524563 0.011765
0.521534 0.011765
0.518506 0.010756
0.513795 0.010420
0.511104 0.010420
0.507066 0.010420
0.502692 0.010084
0.497645 0.009748
0.493271 0.009076
0.488896 0.008739
0.483176 0.007731
0.480821 0.007395
0.477120 0.007059
0.475437 0.006723
0.473419 0.006050
0.468035 0.005378
0.466016 0.005042
0.464334 0.005042
0.461642 0.005042
0.457941 0.005042
0.452894 0.004706
0.448520 0.004706
0.446837 0.004034
0.441790 0.004034
0.436743 0.004034
0.433042 0.004034
0.429341 0.003697
0.424630 0.003697
0.419919 0.003697
0.416555 0.003697
0.412180 0.003697
0.406797 0.003697
0.401750 0.003697
0.398721 0.003361
0.395693 0.003025
0.392665 0.002689
0.389973 0.002689
0.387618 0.002689
0.384590 0.002689
0.381225 0.002353
0.378197 0.002353
0.373822 0.002353
0.371131 0.002353
0.368775 0.002017
0.364738 0.002017
0.361373 0.002017
0.358681 0.001681
0.354307 0.001681
0.352288 0.001345
0.348923 0.001345
0.345895 0.001345
0.342530 0.001345
0.338156 0.001345
0.334791 0.001345
0.330417 0.001008
0.326043 0.001008
0.322678 0.000672
0.319650 0.000672
0.314939 0.000672
0.312248 0.000672
0.307537 0.000672
0.304172 0.000672
0.302153 0.000672
0.299125 0.000672
0.295760 0.000672
0.292396 0.000672
0.288022 0.000336
0.284657 0.000336
0.280283 0.000336
0.276918 0.000336
0.274899 0.000336
0.270525 0.000336
0.266824 0.000336
0.263122 0.000336
0.260767 0.000336
0.258075 0.000336
0.256057 0.000336
0.252692 0.000336
0.250000 0.000336
0.247645 0.000336
0.242934 0.000336
0.240242 0.000336
0.237550 0.000336
0.234522 0.000336
0.229475 0.000336
0.225437 0.000336
0.222073 0.000336
0.219717 0.000336
0.218371 0.000336
0.216353 0.000336
0.211306 0.000336
0.207268 0.000336
0.202894 0.000336
0.201211 0.000336
0.198856 0.000000
0.195828 0.000000
0.191790 0.000000
0.189098 0.000000
0.187079 0.000000
0.183378 0.000000
0.180013 0.000000
0.178668 0.000000
0.176985 0.000000
0.175976 0.000000
0.173284 0.000000
0.169919 0.000000
0.168237 0.000000
0.165882 0.000000
0.164199 0.000000
0.162517 0.000000
0.159825 0.000000
0.156797 0.000000
0.155114 0.000000
0.150740 0.000000
0.148048 0.000000
0.147376 0.000000
0.145357 0.000000
0.141992 0.000000
0.140646 0.000000
0.139973 0.000000
0.139300 0.000000
0.135599 0.000000
0.133580 0.000000
0.131561 0.000000
0.129542 0.000000
0.127524 0.000000
0.126178 0.000000
0.125841 0.000000
0.123822 0.000000
0.121131 0.000000
0.119785 0.000000
0.117766 0.000000
0.116756 0.000000
0.115410 0.000000
0.113055 0.000000
0.111373 0.000000
0.109690 0.000000
0.108345 0.000000
0.107672 0.000000
0.105989 0.000000
0.104643 0.000000
0.102961 0.000000
0.101615 0.000000
0.100942 0.000000
0.098923 0.000000
0.097914 0.000000
0.095222 0.000000
0.093876 0.000000
0.091857 0.000000
0.090848 0.000000
0.089502 0.000000
0.088493 0.000000
0.087483 0.000000
0.085801 0.000000
0.085128 0.000000
0.083109 0.000000
0.082100 0.000000
0.080081 0.000000
0.079071 0.000000
0.076716 0.000000
0.076043 0.000000
0.075034 0.000000
0.074024 0.000000
0.072342 0.000000
0.070659 0.000000
0.069650 0.000000
0.068641 0.000000
0.067968 0.000000
0.067295 0.000000
0.065612 0.000000
0.063594 0.000000
0.062584 0.000000
0.061238 0.000000
0.060229 0.000000
0.058546 0.000000
0.057537 0.000000
0.056864 0.000000
0.056191 0.000000
0.055855 0.000000
0.053499 0.000000
0.051817 0.000000
0.051144 0.000000
0.050135 0.000000
0.049462 0.000000
0.048452 0.000000
0.047443 0.000000
0.046433 0.000000
0.045760 0.000000
0.045424 0.000000
0.044751 0.000000
0.044415 0.000000
0.043405 0.000000
0.042059 0.000000
0.040713 0.000000
0.040040 0.000000
0.039704 0.000000
0.039367 0.000000
0.038022 0.000000
0.037349 0.000000
0.036676 0.000000
0.035666 0.000000
0.035330 0.000000
0.033647 0.000000
0.032974 0.000000
0.032638 0.000000
0.032301 0.000000
0.031629 0.000000
0.030956 0.000000
0.030619 0.000000
0.029610 0.000000
0.028264 0.000000
0.027927 0.000000
0.027591 0.000000
0.027254 0.000000
0.026245 0.000000
0.025572 0.000000
0.024899 0.000000
0.024226 0.000000
0.022544 0.000000
0.022207 0.000000
0.021871 0.000000
0.020861 0.000000
0.019852 0.000000
0.019515 0.000000
0.018843 0.000000
0.018170 0.000000
0.017833 0.000000
0.017160 0.000000
0.016824 0.000000
0.016151 0.000000
0.015814 0.000000
0.015478 0.000000
0.015141 0.000000
0.014805 0.000000
0.014468 0.000000
0.014132 0.000000
0.013459 0.000000
0.012113 0.000000
0.011440 0.000000
0.010767 0.000000
0.010431 0.000000
0.009758 0.000000
0.009421 0.000000
0.009085 0.000000
0.008412 0.000000
0.008075 0.000000
0.007402 0.000000
0.007066 0.000000
0.006393 0.000000
0.006057 0.000000
0.005720 0.000000
0.005384 0.000000
0.005047 0.000000
0.004374 0.000000
0.004038 0.000000
0.003701 0.000000
0.003365 0.000000
0.003028 0.000000
0.002692 0.000000
0.002355 0.000000
0.002019 0.000000
0.001682 0.000000
0.001346 0.000000
0.001009 0.000000
0.000673 0.000000
0.000336 0.000000
