1.0 0.999663865546
1.0 0.999327731092
1.0 0.998991596639
1.0 0.998655462185
1.0 0.998319327731
1.0 0.997983193277
1.0 0.99731092437
1.0 0.996974789916
1.0 0.996302521008
1.0 0.995966386555
1.0 0.995630252101
1.0 0.995294117647
1.0 0.994957983193
1.0 0.994621848739
1.0 0.994285714286
1.0 0.993949579832
1.0 0.993277310924
1.0 0.992941176471
1.0 0.992268907563
1.0 0.991932773109
1.0 0.990924369748
1.0 0.99025210084
1.0 0.989915966387
1.0 0.989243697479
1.0 0.988907563025
1.0 0.98756302521
1.0 0.987226890756
1.0 0.986218487395
1.0 0.985210084034
1.0 0.984201680672
1.0 0.983529411765
1.0 0.983193277311
1.0 0.982857142857
1.0 0.982521008403
1.0 0.981848739496
1.0 0.981176470588
1.0 0.980168067227
1.0 0.979831932773
1.0 0.979495798319
1.0 0.979159663866
1.0 0.978823529412
1.0 0.977478991597
1.0 0.976470588235
1.0 0.975798319328
1.0 0.975462184874
1.0 0.974453781513
1.0 0.973445378151
1.0 0.973109243697
1.0 0.972100840336
1.0 0.971764705882
1.0 0.971428571429
1.0 0.970756302521
1.0 0.970420168067
1.0 0.969075630252
1.0 0.967731092437
1.0 0.967058823529
1.0 0.966050420168
1.0 0.964033613445
1.0 0.962352941176
1.0 0.962016806723
1.0 0.961344537815
1.0 0.958991596639
1.0 0.958655462185
1.0 0.957983193277
1.0 0.957647058824
1.0 0.956638655462
1.0 0.955966386555
1.0 0.954957983193
1.0 0.953949579832
1.0 0.953613445378
1.0 0.952941176471
1.0 0.951932773109
1.0 0.950924369748
1.0 0.949579831933
1.0 0.948235294118
1.0 0.947226890756
1.0 0.946218487395
1.0 0.944537815126
0.999663526245 0.943193277311
0.999663526245 0.940840336134
0.999663526245 0.938487394958
0.999663526245 0.93781512605
0.999663526245 0.936806722689
0.999663526245 0.935462184874
0.999663526245 0.934117647059
0.999663526245 0.933445378151
0.999663526245 0.93243697479
0.999663526245 0.932100840336
0.999663526245 0.930756302521
0.999663526245 0.928739495798
0.999663526245 0.926722689076
0.999663526245 0.925714285714
0.999663526245 0.923025210084
0.999663526245 0.921344537815
0.999663526245 0.919663865546
0.999663526245 0.917983193277
0.999663526245 0.916638655462
0.999663526245 0.914621848739
0.999663526245 0.912941176471
0.999663526245 0.910588235294
0.999663526245 0.908907563025
0.999663526245 0.908235294118
0.999663526245 0.907226890756
0.999663526245 0.906218487395
0.999663526245 0.904537815126
0.999663526245 0.902521008403
0.999663526245 0.900840336134
0.999663526245 0.898823529412
0.999663526245 0.897142857143
0.999663526245 0.895462184874
0.999663526245 0.894117647059
0.999663526245 0.890756302521
0.999663526245 0.888739495798
0.99932705249 0.886386554622
0.99932705249 0.884033613445
0.99932705249 0.880672268908
0.99932705249 0.88
0.99932705249 0.878319327731
0.99932705249 0.876974789916
0.99932705249 0.874957983193
0.99932705249 0.873613445378
0.99932705249 0.871932773109
0.99932705249 0.869243697479
0.998990578735 0.86756302521
0.998990578735 0.866218487395
0.998990578735 0.863193277311
0.998990578735 0.861512605042
0.998990578735 0.859159663866
0.998990578735 0.85781512605
0.998990578735 0.854789915966
0.998990578735 0.852773109244
0.998990578735 0.851764705882
0.998990578735 0.848403361345
0.998990578735 0.846386554622
0.998990578735 0.844033613445
0.998990578735 0.841344537815
0.998990578735 0.839327731092
0.998990578735 0.83731092437
0.998990578735 0.836302521008
0.998990578735 0.834621848739
0.998990578735 0.830924369748
0.998990578735 0.828571428571
0.99865410498 0.827226890756
0.99865410498 0.825546218487
0.998317631225 0.822521008403
0.998317631225 0.819831932773
0.998317631225 0.816470588235
0.99798115747 0.81243697479
0.99798115747 0.810756302521
0.99798115747 0.807394957983
0.99798115747 0.803025210084
0.99798115747 0.8
0.99798115747 0.798319327731
0.99798115747 0.795294117647
0.99798115747 0.793277310924
0.997644683715 0.789915966387
0.997644683715 0.786890756303
0.997644683715 0.784201680672
0.997644683715 0.78218487395
0.997644683715 0.780168067227
0.997644683715 0.777478991597
0.997644683715 0.773445378151
0.99730820996 0.770420168067
0.99730820996 0.767058823529
0.996971736205 0.764369747899
0.996971736205 0.760336134454
0.99663526245 0.755630252101
0.99663526245 0.753277310924
0.99663526245 0.748907563025
0.996298788694 0.746890756303
0.995962314939 0.744537815126
0.995625841184 0.73781512605
0.995289367429 0.733109243697
0.995289367429 0.730756302521
0.995289367429 0.726050420168
0.994952893674 0.722016806723
0.994952893674 0.717983193277
0.994616419919 0.714285714286
0.994616419919 0.712268907563
0.994279946164 0.707899159664
0.994279946164 0.705210084034
0.994279946164 0.70218487395
0.994279946164 0.699831932773
0.993270524899 0.697142857143
0.993270524899 0.693445378151
0.993270524899 0.690756302521
0.993270524899 0.686722689076
0.993270524899 0.683697478992
0.993270524899 0.680336134454
0.992934051144 0.672941176471
0.992934051144 0.668235294118
0.992597577389 0.665882352941
0.992261103634 0.663529411765
0.992261103634 0.660504201681
0.992261103634 0.65781512605
0.991924629879 0.655462184874
0.991588156124 0.651428571429
0.991251682369 0.646386554622
0.990578734859 0.641680672269
0.989905787349 0.63731092437
0.989569313594 0.634621848739
0.989569313594 0.627899159664
0.989569313594 0.62487394958
0.989232839838 0.620840336134
0.988896366083 0.615798319328
0.987886944818 0.612773109244
0.987550471063 0.607731092437
0.987213997308 0.605042016807
0.986877523553 0.600672268908
0.986877523553 0.595966386555
0.986541049798 0.589915966387
0.986204576043 0.586218487395
0.986204576043 0.58218487395
0.985195154778 0.577478991597
0.984858681023 0.573781512605
0.984522207268 0.569075630252
0.984185733513 0.566722689076
0.982503364738 0.563361344538
0.982166890983 0.557647058824
0.981493943472 0.553277310924
0.981157469717 0.548907563025
0.981157469717 0.543865546218
0.979138627187 0.541176470588
0.978465679677 0.537142857143
0.978465679677 0.531764705882
0.978465679677 0.527731092437
0.977456258412 0.522016806723
0.976446837147 0.517983193277
0.976110363392 0.513277310924
0.976110363392 0.508571428571
0.975773889637 0.503529411765
0.974764468371 0.500168067227
0.973418573351 0.497142857143
0.973082099596 0.491428571429
0.972745625841 0.488739495798
0.972409152086 0.485042016807
0.972409152086 0.479663865546
0.972072678331 0.473613445378
0.971063257066 0.468571428571
0.970053835801 0.462857142857
0.970053835801 0.459495798319
0.968707940781 0.454117647059
0.968371467026 0.44974789916
0.967698519515 0.446386554622
0.96736204576 0.442016806723
0.966352624495 0.436638655462
0.96601615074 0.432605042017
0.965006729475 0.428571428571
0.96399730821 0.423865546218
0.96265141319 0.421512605042
0.961641991925 0.416470588235
0.96130551817 0.414117647059
0.960632570659 0.40974789916
0.960632570659 0.405714285714
0.960296096904 0.401344537815
0.959623149394 0.396638655462
0.958277254374 0.392605042017
0.958277254374 0.389579831933
0.956594885599 0.385210084034
0.955248990579 0.378823529412
0.954239569314 0.375798319328
0.953566621803 0.372773109244
0.951884253028 0.369075630252
0.950874831763 0.365042016807
0.950201884253 0.361680672269
0.948183041723 0.357983193277
0.946837146703 0.353277310924
0.945491251682 0.349915966387
0.944481830417 0.346554621849
0.944145356662 0.341512605042
0.943472409152 0.338151260504
0.942462987887 0.334453781513
0.940780619112 0.330756302521
0.940107671602 0.326722689076
0.938088829071 0.322016806723
0.937415881561 0.316302521008
0.937079407806 0.313949579832
0.936069986541 0.309579831933
0.934724091521 0.303529411765
0.933714670256 0.298823529412
0.933041722746 0.295462184874
0.931695827725 0.289075630252
0.930349932705 0.287731092437
0.930349932705 0.285042016807
0.929676985195 0.281008403361
0.92799461642 0.276302521008
0.9266487214 0.270588235294
0.924629878869 0.267899159664
0.922611036339 0.265546218487
0.921265141319 0.262521008403
0.919919246299 0.257478991597
0.918909825034 0.250084033613
0.917227456258 0.246050420168
0.915545087483 0.243361344538
0.913189771198 0.240336134454
0.911843876178 0.236974789916
0.910834454913 0.231932773109
0.908142664872 0.229243697479
0.906796769852 0.226554621849
0.904441453567 0.222857142857
0.902086137281 0.219159663866
0.898721399731 0.215462184874
0.89602960969 0.211428571429
0.89333781965 0.208067226891
0.89199192463 0.205378151261
0.8899730821 0.202352941176
0.887617765814 0.19731092437
0.884589502019 0.193277310924
0.881561238223 0.189243697479
0.879205921938 0.187226890756
0.877523553163 0.18487394958
0.874831763122 0.182857142857
0.873149394347 0.179159663866
0.872476446837 0.176134453782
0.871467025572 0.173445378151
0.870121130552 0.168739495798
0.869111709287 0.167731092437
0.866083445491 0.165714285714
0.864064602961 0.16268907563
0.861372812921 0.15731092437
0.85868102288 0.153613445378
0.856998654105 0.15025210084
0.855652759085 0.148907563025
0.853297442799 0.14756302521
0.850605652759 0.145210084034
0.846904441454 0.143193277311
0.844549125168 0.141512605042
0.842530282638 0.138823529412
0.840511440108 0.136134453782
0.839838492598 0.132773109244
0.837146702557 0.129411764706
0.833781965007 0.126722689076
0.831763122476 0.124033613445
0.828061911171 0.122352941176
0.825706594886 0.120672268908
0.823014804845 0.11731092437
0.819650067295 0.115966386555
0.816285329744 0.111932773109
0.813593539704 0.109915966387
0.810565275908 0.105210084034
0.807537012113 0.103193277311
0.805518169583 0.101512605042
0.803162853297 0.0991596638655
0.799798115747 0.098487394958
0.796769851952 0.0974789915966
0.792059219381 0.0954621848739
0.78869448183 0.0927731092437
0.784993270525 0.0914285714286
0.782301480485 0.0887394957983
0.781292059219 0.0860504201681
0.776581426649 0.0843697478992
0.774562584118 0.0836974789916
0.771534320323 0.0810084033613
0.767833109017 0.0789915966387
0.764804845222 0.0763025210084
0.762786002692 0.0746218487395
0.760430686406 0.0736134453782
0.758748317631 0.0729411764706
0.755720053836 0.0712605042017
0.75336473755 0.0699159663866
0.74865410498 0.0685714285714
0.744616419919 0.0668907563025
0.740578734859 0.066218487395
0.737550471063 0.0648739495798
0.734522207268 0.0635294117647
0.731157469717 0.0611764705882
0.728129205922 0.0591596638655
0.725437415882 0.0591596638655
0.721063257066 0.0574789915966
0.719717362046 0.0571428571429
0.71601615074 0.0564705882353
0.712314939435 0.0551260504202
0.709623149394 0.0541176470588
0.707267833109 0.0527731092437
0.704239569314 0.0514285714286
0.701547779273 0.050756302521
0.698855989233 0.0490756302521
0.694145356662 0.047731092437
0.690444145357 0.0453781512605
0.686069986541 0.0440336134454
0.68001345895 0.0423529411765
0.676312247645 0.0410084033613
0.674966352624 0.0403361344538
0.672274562584 0.0396638655462
0.668236877524 0.0386554621849
0.666218034993 0.0376470588235
0.664199192463 0.0373109243697
0.658142664872 0.0363025210084
0.655450874832 0.0359663865546
0.650740242261 0.0359663865546
0.647711978466 0.0349579831933
0.644347240915 0.0339495798319
0.640309555855 0.0336134453782
0.636608344549 0.0332773109244
0.633243606999 0.0319327731092
0.629878869448 0.0305882352941
0.627523553163 0.0295798319328
0.623485868102 0.0278991596639
0.620121130552 0.0275630252101
0.616419919246 0.0258823529412
0.613055181696 0.0255462184874
0.611036339166 0.0231932773109
0.606325706595 0.0228571428571
0.600269179004 0.0225210084034
0.594885598923 0.0221848739496
0.591520861373 0.0218487394958
0.588492597577 0.021512605042
0.584791386272 0.0205042016807
0.581426648721 0.0201680672269
0.577388963661 0.0201680672269
0.57402422611 0.0198319327731
0.57200538358 0.0191596638655
0.569650067295 0.0178151260504
0.563930013459 0.0174789915966
0.560901749664 0.0174789915966
0.557873485868 0.0171428571429
0.555518169583 0.0161344537815
0.552153432032 0.0154621848739
0.545760430686 0.0151260504202
0.543741588156 0.0151260504202
0.540040376851 0.0144537815126
0.535666218035 0.0144537815126
0.531628532974 0.0144537815126
0.527590847914 0.0134453781513
0.523889636608 0.0131092436975
0.520524899058 0.0124369747899
0.516487213997 0.0121008403361
0.512449528937 0.0121008403361
0.509084791386 0.0114285714286
0.504374158816 0.010756302521
0.49932705249 0.0104201680672
0.495962314939 0.0104201680672
0.492597577389 0.0104201680672
0.489569313594 0.00941176470588
0.485195154778 0.0090756302521
0.481493943472 0.0090756302521
0.477456258412 0.0090756302521
0.474091520861 0.00873949579832
0.469044414536 0.00873949579832
0.466352624495 0.00873949579832
0.462987886945 0.00840336134454
0.457940780619 0.00773109243697
0.455585464334 0.00773109243697
0.452557200538 0.00773109243697
0.448855989233 0.00739495798319
0.444818304172 0.00672268907563
0.440444145357 0.00605042016807
0.435060565276 0.00605042016807
0.431022880215 0.00571428571429
0.426985195155 0.0053781512605
0.423283983849 0.00504201680672
0.419919246299 0.00504201680672
0.416890982503 0.00504201680672
0.415545087483 0.00504201680672
0.411507402423 0.00436974789916
0.406796769852 0.00436974789916
0.402422611036 0.0036974789916
0.398721399731 0.0036974789916
0.395693135935 0.0036974789916
0.39266487214 0.0036974789916
0.387954239569 0.0036974789916
0.385598923284 0.0036974789916
0.383916554509 0.00302521008403
0.380551816958 0.00302521008403
0.376177658143 0.00268907563025
0.374158815612 0.00235294117647
0.372139973082 0.00235294117647
0.367092866756 0.00134453781513
0.363391655451 0.00134453781513
0.361709286676 0.00134453781513
0.35733512786 0.00100840336134
0.351278600269 0.00100840336134
0.346904441454 0.00100840336134
0.344212651413 0.00100840336134
0.340511440108 0.00100840336134
0.336137281292 0.00100840336134
0.330417227456 0.00100840336134
0.326043068641 0.00100840336134
0.32267833109 0.00100840336134
0.319650067295 0.00100840336134
0.316285329744 0.00100840336134
0.312584118439 0.00100840336134
0.307200538358 0.00100840336134
0.304172274563 0.00100840336134
0.299125168237 0.00100840336134
0.294078061911 0.000672268907563
0.290376850606 0.000672268907563
0.289367429341 0.000672268907563
0.287012113055 0.000672268907563
0.28532974428 0.000672268907563
0.282301480485 0.000672268907563
0.278263795424 0.000672268907563
0.275235531629 0.000672268907563
0.271870794078 0.000672268907563
0.268506056528 0.000336134453782
0.265477792732 0.000336134453782
0.262449528937 0.000336134453782
0.260094212651 0.000336134453782
0.256729475101 0.000336134453782
0.25269179004 0.000336134453782
0.249663526245 0.000336134453782
0.245625841184 0.000336134453782
0.243270524899 0.000336134453782
0.239232839838 0.000336134453782
0.234522207268 0.000336134453782
0.233512786003 0.000336134453782
0.229138627187 0.000336134453782
0.225773889637 0.000336134453782
0.222072678331 0.000336134453782
0.218034993271 0.000336134453782
0.215679676985 0.000336134453782
0.21265141319 0.000336134453782
0.209286675639 0.000336134453782
0.207940780619 0.000336134453782
0.205248990579 0.000336134453782
0.202557200538 0.000336134453782
0.199192462988 0.0
0.197510094213 0.0
0.195491251682 0.0
0.193135935397 0.0
0.191790040377 0.0
0.189771197847 0.0
0.186406460296 0.0
0.184724091521 0.0
0.182368775236 0.0
0.177658142665 0.0
0.175639300135 0.0
0.171938088829 0.0
0.169582772544 0.0
0.166218034993 0.0
0.164535666218 0.0
0.163189771198 0.0
0.161170928668 0.0
0.159152086137 0.0
0.157469717362 0.0
0.154777927322 0.0
0.154104979812 0.0
0.152422611036 0.0
0.148384925976 0.0
0.147711978466 0.0
0.14535666218 0.0
0.143001345895 0.0
0.1399730821 0.0
0.137617765814 0.0
0.135935397039 0.0
0.133916554509 0.0
0.132234185734 0.0
0.129542395693 0.0
0.127523553163 0.0
0.124158815612 0.0
0.121803499327 0.0
0.120457604307 0.0
0.117765814266 0.0
0.116419919246 0.0
0.114737550471 0.0
0.113728129206 0.0
0.113391655451 0.0
0.11069986541 0.0
0.108344549125 0.0
0.105652759085 0.0
0.10397039031 0.0
0.101951547779 0.0
0.101278600269 0.0
0.099932705249 0.0
0.0982503364738 0.0
0.0962314939435 0.0
0.0945491251682 0.0
0.092866756393 0.0
0.0908479138627 0.0
0.0888290713324 0.0
0.0864737550471 0.0
0.0861372812921 0.0
0.0841184387618 0.0
0.0834454912517 0.0
0.0824360699865 0.0
0.0807537012113 0.0
0.0790713324361 0.0
0.078398384926 0.0
0.0770524899058 0.0
0.0767160161507 0.0
0.0750336473755 0.0
0.0740242261104 0.0
0.0730148048452 0.0
0.0720053835801 0.0
0.0703230148048 0.0
0.0689771197847 0.0
0.0672947510094 0.0
0.0659488559892 0.0
0.064266487214 0.0
0.063930013459 0.0
0.0625841184388 0.0
0.0612382234186 0.0
0.0602288021534 0.0
0.0598923283984 0.0
0.0592193808883 0.0
0.0582099596231 0.0
0.0575370121131 0.0
0.0558546433378 0.0
0.0551816958277 0.0
0.0548452220727 0.0
0.0531628532974 0.0
0.0524899057873 0.0
0.0504710632571 0.0
0.0491251682369 0.0
0.0487886944818 0.0
0.0484522207268 0.0
0.0474427994616 0.0
0.0467698519515 0.0
0.0457604306864 0.0
0.0450874831763 0.0
0.0444145356662 0.0
0.042732166891 0.0
0.0410497981157 0.0
0.0393674293405 0.0
0.0380215343203 0.0
0.0373485868102 0.0
0.0366756393001 0.0
0.035666218035 0.0
0.0349932705249 0.0
0.0339838492598 0.0
0.0323014804845 0.0
0.0316285329744 0.0
0.0302826379542 0.0
0.0292732166891 0.0
0.0289367429341 0.0
0.028263795424 0.0
0.0275908479139 0.0
0.0269179004038 0.0
0.0265814266487 0.0
0.0262449528937 0.0
0.0252355316285 0.0
0.0242261103634 0.0
0.0232166890983 0.0
0.0225437415882 0.0
0.0218707940781 0.0
0.021534320323 0.0
0.0208613728129 0.0
0.0205248990579 0.0
0.0201884253028 0.0
0.0191790040377 0.0
0.0178331090175 0.0
0.0171601615074 0.0
0.0164872139973 0.0
0.0158142664872 0.0
0.0154777927322 0.0
0.0148048452221 0.0
0.014468371467 0.0
0.0137954239569 0.0
0.0131224764468 0.0
0.0127860026918 0.0
0.0124495289367 0.0
0.0121130551817 0.0
0.0111036339166 0.0
0.0107671601615 0.0
0.0104306864065 0.0
0.00975773889637 0.0
0.00874831763122 0.0
0.00841184387618 0.0
0.00807537012113 0.0
0.00773889636608 0.0
0.00740242261104 0.0
0.00706594885599 0.0
0.00672947510094 0.0
0.0063930013459 0.0
0.00605652759085 0.0
0.00471063257066 0.0
0.00437415881561 0.0
0.00403768506057 0.0
0.00370121130552 0.0
0.00336473755047 0.0
0.00269179004038 0.0
0.00235531628533 0.0
0.00201884253028 0.0
0.00168236877524 0.0
0.00100942126514 0.0
0.000672947510094 0.0
0.000336473755047 0.0
