1.000000 0.999664
1.000000 0.999328
1.000000 0.998992
1.000000 0.998655
1.000000 0.998319
1.000000 0.997983
1.000000 0.997647
1.000000 0.997311
1.000000 0.996975
1.000000 0.996639
1.000000 0.996303
1.000000 0.995966
1.000000 0.995294
1.000000 0.994958
1.000000 0.994622
1.000000 0.994286
1.000000 0.993950
1.000000 0.993613
1.000000 0.993277
1.000000 0.992941
1.000000 0.992605
1.000000 0.992269
1.000000 0.991933
1.000000 0.991597
1.000000 0.991261
1.000000 0.990588
1.000000 0.990252
1.000000 0.989916
1.000000 0.989244
1.000000 0.988908
1.000000 0.988571
1.000000 0.987899
1.000000 0.987227
1.000000 0.986555
1.000000 0.985882
1.000000 0.985210
1.000000 0.984874
1.000000 0.984202
1.000000 0.983529
1.000000 0.982857
1.000000 0.982521
1.000000 0.982185
1.000000 0.981849
1.000000 0.981513
1.000000 0.980504
1.000000 0.979160
1.000000 0.978487
1.000000 0.978151
1.000000 0.977815
1.000000 0.977479
1.000000 0.977143
1.000000 0.976471
1.000000 0.976134
1.000000 0.975798
1.000000 0.975126
1.000000 0.974118
1.000000 0.972773
1.000000 0.971765
1.000000 0.970756
1.000000 0.969748
0.999664 0.969076
0.999664 0.968739
0.999664 0.968067
0.999664 0.967731
0.999664 0.967059
0.999664 0.966387
0.999664 0.966050
0.999664 0.964370
0.999664 0.963697
0.999664 0.963025
0.999664 0.962353
0.999664 0.961681
0.999664 0.961008
0.999664 0.960000
0.999664 0.958992
0.999664 0.958319
0.999664 0.956303
0.999327 0.955966
0.999327 0.954622
0.999327 0.954286
0.999327 0.953613
0.999327 0.952605
0.999327 0.951933
0.999327 0.950924
0.999327 0.950252
0.999327 0.949580
0.999327 0.948908
0.999327 0.948235
0.999327 0.947899
0.999327 0.947563
0.999327 0.946891
0.999327 0.945546
0.999327 0.944874
0.999327 0.943866
0.999327 0.942521
0.999327 0.942185
0.999327 0.940840
0.999327 0.939496
0.999327 0.939160
0.999327 0.938487
0.999327 0.937815
0.999327 0.936134
0.999327 0.935126
0.999327 0.934790
0.999327 0.933109
0.999327 0.932101
0.999327 0.931429
0.999327 0.929748
0.999327 0.929076
0.999327 0.928403
0.999327 0.927731
0.999327 0.925714
0.999327 0.924370
0.999327 0.924034
0.999327 0.922353
0.999327 0.920672
0.999327 0.920000
0.999327 0.919664
0.999327 0.918319
0.999327 0.917311
0.999327 0.915966
0.999327 0.914622
0.999327 0.913613
0.999327 0.911933
0.999327 0.910252
0.999327 0.908908
0.999327 0.906891
0.999327 0.906218
0.999327 0.904202
0.999327 0.903193
0.999327 0.902857
0.999327 0.901176
0.999327 0.899496
0.999327 0.899160
0.999327 0.898151
0.999327 0.895462
0.999327 0.894118
0.999327 0.892437
0.999327 0.891092
0.999327 0.890420
0.999327 0.889076
0.999327 0.887395
0.999327 0.885378
0.999327 0.884034
0.999327 0.882689
0.999327 0.881345
0.999327 0.881008
0.999327 0.879328
0.999327 0.877647
0.999327 0.876639
0.999327 0.875294
0.999327 0.872605
0.999327 0.870588
0.999327 0.868571
0.999327 0.867227
0.999327 0.865546
0.999327 0.863529
0.999327 0.863193
0.999327 0.860504
0.999327 0.859496
0.999327 0.858824
0.999327 0.856807
0.999327 0.854790
0.999327 0.852101
0.999327 0.851092
0.999327 0.849412
0.999327 0.847731
0.999327 0.847059
0.999327 0.845042
0.999327 0.843025
0.999327 0.842353
0.999327 0.840336
0.999327 0.837311
0.999327 0.835630
0.999327 0.833613
0.999327 0.832269
0.999327 0.831597
0.999327 0.829244
0.999327 0.826555
0.999327 0.823866
0.998991 0.822857
0.998991 0.821176
0.998991 0.818824
0.998654 0.817143
0.998654 0.815798
0.998318 0.814454
0.998318 0.813782
0.998318 0.812773
0.998318 0.810756
0.998318 0.810420
0.998318 0.809076
0.998318 0.807731
0.998318 0.805714
0.998318 0.803697
0.998318 0.802017
0.998318 0.801681
0.998318 0.800672
0.998318 0.798992
0.998318 0.796975
0.998318 0.794958
0.997981 0.793277
0.997981 0.792269
0.997981 0.789916
0.997981 0.787563
0.997981 0.785546
0.997981 0.784202
0.997981 0.782521
0.997981 0.780504
0.997981 0.779160
0.997981 0.777143
0.997981 0.775462
0.997981 0.772773
0.997981 0.770420
0.997981 0.768739
0.997981 0.767731
0.997981 0.765042
0.997981 0.763697
0.997981 0.760000
0.997981 0.757647
0.997981 0.755294
0.997645 0.752605
0.997645 0.751597
0.997645 0.750588
0.997645 0.748571
0.997645 0.744874
0.997645 0.744202
0.997645 0.743193
0.997645 0.741849
0.997645 0.740504
0.997645 0.737479
0.997645 0.735126
0.997645 0.732437
0.997645 0.731765
0.997645 0.730084
0.997645 0.727731
0.997308 0.725378
0.997308 0.723697
0.996972 0.721345
0.996972 0.719328
0.996972 0.717311
0.996972 0.714958
0.996635 0.712269
0.996299 0.709916
0.996299 0.708235
0.996299 0.706555
0.996299 0.704202
0.996299 0.703193
0.996299 0.700504
0.995962 0.698151
0.995962 0.695798
0.995962 0.693445
0.995962 0.690420
0.995962 0.687731
0.995962 0.686050
0.995962 0.684034
0.995962 0.682017
0.995962 0.678655
0.995962 0.677647
0.995962 0.673950
0.995626 0.671261
0.995626 0.669244
0.995626 0.667227
0.995626 0.664538
0.995626 0.663193
0.995626 0.660840
0.995289 0.658487
0.995289 0.655126
0.995289 0.652437
0.995289 0.650084
0.995289 0.647395
0.995289 0.644370
0.994953 0.640000
0.994953 0.637983
0.994953 0.636303
0.994953 0.632605
0.994953 0.629916
0.994616 0.628235
0.993943 0.626891
0.993943 0.623529
0.993943 0.621513
0.993943 0.619496
0.993943 0.616807
0.993943 0.614454
0.993943 0.612437
0.993607 0.611765
0.992934 0.608403
0.992934 0.605042
0.992934 0.602017
0.992598 0.601345
0.992598 0.600000
0.992598 0.596303
0.992261 0.594286
0.991925 0.593277
0.991925 0.591261
0.991588 0.587563
0.990579 0.585882
0.990579 0.584202
0.990242 0.580840
0.989906 0.577815
0.989569 0.575462
0.989569 0.574790
0.989569 0.571092
0.989233 0.569076
0.988896 0.567395
0.988560 0.563697
0.988223 0.562689
0.988223 0.561008
0.988223 0.558992
0.987887 0.557311
0.987887 0.554286
0.987887 0.550924
0.987550 0.546218
0.987550 0.542185
0.987214 0.539496
0.987214 0.537143
0.987214 0.534454
0.986878 0.532101
0.986541 0.529748
0.985868 0.526387
0.985195 0.523361
0.985195 0.521008
0.985195 0.516975
0.985195 0.512941
0.984859 0.511261
0.984859 0.508908
0.984186 0.505882
0.983849 0.501513
0.983513 0.498824
0.983513 0.496134
0.983176 0.494454
0.982503 0.491429
0.982503 0.489748
0.982167 0.487731
0.981830 0.485714
0.981494 0.483025
0.981494 0.480336
0.981157 0.478319
0.981157 0.474958
0.980821 0.470588
0.980485 0.468235
0.979139 0.465882
0.979139 0.463193
0.978466 0.460840
0.977793 0.456471
0.977120 0.452773
0.976110 0.449748
0.975774 0.446723
0.975101 0.445378
0.974764 0.443697
0.974092 0.440000
0.973419 0.436975
0.973082 0.434286
0.972746 0.430588
0.972409 0.428908
0.972073 0.427227
0.971400 0.423866
0.970390 0.420168
0.969044 0.419160
0.968371 0.415126
0.967362 0.412773
0.967362 0.409748
0.967026 0.406050
0.967026 0.404034
0.966016 0.403025
0.965680 0.401345
0.965007 0.399664
0.964334 0.397647
0.963997 0.396303
0.963661 0.393277
0.962988 0.390924
0.961978 0.386891
0.961306 0.383866
0.960969 0.381849
0.960633 0.378487
0.960296 0.376134
0.958614 0.372101
0.958277 0.368067
0.957941 0.364034
0.957268 0.360672
0.955922 0.357647
0.955585 0.354622
0.954240 0.352605
0.953567 0.350252
0.953567 0.348235
0.952894 0.345210
0.951884 0.342857
0.950875 0.340168
0.950202 0.336471
0.949865 0.333782
0.949865 0.332437
0.949192 0.327395
0.948520 0.323697
0.946837 0.321008
0.945828 0.317647
0.944145 0.315294
0.943809 0.313950
0.943472 0.312605
0.942463 0.309580
0.941117 0.307899
0.940444 0.306218
0.939435 0.303866
0.938089 0.301513
0.938089 0.297479
0.936743 0.294790
0.936070 0.292773
0.934051 0.288403
0.933378 0.285042
0.932705 0.282353
0.931696 0.280672
0.930350 0.278319
0.929341 0.276639
0.928668 0.273277
0.927322 0.271261
0.926649 0.267227
0.925976 0.264538
0.925303 0.261513
0.924293 0.258151
0.921602 0.256471
0.919583 0.252773
0.919583 0.250084
0.918237 0.246050
0.916218 0.242689
0.916218 0.238992
0.914199 0.237647
0.913190 0.236975
0.911507 0.234622
0.909152 0.231597
0.908479 0.226891
0.906460 0.224202
0.905787 0.221849
0.903769 0.219496
0.903432 0.215798
0.902423 0.213782
0.900740 0.211429
0.899394 0.209748
0.897376 0.206723
0.896703 0.205714
0.895693 0.204370
0.894011 0.201345
0.892328 0.198992
0.890646 0.196975
0.889300 0.194958
0.887281 0.192941
0.886272 0.192269
0.884926 0.190924
0.882907 0.189244
0.882907 0.186891
0.880888 0.183866
0.880552 0.182185
0.879206 0.180504
0.878533 0.178487
0.876851 0.176134
0.875505 0.175462
0.873822 0.172773
0.873486 0.170420
0.871803 0.167731
0.870794 0.166387
0.869448 0.165042
0.867766 0.163697
0.867429 0.161681
0.865410 0.160336
0.862719 0.159328
0.861036 0.157311
0.860027 0.155294
0.859017 0.153613
0.857335 0.152605
0.854643 0.151597
0.853297 0.150588
0.850269 0.146891
0.848587 0.144202
0.845895 0.142857
0.843876 0.141176
0.841184 0.139496
0.839166 0.138151
0.836137 0.136807
0.834455 0.134790
0.832100 0.133782
0.826716 0.132437
0.824697 0.130756
0.822342 0.129412
0.821332 0.127395
0.818304 0.126050
0.814939 0.124706
0.812584 0.123361
0.811238 0.121681
0.809556 0.118992
0.805182 0.118319
0.804172 0.117647
0.802153 0.114622
0.798789 0.112269
0.795424 0.109916
0.791723 0.107899
0.789031 0.106891
0.787012 0.105210
0.784657 0.104874
0.781629 0.103529
0.778937 0.101513
0.776581 0.099496
0.772544 0.097479
0.767833 0.096134
0.766487 0.094790
0.763795 0.093109
0.762113 0.091092
0.759758 0.090756
0.757066 0.089076
0.755720 0.087731
0.754711 0.087059
0.753365 0.085042
0.750000 0.085042
0.746972 0.084706
0.744280 0.082689
0.742934 0.080000
0.740242 0.078992
0.735868 0.077311
0.730485 0.076639
0.727793 0.074958
0.724428 0.071933
0.721063 0.071597
0.720390 0.070588
0.718035 0.069244
0.713324 0.068571
0.709287 0.067563
0.705922 0.065210
0.703903 0.064202
0.700538 0.062521
0.697847 0.060840
0.693136 0.059496
0.688089 0.057815
0.685061 0.056807
0.680013 0.056471
0.676649 0.056134
0.672948 0.054790
0.669919 0.053782
0.666218 0.053109
0.662517 0.052773
0.659152 0.051429
0.655451 0.049076
0.652759 0.048403
0.650067 0.046050
0.648048 0.045378
0.646030 0.045378
0.642328 0.045378
0.637954 0.044706
0.635935 0.044706
0.634253 0.042353
0.629542 0.042017
0.626514 0.041681
0.622140 0.040336
0.618775 0.038992
0.614401 0.037983
0.610363 0.037983
0.605989 0.036975
0.602624 0.035294
0.599260 0.034622
0.597577 0.034622
0.591857 0.032941
0.586474 0.031597
0.582773 0.030924
0.579408 0.030252
0.575034 0.030252
0.571332 0.029244
0.567968 0.027899
0.562248 0.026891
0.559892 0.025882
0.556528 0.025882
0.554509 0.025546
0.553836 0.024874
0.549798 0.023866
0.544751 0.022857
0.541386 0.022521
0.535330 0.022185
0.531965 0.022185
0.528264 0.021513
0.523217 0.021513
0.519515 0.021513
0.515478 0.021513
0.513122 0.021513
0.510431 0.021176
0.507402 0.020504
0.503365 0.019160
0.501009 0.018487
0.495962 0.018151
0.492261 0.017143
0.488223 0.017143
0.483513 0.016471
0.480148 0.016471
0.476447 0.015798
0.472746 0.015462
0.470054 0.015126
0.467026 0.015126
0.463324 0.015126
0.457941 0.015126
0.454913 0.015126
0.451884 0.015126
0.448183 0.015126
0.446501 0.015126
0.441790 0.014790
0.439098 0.014118
0.437079 0.013445
0.434388 0.013445
0.430350 0.013445
0.424966 0.012773
0.421265 0.012101
0.416555 0.011765
0.413190 0.011429
0.409825 0.011092
0.406797 0.011092
0.403769 0.010420
0.398721 0.010084
0.394347 0.010084
0.388964 0.009748
0.384926 0.009412
0.380215 0.008739
0.376514 0.008739
0.373822 0.008067
0.371467 0.008067
0.367429 0.008067
0.364738 0.008067
0.360700 0.007731
0.354307 0.007731
0.351279 0.007731
0.348250 0.007059
0.343876 0.007059
0.340175 0.006387
0.337820 0.006050
0.334455 0.006050
0.333109 0.004706
0.328062 0.004370
0.323351 0.004370
0.317968 0.004370
0.314266 0.004370
0.309892 0.004034
0.305855 0.004034
0.301817 0.003697
0.296770 0.003697
0.294078 0.003697
0.289367 0.003361
0.286339 0.003361
0.281629 0.003361
0.279946 0.003361
0.276918 0.003361
0.272207 0.003361
0.268843 0.003361
0.267160 0.003361
0.263459 0.003361
0.256057 0.003361
0.254374 0.003361
0.250336 0.003025
0.247981 0.002353
0.243271 0.002353
0.237887 0.002353
0.234859 0.002353
0.232840 0.002017
0.228466 0.002017
0.225437 0.002017
0.222409 0.002017
0.220054 0.002017
0.217026 0.002017
0.215680 0.002017
0.211306 0.001681
0.208614 0.001681
0.206258 0.001345
0.204240 0.001345
0.202221 0.001345
0.198183 0.001345
0.191790 0.001345
0.188425 0.001345
0.185397 0.001345
0.183042 0.001008
0.180686 0.001008
0.177658 0.001008
0.173957 0.001008
0.171602 0.001008
0.169583 0.001008
0.167564 0.001008
0.165209 0.001008
0.163190 0.001008
0.162180 0.001008
0.160498 0.001008
0.158816 0.001008
0.157133 0.001008
0.155787 0.001008
0.153096 0.000672
0.152423 0.000672
0.151077 0.000672
0.147712 0.000672
0.146703 0.000672
0.144684 0.000336
0.142665 0.000336
0.140310 0.000336
0.136272 0.000336
0.133917 0.000336
0.131561 0.000336
0.128533 0.000336
0.125841 0.000336
0.124159 0.000336
0.119785 0.000336
0.117766 0.000336
0.115410 0.000336
0.112382 0.000336
0.111036 0.000336
0.108681 0.000336
0.106999 0.000336
0.103634 0.000336
0.102288 0.000336
0.100942 0.000336
0.099933 0.000336
0.098923 0.000336
0.097577 0.000336
0.096231 0.000336
0.095559 0.000336
0.094213 0.000336
0.092194 0.000336
0.089166 0.000336
0.087147 0.000336
0.082773 0.000336
0.081427 0.000336
0.079744 0.000336
0.079071 0.000336
0.076716 0.000336
0.075707 0.000336
0.072342 0.000336
0.069987 0.000000
0.067968 0.000000
0.065612 0.000000
0.063594 0.000000
0.061238 0.000000
0.059219 0.000000
0.058546 0.000000
0.057873 0.000000
0.055855 0.000000
0.055518 0.000000
0.053499 0.000000
0.053163 0.000000
0.052490 0.000000
0.051144 0.000000
0.048789 0.000000
0.048116 0.000000
0.047443 0.000000
0.045087 0.000000
0.043742 0.000000
0.043405 0.000000
0.042396 0.000000
0.041723 0.000000
0.040040 0.000000
0.038694 0.000000
0.037349 0.000000
0.036003 0.000000
0.034657 0.000000
0.033984 0.000000
0.032638 0.000000
0.031965 0.000000
0.031629 0.000000
0.031292 0.000000
0.030619 0.000000
0.029946 0.000000
0.028937 0.000000
0.028264 0.000000
0.027591 0.000000
0.026918 0.000000
0.026581 0.000000
0.025908 0.000000
0.024899 0.000000
0.024563 0.000000
0.023890 0.000000
0.023217 0.000000
0.022544 0.000000
0.021198 0.000000
0.020188 0.000000
0.019179 0.000000
0.017833 0.000000
0.016824 0.000000
0.016487 0.000000
0.016151 0.000000
0.015814 0.000000
0.014805 0.000000
0.013795 0.000000
0.013459 0.000000
0.013122 0.000000
0.012113 0.000000
0.011440 0.000000
0.010767 0.000000
0.010431 0.000000
0.010094 0.000000
0.009758 0.000000
0.008748 0.000000
0.007739 0.000000
0.007402 0.000000
0.007066 0.000000
0.006729 0.000000
0.006393 0.000000
0.005720 0.000000
0.005384 0.000000
0.004711 0.000000
0.004374 0.000000
0.004038 0.000000
0.003365 0.000000
0.003028 0.000000
0.002692 0.000000
0.002355 0.000000
0.002019 0.000000
0.001682 0.000000
0.001346 0.000000
0.001009 0.000000
0.000673 0.000000
0.000336 0.000000
