1.000000 0.999664
1.000000 0.999328
1.000000 0.998992
1.000000 0.998655
1.000000 0.998319
1.000000 0.997983
1.000000 0.997311
1.000000 0.996975
1.000000 0.996639
1.000000 0.996303
1.000000 0.995966
1.000000 0.995630
1.000000 0.995294
1.000000 0.994958
1.000000 0.994622
1.000000 0.993950
1.000000 0.993277
1.000000 0.992941
1.000000 0.992269
1.000000 0.990924
1.000000 0.990588
1.000000 0.989916
1.000000 0.989580
1.000000 0.988571
1.000000 0.988235
1.000000 0.987899
1.000000 0.987563
1.000000 0.987227
1.000000 0.986891
1.000000 0.986555
1.000000 0.986218
1.000000 0.985882
1.000000 0.985546
1.000000 0.985210
1.000000 0.984874
1.000000 0.984538
1.000000 0.984202
1.000000 0.983866
1.000000 0.983529
1.000000 0.982521
1.000000 0.981849
1.000000 0.980840
1.000000 0.980168
1.000000 0.979832
1.000000 0.979496
1.000000 0.979160
1.000000 0.978487
1.000000 0.977815
1.000000 0.977479
1.000000 0.976807
1.000000 0.976471
1.000000 0.975462
1.000000 0.974454
1.000000 0.973782
1.000000 0.973109
1.000000 0.972437
1.000000 0.972101
1.000000 0.971765
1.000000 0.971092
1.000000 0.969076
1.000000 0.968067
1.000000 0.966723
1.000000 0.966050
1.000000 0.965042
1.000000 0.964370
1.000000 0.963697
1.000000 0.963361
1.000000 0.962689
1.000000 0.962017
1.000000 0.961345
1.000000 0.960672
1.000000 0.959328
1.000000 0.958655
1.000000 0.957311
1.000000 0.956303
1.000000 0.955966
1.000000 0.954622
1.000000 0.953277
1.000000 0.951933
1.000000 0.950924
1.000000 0.950252
1.000000 0.948571
1.000000 0.946555
1.000000 0.945546
1.000000 0.944538
1.000000 0.943866
1.000000 0.943193
1.000000 0.941849
1.000000 0.941176
1.000000 0.939832
1.000000 0.938487
1.000000 0.936471
1.000000 0.934790
1.000000 0.933445
1.000000 0.931765
1.000000 0.929748
1.000000 0.928739
1.000000 0.928403
1.000000 0.927395
1.000000 0.926387
1.000000 0.924034
1.000000 0.922353
1.000000 0.920336
1.000000 0.918992
1.000000 0.917311
1.000000 0.915294
1.000000 0.913277
1.000000 0.911597
1.000000 0.909244
1.000000 0.907899
1.000000 0.907227
0.999664 0.904202
0.999664 0.902185
0.999664 0.900504
0.999664 0.897143
0.999664 0.895462
0.999327 0.893445
0.999327 0.892437
0.999327 0.888403
0.998991 0.885378
0.998991 0.884034
0.998654 0.881681
0.998654 0.881008
0.998654 0.878655
0.998654 0.876975
0.998654 0.874958
0.998654 0.872941
0.998654 0.869916
0.998654 0.865882
0.998654 0.863866
0.998654 0.858824
0.998654 0.856134
0.998654 0.854454
0.998318 0.851765
0.998318 0.850420
0.997981 0.848067
0.997981 0.845042
0.997981 0.843361
0.997981 0.842017
0.997981 0.838992
0.997981 0.837311
0.997981 0.834286
0.997308 0.831597
0.997308 0.828571
0.997308 0.826555
0.997308 0.824874
0.996972 0.823193
0.996972 0.820504
0.996635 0.817479
0.996635 0.813109
0.996635 0.809748
0.996635 0.807731
0.996299 0.804370
0.996299 0.803361
0.995962 0.798319
0.995962 0.795630
0.995962 0.792269
0.995962 0.788908
0.995962 0.784538
0.995962 0.781513
0.995962 0.778824
0.995962 0.774118
0.995962 0.771765
0.995962 0.770084
0.995962 0.767059
0.995626 0.764034
0.995626 0.762017
0.995289 0.758992
0.995289 0.755966
0.995289 0.753277
0.995289 0.750252
0.995289 0.747563
0.995289 0.744874
0.995289 0.739832
0.995289 0.737143
0.994953 0.732773
0.994953 0.728403
0.994616 0.724706
0.994280 0.719328
0.993943 0.716639
0.993271 0.712605
0.993271 0.709916
0.992934 0.705546
0.992934 0.699832
0.992934 0.694790
0.992598 0.690084
0.991588 0.685042
0.991252 0.682353
0.991252 0.677983
0.990915 0.674622
0.990915 0.669916
0.990915 0.666555
0.990579 0.663866
0.989906 0.658151
0.989233 0.655126
0.988223 0.650084
0.988223 0.644034
0.987214 0.637647
0.986541 0.631933
0.985868 0.627227
0.985868 0.621849
0.985532 0.619160
0.985532 0.615126
0.985195 0.611092
0.985195 0.606387
0.985195 0.603361
0.985195 0.597983
0.984859 0.594286
0.984186 0.591597
0.984186 0.588571
0.983849 0.583866
0.982840 0.576134
0.982167 0.570084
0.981830 0.563697
0.981830 0.559664
0.980821 0.556303
0.978802 0.548235
0.978466 0.543193
0.977456 0.538151
0.976447 0.531092
0.976447 0.526050
0.976447 0.521008
0.976110 0.517983
0.975774 0.513613
0.975437 0.510252
0.974764 0.507563
0.973755 0.504202
0.973082 0.501176
0.972409 0.496471
0.972073 0.489748
0.971400 0.486387
0.971400 0.483697
0.971063 0.480000
0.969717 0.474286
0.969717 0.469244
0.969381 0.466555
0.969044 0.460840
0.968708 0.458487
0.967362 0.453109
0.966353 0.449412
0.965680 0.444034
0.965007 0.439664
0.965007 0.436303
0.964334 0.430588
0.963997 0.426218
0.961978 0.422857
0.960969 0.418824
0.960296 0.413445
0.959287 0.409412
0.957268 0.406050
0.955249 0.402017
0.954240 0.398319
0.953230 0.392269
0.951884 0.387899
0.949865 0.383529
0.949529 0.378487
0.947174 0.374118
0.946501 0.367395
0.945155 0.364034
0.944145 0.360336
0.943809 0.356303
0.943472 0.352605
0.939771 0.348908
0.939098 0.345546
0.937416 0.341513
0.936406 0.337815
0.935061 0.335462
0.934388 0.330756
0.933042 0.328739
0.931359 0.325714
0.928331 0.322017
0.927322 0.317647
0.925639 0.312269
0.923620 0.309916
0.922275 0.304874
0.919919 0.300840
0.916891 0.296807
0.914872 0.293109
0.912853 0.288739
0.912517 0.284370
0.910498 0.280672
0.909152 0.276639
0.907806 0.273950
0.906797 0.270252
0.905787 0.264538
0.903096 0.259496
0.900404 0.255126
0.898721 0.251765
0.896703 0.248067
0.895357 0.245378
0.893338 0.241681
0.891655 0.237983
0.889300 0.233277
0.888291 0.230588
0.886608 0.227227
0.885935 0.223529
0.884253 0.218151
0.882907 0.213445
0.881225 0.210756
0.879879 0.206723
0.877860 0.203361
0.876851 0.200672
0.874832 0.196975
0.873822 0.194286
0.870458 0.190924
0.868102 0.187563
0.866756 0.184202
0.864401 0.179160
0.861373 0.176807
0.858345 0.175126
0.856999 0.172437
0.855989 0.169076
0.855316 0.166050
0.851952 0.164706
0.848587 0.161681
0.845895 0.158992
0.844213 0.155294
0.841184 0.151261
0.839502 0.149580
0.837147 0.146891
0.834455 0.144538
0.833445 0.141513
0.831763 0.138487
0.829071 0.135126
0.827052 0.131429
0.824361 0.129412
0.822005 0.126387
0.820659 0.123697
0.815612 0.121345
0.813594 0.117311
0.809892 0.115630
0.807201 0.113613
0.802490 0.112941
0.798789 0.109244
0.798452 0.104538
0.795087 0.103193
0.792396 0.101849
0.789031 0.099160
0.785330 0.097479
0.782301 0.096134
0.779273 0.093782
0.778264 0.093109
0.776245 0.090420
0.772207 0.089076
0.768506 0.088067
0.766151 0.085378
0.762113 0.084370
0.759758 0.083361
0.754711 0.081681
0.751682 0.080336
0.748318 0.077983
0.745626 0.074958
0.743607 0.073613
0.739569 0.071597
0.735868 0.068908
0.729475 0.067227
0.727120 0.063866
0.724428 0.063529
0.721736 0.062185
0.719381 0.060504
0.716689 0.058824
0.711642 0.058151
0.708614 0.057143
0.705249 0.055462
0.702557 0.054118
0.700538 0.053109
0.697174 0.051429
0.694482 0.050420
0.693809 0.050084
0.690781 0.048067
0.687079 0.047059
0.684388 0.046387
0.681023 0.045042
0.677658 0.044706
0.674630 0.042689
0.669919 0.041681
0.666218 0.041008
0.663190 0.038992
0.661171 0.036975
0.659825 0.035966
0.655451 0.034958
0.653096 0.034958
0.650740 0.034622
0.647039 0.033277
0.644347 0.033277
0.641655 0.032269
0.638964 0.032269
0.635599 0.031597
0.632571 0.030924
0.628869 0.029244
0.625841 0.028235
0.623822 0.027899
0.618775 0.027899
0.615074 0.027227
0.610027 0.026218
0.606999 0.025546
0.603634 0.025210
0.599933 0.024202
0.596568 0.023866
0.593540 0.023529
0.589502 0.022521
0.585464 0.021849
0.581763 0.020840
0.577725 0.020504
0.575034 0.019160
0.573015 0.018824
0.568977 0.018487
0.565612 0.018487
0.561911 0.016807
0.558210 0.016471
0.553499 0.016134
0.548116 0.015462
0.544415 0.015462
0.540377 0.014790
0.536676 0.014790
0.532974 0.014790
0.530956 0.014118
0.527591 0.014118
0.523217 0.012101
0.518843 0.011429
0.515814 0.011092
0.510767 0.010756
0.508412 0.010084
0.505720 0.010084
0.501682 0.010084
0.498318 0.010084
0.496635 0.009412
0.492261 0.009412
0.490242 0.009412
0.486878 0.009076
0.484186 0.009076
0.479812 0.009076
0.476783 0.008739
0.473755 0.008403
0.469717 0.007731
0.467026 0.007731
0.463661 0.007395
0.460633 0.007395
0.457604 0.007059
0.453903 0.006387
0.451548 0.006050
0.448856 0.005714
0.445828 0.005714
0.441454 0.005714
0.439098 0.005042
0.434388 0.004706
0.429341 0.004706
0.427322 0.004706
0.424293 0.004706
0.420256 0.004370
0.417900 0.004034
0.413863 0.004034
0.410834 0.003697
0.405451 0.003361
0.402086 0.003361
0.397039 0.003361
0.394011 0.003361
0.388291 0.003361
0.382234 0.003361
0.377524 0.003361
0.371131 0.003361
0.368102 0.003361
0.365410 0.003361
0.362382 0.003361
0.361373 0.003361
0.357672 0.003361
0.354643 0.003361
0.352624 0.003361
0.348923 0.002689
0.344886 0.002353
0.341857 0.002017
0.338829 0.002017
0.336137 0.002017
0.331427 0.001681
0.329071 0.001681
0.325034 0.001681
0.321332 0.001681
0.317968 0.001008
0.315276 0.001008
0.311911 0.001008
0.309219 0.001008
0.306528 0.001008
0.303499 0.001008
0.299798 0.001008
0.296097 0.001008
0.292396 0.001008
0.289367 0.000672
0.287012 0.000672
0.284320 0.000672
0.281629 0.000672
0.277927 0.000672
0.275236 0.000672
0.272544 0.000336
0.269515 0.000336
0.266151 0.000336
0.262786 0.000336
0.260094 0.000336
0.257739 0.000336
0.256057 0.000336
0.250673 0.000336
0.247308 0.000336
0.244280 0.000336
0.241925 0.000336
0.240915 0.000336
0.237887 0.000336
0.233513 0.000336
0.231830 0.000336
0.229812 0.000336
0.227456 0.000336
0.222746 0.000336
0.216689 0.000336
0.213661 0.000336
0.211642 0.000336
0.208614 0.000336
0.206595 0.000336
0.205249 0.000336
0.202894 0.000000
0.199865 0.000000
0.197174 0.000000
0.193809 0.000000
0.189771 0.000000
0.187416 0.000000
0.185061 0.000000
0.182032 0.000000
0.179004 0.000000
0.177322 0.000000
0.172948 0.000000
0.171602 0.000000
0.169246 0.000000
0.167900 0.000000
0.165882 0.000000
0.164872 0.000000
0.162853 0.000000
0.160162 0.000000
0.158816 0.000000
0.156460 0.000000
0.154441 0.000000
0.152423 0.000000
0.150740 0.000000
0.148048 0.000000
0.146366 0.000000
0.145020 0.000000
0.142328 0.000000
0.140983 0.000000
0.139300 0.000000
0.137954 0.000000
0.136272 0.000000
0.133917 0.000000
0.131225 0.000000
0.130215 0.000000
0.127860 0.000000
0.125505 0.000000
0.123822 0.000000
0.122476 0.000000
0.121803 0.000000
0.120794 0.000000
0.119448 0.000000
0.116756 0.000000
0.113055 0.000000
0.111709 0.000000
0.109354 0.000000
0.107672 0.000000
0.107335 0.000000
0.106326 0.000000
0.105653 0.000000
0.103634 0.000000
0.102288 0.000000
0.101279 0.000000
0.100942 0.000000
0.098923 0.000000
0.095895 0.000000
0.094549 0.000000
0.093876 0.000000
0.091521 0.000000
0.089838 0.000000
0.087820 0.000000
0.086474 0.000000
0.084118 0.000000
0.081427 0.000000
0.079071 0.000000
0.077725 0.000000
0.077389 0.000000
0.076716 0.000000
0.075370 0.000000
0.074024 0.000000
0.072678 0.000000
0.071669 0.000000
0.069987 0.000000
0.069650 0.000000
0.069314 0.000000
0.068641 0.000000
0.066285 0.000000
0.065612 0.000000
0.064603 0.000000
0.064266 0.000000
0.063257 0.000000
0.062248 0.000000
0.060902 0.000000
0.060229 0.000000
0.059556 0.000000
0.058546 0.000000
0.057201 0.000000
0.056191 0.000000
0.054172 0.000000
0.053499 0.000000
0.052490 0.000000
0.051480 0.000000
0.051144 0.000000
0.050808 0.000000
0.049462 0.000000
0.049125 0.000000
0.048452 0.000000
0.047779 0.000000
0.047106 0.000000
0.046770 0.000000
0.046433 0.000000
0.045760 0.000000
0.044415 0.000000
0.043742 0.000000
0.042732 0.000000
0.041723 0.000000
0.041386 0.000000
0.040040 0.000000
0.038694 0.000000
0.037685 0.000000
0.036676 0.000000
0.036339 0.000000
0.034993 0.000000
0.033984 0.000000
0.033647 0.000000
0.032974 0.000000
0.032301 0.000000
0.031629 0.000000
0.030283 0.000000
0.029610 0.000000
0.029273 0.000000
0.028937 0.000000
0.027254 0.000000
0.026581 0.000000
0.025572 0.000000
0.024563 0.000000
0.024226 0.000000
0.023553 0.000000
0.023217 0.000000
0.022544 0.000000
0.021871 0.000000
0.021198 0.000000
0.020861 0.000000
0.020188 0.000000
0.019515 0.000000
0.019179 0.000000
0.018843 0.000000
0.018170 0.000000
0.017497 0.000000
0.017160 0.000000
0.016824 0.000000
0.016487 0.000000
0.015478 0.000000
0.015141 0.000000
0.014805 0.000000
0.013795 0.000000
0.013459 0.000000
0.013122 0.000000
0.012450 0.000000
0.012113 0.000000
0.011777 0.000000
0.011104 0.000000
0.010431 0.000000
0.010094 0.000000
0.009758 0.000000
0.009421 0.000000
0.009085 0.000000
0.008748 0.000000
0.008412 0.000000
0.008075 0.000000
0.007739 0.000000
0.007402 0.000000
0.006393 0.000000
0.006057 0.000000
0.005720 0.000000
0.005384 0.000000
0.005047 0.000000
0.004711 0.000000
0.004374 0.000000
0.004038 0.000000
0.003701 0.000000
0.003365 0.000000
0.003028 0.000000
0.002355 0.000000
0.002019 0.000000
0.001682 0.000000
0.001346 0.000000
0.001009 0.000000
0.000673 0.000000
0.000336 0.000000
