0 0
0.000333333 0
0.000666667 0
0.00166667 0
0.002 0
0.00466667 0
0.00933333 0
0.013 0
0.0176667 0
0.026 0
0.036 0
0.0496667 0
0.0703333 0
0.0966667 0.000333
0.126 0.000667
0.161 0.003333
0.198 0.010333
0.242333 0.018667
0.296333 0.029
0.352333 0.048
0.408333 0.071
0.465667 0.104333
0.526667 0.144667
0.589667 0.200667
0.650333 0.263667
0.703667 0.338667
0.755333 0.417333
0.799 0.494333
0.846 0.571667
0.879 0.644333
0.903333 0.711333
0.925667 0.769667
0.945333 0.821667
0.958667 0.868333
0.969667 0.898667
0.978667 0.924333
0.985333 0.944
0.989 0.96
0.992 0.970333
0.993667 0.977
0.996 0.985333
0.997667 0.990667
0.998667 0.993
0.998667 0.994333
0.999667 0.996
0.999667 0.996333
1 0.998
1 0.998333
1 0.999
