0.000000 0.000000
0.003333 0.000000
0.006667 0.000000
0.010000 0.000000
0.013333 0.000000
0.016667 0.000000
0.020000 0.000000
0.023333 0.000000
0.026667 0.000000
0.030000 0.000000
0.033333 0.000000
0.036667 0.000000
0.040000 0.000000
0.043333 0.000000
0.046667 0.000000
0.050000 0.000000
0.053333 0.000000
0.056667 0.000000
0.060000 0.000000
0.063333 0.000000
0.066667 0.000000
0.070000 0.000000
0.073333 0.000000
0.076667 0.000000
0.080000 0.000000
0.083333 0.000000
0.086667 0.000000
0.090000 0.000000
0.093333 0.000000
0.096667 0.000000
0.100000 0.000000
0.103333 0.000000
0.106667 0.000000
0.110000 0.000000
0.113333 0.000000
0.116667 0.000000
0.120000 0.000000
0.123333 0.000000
0.126667 0.000000
0.130000 0.000000
0.133333 0.000000
0.136667 0.000000
0.140000 0.000000
0.143333 0.000000
0.146667 0.000000
0.150000 0.000000
0.153333 0.000000
0.156667 0.000000
0.160000 0.000000
0.163333 0.000000
0.166667 0.000000
0.170000 0.000000
0.173333 0.000000
0.176667 0.000000
0.180000 0.000000
0.183333 0.000000
0.186667 0.000000
0.190000 0.000000
0.193333 0.000000
0.196667 0.000000
0.200000 0.000000
0.203333 0.000000
0.206667 0.000000
0.210000 0.000000
0.213333 0.000000
0.216667 0.000000
0.220000 0.000000
0.223333 0.000000
0.226667 0.000000
0.230000 0.000000
0.233333 0.000000
0.236667 0.000000
0.240000 0.000000
0.243333 0.000000
0.246667 0.000000
0.250000 0.000000
0.253333 0.000000
0.256667 0.000000
0.260000 0.000000
0.263333 0.000000
0.266667 0.000000
0.270000 0.000000
0.273000 0.000333
0.276333 0.000333
0.279667 0.000333
0.283000 0.000333
0.286000 0.000667
0.289333 0.000667
0.292667 0.000667
0.296000 0.000667
0.299333 0.000667
0.302667 0.000667
0.306000 0.000667
0.309333 0.000667
0.312333 0.001000
0.315667 0.001000
0.319000 0.001000
0.322333 0.001000
0.325667 0.001000
0.329000 0.001000
0.332333 0.001000
0.335667 0.001000
0.339000 0.001000
0.342333 0.001000
0.345667 0.001000
0.349000 0.001000
0.352333 0.001000
0.355667 0.001000
0.359000 0.001000
0.362333 0.001000
0.365667 0.001000
0.369000 0.001000
0.372333 0.001000
0.375667 0.001000
0.379000 0.001000
0.382333 0.001000
0.385667 0.001000
0.389000 0.001000
0.392333 0.001000
0.395667 0.001000
0.399000 0.001000
0.402333 0.001000
0.405667 0.001000
0.409000 0.001000
0.412333 0.001000
0.415667 0.001000
0.419000 0.001000
0.422333 0.001000
0.425667 0.001000
0.429000 0.001000
0.432333 0.001000
0.435667 0.001000
0.439000 0.001000
0.442333 0.001000
0.445667 0.001000
0.449000 0.001000
0.452333 0.001000
0.455667 0.001000
0.459000 0.001000
0.462333 0.001000
0.465667 0.001000
0.469000 0.001000
0.472333 0.001000
0.475333 0.001333
0.478667 0.001333
0.482000 0.001333
0.485333 0.001333
0.488667 0.001333
0.492000 0.001333
0.495333 0.001333
0.498667 0.001333
0.502000 0.001333
0.505333 0.001333
0.508333 0.001667
0.511667 0.001667
0.515000 0.001667
0.518333 0.001667
0.521333 0.002000
0.524667 0.002000
0.528000 0.002000
0.531333 0.002000
0.534667 0.002000
0.538000 0.002000
0.541333 0.002000
0.544000 0.002667
0.547000 0.003000
0.549667 0.003667
0.552667 0.004000
0.556000 0.004000
0.559333 0.004000
0.562667 0.004000
0.565333 0.004667
0.568667 0.004667
0.571667 0.005000
0.575000 0.005000
0.578333 0.005000
0.581333 0.005333
0.584333 0.005667
0.587667 0.005667
0.590667 0.006000
0.594000 0.006000
0.597333 0.006000
0.600667 0.006000
0.603667 0.006333
0.607000 0.006333
0.610000 0.006667
0.613333 0.006667
0.616667 0.006667
0.620000 0.006667
0.623000 0.007000
0.625333 0.008000
0.628000 0.008667
0.631000 0.009000
0.633333 0.010000
0.636000 0.010667
0.639000 0.011000
0.642333 0.011000
0.645333 0.011333
0.648000 0.012000
0.651000 0.012333
0.654000 0.012667
0.657000 0.013000
0.660333 0.013000
0.663333 0.013333
0.666667 0.013333
0.670000 0.013333
0.672667 0.014000
0.675667 0.014333
0.678667 0.014667
0.681333 0.015333
0.683667 0.016333
0.686667 0.016667
0.689333 0.017333
0.692000 0.018000
0.694333 0.019000
0.697333 0.019333
0.700667 0.019333
0.703333 0.020000
0.706333 0.020333
0.709333 0.020667
0.711667 0.021667
0.715000 0.021667
0.717667 0.022333
0.720000 0.023333
0.723000 0.023667
0.725667 0.024333
0.728667 0.024667
0.731000 0.025667
0.733333 0.026667
0.735333 0.028000
0.737667 0.029000
0.740000 0.030000
0.742000 0.031333
0.744667 0.032000
0.747000 0.033000
0.749333 0.034000
0.751667 0.035000
0.754333 0.035667
0.756333 0.037000
0.758333 0.038333
0.760667 0.039333
0.763333 0.040000
0.765000 0.041667
0.767667 0.042333
0.770667 0.042667
0.772667 0.044000
0.774667 0.045333
0.777000 0.046333
0.778333 0.048333
0.780000 0.050000
0.782000 0.051333
0.784333 0.052333
0.787333 0.052667
0.789667 0.053667
0.792667 0.054000
0.794333 0.055667
0.796667 0.056667
0.798000 0.058667
0.800000 0.060000
0.802000 0.061333
0.803667 0.063000
0.805667 0.064333
0.807667 0.065667
0.810000 0.066667
0.812000 0.068000
0.814667 0.068667
0.817667 0.069000
0.819333 0.070667
0.821000 0.072333
0.822333 0.074333
0.825667 0.074333
0.826667 0.076667
0.828333 0.078333
0.830667 0.079333
0.832333 0.081000
0.834333 0.082333
0.835667 0.084333
0.837000 0.086333
0.839333 0.087333
0.841333 0.088667
0.843333 0.090000
0.845000 0.091667
0.848000 0.092000
0.849333 0.094000
0.851000 0.095667
0.852000 0.098000
0.854000 0.099333
0.855667 0.101000
0.857333 0.102667
0.859000 0.104333
0.860000 0.106667
0.862000 0.108000
0.863333 0.110000
0.864333 0.112333
0.866333 0.113667
0.867667 0.115667
0.869333 0.117333
0.870667 0.119333
0.872667 0.120667
0.873667 0.123000
0.875000 0.125000
0.876000 0.127333
0.878000 0.128667
0.878000 0.132000
0.879333 0.134000
0.881333 0.135333
0.884000 0.136000
0.884333 0.139000
0.885333 0.141333
0.886333 0.143667
0.887333 0.146000
0.888667 0.148000
0.889667 0.150333
0.891000 0.152333
0.891667 0.155000
0.892000 0.158000
0.892667 0.160667
0.893667 0.163000
0.894333 0.165667
0.895333 0.168000
0.896333 0.170333
0.897667 0.172333
0.898000 0.175333
0.898667 0.178000
0.899000 0.181000
0.899667 0.183667
0.900000 0.186667
0.901333 0.188667
0.903000 0.190333
0.903333 0.193333
0.905000 0.195000
0.907000 0.196333
0.908333 0.198333
0.909333 0.200667
0.910333 0.203000
0.911000 0.205667
0.911333 0.208667
0.912000 0.211333
0.913333 0.213333
0.914000 0.216000
0.915333 0.218000
0.916000 0.220667
0.917000 0.223000
0.917667 0.225667
0.918000 0.228667
0.918333 0.231667
0.918667 0.234667
0.918667 0.238000
0.918667 0.241333
0.919333 0.244000
0.920667 0.246000
0.921333 0.248667
0.922000 0.251333
0.922333 0.254333
0.922333 0.257667
0.923333 0.260000
0.923667 0.263000
0.924333 0.265667
0.925000 0.268333
0.925667 0.271000
0.926000 0.274000
0.926333 0.277000
0.927000 0.279667
0.927667 0.282333
0.927667 0.285667
0.928333 0.288333
0.929000 0.291000
0.929000 0.294333
0.929667 0.297000
0.929667 0.300333
0.931000 0.302333
0.931667 0.305000
0.932000 0.308000
0.932667 0.310667
0.933667 0.313000
0.935000 0.315000
0.935667 0.317667
0.936667 0.320000
0.936667 0.323333
0.937667 0.325667
0.937667 0.329000
0.938000 0.332000
0.938667 0.334667
0.939333 0.337333
0.940000 0.340000
0.940667 0.342667
0.940667 0.346000
0.941000 0.349000
0.941667 0.351667
0.942333 0.354333
0.943667 0.356333
0.944000 0.359333
0.945333 0.361333
0.946333 0.363667
0.946667 0.366667
0.947000 0.369667
0.948000 0.372000
0.948667 0.374667
0.949000 0.377667
0.949333 0.380667
0.949333 0.384000
0.949667 0.387000
0.950333 0.389667
0.951667 0.391667
0.952000 0.394667
0.952333 0.397667
0.952667 0.400667
0.952667 0.404000
0.953667 0.406333
0.953667 0.409667
0.953667 0.413000
0.954000 0.416000
0.954667 0.418667
0.954667 0.422000
0.955667 0.424333
0.957000 0.426333
0.957000 0.429667
0.957000 0.433000
0.957667 0.435667
0.958000 0.438667
0.958333 0.441667
0.958667 0.444667
0.959333 0.447333
0.959333 0.450667
0.959667 0.453667
0.960333 0.456333
0.960667 0.459333
0.961000 0.462333
0.961333 0.465333
0.961667 0.468333
0.962000 0.471333
0.962333 0.474333
0.962667 0.477333
0.963667 0.479667
0.964000 0.482667
0.965000 0.485000
0.965000 0.488333
0.965000 0.491667
0.965000 0.495000
0.966000 0.497333
0.966333 0.500333
0.966667 0.503333
0.966667 0.506667
0.967000 0.509667
0.967667 0.512333
0.968000 0.515333
0.968000 0.518667
0.969000 0.521000
0.969333 0.524000
0.969333 0.527333
0.970000 0.530000
0.970667 0.532667
0.971333 0.535333
0.971667 0.538333
0.972333 0.541000
0.972667 0.544000
0.973000 0.547000
0.973333 0.550000
0.973667 0.553000
0.973667 0.556333
0.973667 0.559667
0.974000 0.562667
0.974000 0.566000
0.974667 0.568667
0.975333 0.571333
0.976333 0.573667
0.976667 0.576667
0.976667 0.580000
0.976667 0.583333
0.976667 0.586667
0.976667 0.590000
0.977000 0.593000
0.977000 0.596333
0.977000 0.599667
0.977667 0.602333
0.978333 0.605000
0.978667 0.608000
0.979333 0.610667
0.980000 0.613333
0.980667 0.616000
0.980667 0.619333
0.980667 0.622667
0.981333 0.625333
0.981333 0.628667
0.981333 0.632000
0.981333 0.635333
0.981333 0.638667
0.981333 0.642000
0.981667 0.645000
0.982333 0.647667
0.982333 0.651000
0.983000 0.653667
0.983000 0.657000
0.983000 0.660333
0.983000 0.663667
0.983333 0.666667
0.983667 0.669667
0.983667 0.673000
0.984000 0.676000
0.984667 0.678667
0.985000 0.681667
0.985333 0.684667
0.985333 0.688000
0.985333 0.691333
0.985333 0.694667
0.985333 0.698000
0.985667 0.701000
0.986000 0.704000
0.986000 0.707333
0.986000 0.710667
0.986333 0.713667
0.986667 0.716667
0.986667 0.720000
0.987000 0.723000
0.987000 0.726333
0.987000 0.729667
0.987000 0.733000
0.987333 0.736000
0.987667 0.739000
0.987667 0.742333
0.987667 0.745667
0.987667 0.749000
0.987667 0.752333
0.988000 0.755333
0.988000 0.758667
0.988000 0.762000
0.988000 0.765333
0.988667 0.768000
0.989000 0.771000
0.989333 0.774000
0.990000 0.776667
0.990000 0.780000
0.991000 0.782333
0.991000 0.785667
0.991000 0.789000
0.991000 0.792333
0.991000 0.795667
0.991667 0.798333
0.991667 0.801667
0.991667 0.805000
0.992333 0.807667
0.992667 0.810667
0.993000 0.813667
0.993333 0.816667
0.993667 0.819667
0.993667 0.823000
0.993667 0.826333
0.993667 0.829667
0.994000 0.832667
0.994000 0.836000
0.994000 0.839333
0.994000 0.842667
0.994000 0.846000
0.994000 0.849333
0.994000 0.852667
0.994333 0.855667
0.995000 0.858333
0.995333 0.861333
0.995333 0.864667
0.995667 0.867667
0.996000 0.870667
0.996333 0.873667
0.996667 0.876667
0.996667 0.880000
0.996667 0.883333
0.996667 0.886667
0.997000 0.889667
0.997000 0.893000
0.997333 0.896000
0.997333 0.899333
0.997667 0.902333
0.997667 0.905667
0.997667 0.909000
0.997667 0.912333
0.997667 0.915667
0.997667 0.919000
0.997667 0.922333
0.997667 0.925667
0.997667 0.929000
0.998000 0.932000
0.998000 0.935333
0.998000 0.938667
0.998000 0.942000
0.998000 0.945333
0.998000 0.948667
0.998667 0.951333
0.998667 0.954667
0.998667 0.958000
0.999000 0.961000
0.999000 0.964333
0.999667 0.967000
0.999667 0.970333
1.000000 0.973333
1.000000 0.976667
1.000000 0.980000
1.000000 0.983333
1.000000 0.986667
1.000000 0.990000
1.000000 0.993333
1.000000 0.996667
1.000000 1.000000
