1.0 	1.0
1.0 	0.999666666667
1.0 	0.999333333333
1.0 	0.999
1.0 	0.998666666667
1.0 	0.998333333333
1.0 	0.998
1.0 	0.997666666667
1.0 	0.997333333333
1.0 	0.997
1.0 	0.996666666667
1.0 	0.996333333333
1.0 	0.996
1.0 	0.995666666667
1.0 	0.995333333333
1.0 	0.995
1.0 	0.994666666667
1.0 	0.994333333333
1.0 	0.994
1.0 	0.993666666667
1.0 	0.993333333333
1.0 	0.993
1.0 	0.992666666667
1.0 	0.992333333333
1.0 	0.992
1.0 	0.991
1.0 	0.990666666667
1.0 	0.990333333333
1.0 	0.99
1.0 	0.989666666667
1.0 	0.989333333333
1.0 	0.989
1.0 	0.988666666667
1.0 	0.988333333333
1.0 	0.988
1.0 	0.987333333333
1.0 	0.987
1.0 	0.986333333333
1.0 	0.986
1.0 	0.985666666667
1.0 	0.985333333333
1.0 	0.985
1.0 	0.984
1.0 	0.983666666667
1.0 	0.983333333333
1.0 	0.983
1.0 	0.982666666667
1.0 	0.982333333333
1.0 	0.981666666667
1.0 	0.981333333333
1.0 	0.981
1.0 	0.980666666667
1.0 	0.980333333333
1.0 	0.98
1.0 	0.979
1.0 	0.978333333333
1.0 	0.978
1.0 	0.977666666667
1.0 	0.977333333333
1.0 	0.977
1.0 	0.976666666667
1.0 	0.976333333333
1.0 	0.975666666667
1.0 	0.975333333333
1.0 	0.975
1.0 	0.974666666667
1.0 	0.974333333333
1.0 	0.973666666667
1.0 	0.973333333333
1.0 	0.973
1.0 	0.972333333333
1.0 	0.971333333333
1.0 	0.970333333333
1.0 	0.97
1.0 	0.969666666667
1.0 	0.969
1.0 	0.968
1.0 	0.967666666667
1.0 	0.966666666667
1.0 	0.966
1.0 	0.965666666667
1.0 	0.965
1.0 	0.964666666667
1.0 	0.964333333333
1.0 	0.964
1.0 	0.963666666667
1.0 	0.963
1.0 	0.962666666667
1.0 	0.962
1.0 	0.961666666667
1.0 	0.961333333333
1.0 	0.961
1.0 	0.960666666667
1.0 	0.960333333333
1.0 	0.96
1.0 	0.959333333333
1.0 	0.958666666667
1.0 	0.957333333333
1.0 	0.956333333333
1.0 	0.956
1.0 	0.955333333333
1.0 	0.954333333333
1.0 	0.953666666667
1.0 	0.953
1.0 	0.952333333333
1.0 	0.952
1.0 	0.951666666667
1.0 	0.951333333333
1.0 	0.951
1.0 	0.950666666667
1.0 	0.95
1.0 	0.949666666667
1.0 	0.949333333333
1.0 	0.948666666667
1.0 	0.948
1.0 	0.947333333333
1.0 	0.947
1.0 	0.946333333333
1.0 	0.946
1.0 	0.945666666667
1.0 	0.945333333333
1.0 	0.944666666667
1.0 	0.943666666667
1.0 	0.942333333333
1.0 	0.941333333333
1.0 	0.940666666667
1.0 	0.939666666667
1.0 	0.939333333333
1.0 	0.939
1.0 	0.938333333333
1.0 	0.937666666667
1.0 	0.937333333333
1.0 	0.936333333333
1.0 	0.936
1.0 	0.935333333333
1.0 	0.933666666667
1.0 	0.933333333333
1.0 	0.933
1.0 	0.932666666667
1.0 	0.931666666667
1.0 	0.931
1.0 	0.93
1.0 	0.929666666667
1.0 	0.928666666667
1.0 	0.927333333333
1.0 	0.927
1.0 	0.926666666667
1.0 	0.926
1.0 	0.925333333333
1.0 	0.924
1.0 	0.923666666667
1.0 	0.922666666667
1.0 	0.920666666667
1.0 	0.920333333333
1.0 	0.92
1.0 	0.919
1.0 	0.918333333333
1.0 	0.918
1.0 	0.917
1.0 	0.916333333333
1.0 	0.915333333333
1.0 	0.914666666667
1.0 	0.913666666667
1.0 	0.912333333333
1.0 	0.911333333333
1.0 	0.911
1.0 	0.909666666667
1.0 	0.908666666667
1.0 	0.908
1.0 	0.907
1.0 	0.906
1.0 	0.903666666667
1.0 	0.903
1.0 	0.902666666667
1.0 	0.901666666667
1.0 	0.901
1.0 	0.900666666667
1.0 	0.9
1.0 	0.899666666667
1.0 	0.898666666667
1.0 	0.898333333333
1.0 	0.897666666667
1.0 	0.896666666667
1.0 	0.896
1.0 	0.895333333333
1.0 	0.894666666667
1.0 	0.894
1.0 	0.893
1.0 	0.892333333333
1.0 	0.891666666667
1.0 	0.89
1.0 	0.889666666667
1.0 	0.889
1.0 	0.888666666667
1.0 	0.888
1.0 	0.885666666667
1.0 	0.884
1.0 	0.883
1.0 	0.882
1.0 	0.881333333333
1.0 	0.880666666667
1.0 	0.878666666667
1.0 	0.878
1.0 	0.876666666667
1.0 	0.876
1.0 	0.875666666667
1.0 	0.874333333333
1.0 	0.874
1.0 	0.873333333333
1.0 	0.872333333333
1.0 	0.871666666667
1.0 	0.869666666667
1.0 	0.869333333333
1.0 	0.868666666667
1.0 	0.868
1.0 	0.866
1.0 	0.864333333333
1.0 	0.863
1.0 	0.861666666667
1.0 	0.860666666667
1.0 	0.86
1.0 	0.858333333333
1.0 	0.857666666667
1.0 	0.857333333333
1.0 	0.857
1.0 	0.855333333333
1.0 	0.854333333333
1.0 	0.854
1.0 	0.853
1.0 	0.851333333333
1.0 	0.850333333333
1.0 	0.848666666667
1.0 	0.848
1.0 	0.846666666667
1.0 	0.846333333333
1.0 	0.844666666667
1.0 	0.842666666667
1.0 	0.841
1.0 	0.840333333333
1.0 	0.839
1.0 	0.837
1.0 	0.835333333333
1.0 	0.834666666667
1.0 	0.834333333333
1.0 	0.833333333333
1.0 	0.832
1.0 	0.83
1.0 	0.828333333333
1.0 	0.827666666667
1.0 	0.825333333333
1.0 	0.823
1.0 	0.822333333333
1.0 	0.820666666667
1.0 	0.818666666667
1.0 	0.817
1.0 	0.814666666667
1.0 	0.814
1.0 	0.813
1.0 	0.811333333333
1.0 	0.810666666667
1.0 	0.81
1.0 	0.809666666667
1.0 	0.808333333333
1.0 	0.807
1.0 	0.806333333333
1.0 	0.804333333333
1.0 	0.802333333333
1.0 	0.802
1.0 	0.801333333333
1.0 	0.8
1.0 	0.798666666667
1.0 	0.797333333333
1.0 	0.796
1.0 	0.795666666667
1.0 	0.794333333333
1.0 	0.793
1.0 	0.791666666667
1.0 	0.791333333333
1.0 	0.788333333333
1.0 	0.788
1.0 	0.786666666667
1.0 	0.786
1.0 	0.785
1.0 	0.783666666667
1.0 	0.783
1.0 	0.781333333333
1.0 	0.780333333333
1.0 	0.778666666667
1.0 	0.777
1.0 	0.775666666667
1.0 	0.773333333333
1.0 	0.772
1.0 	0.77
1.0 	0.767333333333
1.0 	0.765333333333
1.0 	0.764666666667
1.0 	0.764
1.0 	0.762333333333
1.0 	0.761666666667
1.0 	0.759666666667
1.0 	0.758666666667
1.0 	0.757
1.0 	0.753666666667
1.0 	0.752
1.0 	0.75
1.0 	0.748333333333
1.0 	0.747333333333
1.0 	0.745333333333
1.0 	0.743
1.0 	0.741666666667
1.0 	0.739666666667
1.0 	0.737666666667
1.0 	0.735666666667
1.0 	0.735333333333
1.0 	0.731666666667
1.0 	0.730666666667
1.0 	0.727666666667
0.999666666667 	0.725
0.999666666667 	0.723333333333
0.999666666667 	0.720666666667
0.999666666667 	0.718666666667
0.999666666667 	0.717666666667
0.999666666667 	0.716333333333
0.999666666667 	0.714666666667
0.999666666667 	0.714
0.999666666667 	0.712333333333
0.999666666667 	0.711666666667
0.999666666667 	0.710666666667
0.999666666667 	0.709
0.999666666667 	0.707
0.999666666667 	0.706333333333
0.999666666667 	0.703333333333
0.999666666667 	0.702
0.999666666667 	0.699666666667
0.999666666667 	0.698333333333
0.999666666667 	0.696
0.999666666667 	0.694666666667
0.999666666667 	0.693
0.999666666667 	0.691
0.999666666667 	0.688333333333
0.999666666667 	0.687333333333
0.999666666667 	0.686
0.999666666667 	0.684333333333
0.999666666667 	0.681666666667
0.999666666667 	0.680333333333
0.999666666667 	0.678666666667
0.999666666667 	0.677333333333
0.999666666667 	0.675333333333
0.999666666667 	0.674666666667
0.999666666667 	0.673666666667
0.999666666667 	0.672
0.999666666667 	0.671
0.999666666667 	0.669333333333
0.999666666667 	0.668
0.999666666667 	0.666333333333
0.999666666667 	0.664
0.999666666667 	0.661333333333
0.999666666667 	0.659666666667
0.999666666667 	0.658333333333
0.999666666667 	0.656666666667
0.999666666667 	0.654333333333
0.999666666667 	0.652666666667
0.999666666667 	0.650333333333
0.999666666667 	0.65
0.999666666667 	0.649333333333
0.999666666667 	0.647
0.999666666667 	0.645333333333
0.999666666667 	0.643333333333
0.999666666667 	0.641333333333
0.999666666667 	0.640666666667
0.999666666667 	0.638666666667
0.999666666667 	0.637333333333
0.999666666667 	0.635
0.999666666667 	0.633333333333
0.999666666667 	0.630666666667
0.999666666667 	0.628
0.999666666667 	0.626333333333
0.999666666667 	0.624666666667
0.999666666667 	0.623666666667
0.999666666667 	0.620666666667
0.999666666667 	0.62
0.999666666667 	0.618666666667
0.999666666667 	0.617666666667
0.999666666667 	0.613333333333
0.999666666667 	0.611666666667
0.999666666667 	0.609
0.999666666667 	0.605666666667
0.999666666667 	0.605
0.999666666667 	0.604333333333
0.999666666667 	0.602666666667
0.999666666667 	0.600666666667
0.999666666667 	0.599666666667
0.999666666667 	0.598333333333
0.999666666667 	0.597
0.999666666667 	0.595666666667
0.999666666667 	0.594
0.999666666667 	0.591666666667
0.999666666667 	0.589
0.999666666667 	0.585
0.999666666667 	0.582333333333
0.999666666667 	0.58
0.999666666667 	0.576666666667
0.999666666667 	0.575666666667
0.999666666667 	0.574333333333
0.999666666667 	0.573
0.999666666667 	0.569666666667
0.999666666667 	0.568
0.999666666667 	0.567
0.999666666667 	0.564
0.999666666667 	0.562333333333
0.999666666667 	0.560333333333
0.999666666667 	0.559
0.999666666667 	0.557333333333
0.999666666667 	0.555
0.999666666667 	0.554333333333
0.999666666667 	0.553666666667
0.999666666667 	0.551666666667
0.999666666667 	0.551
0.999666666667 	0.549666666667
0.999666666667 	0.549333333333
0.999666666667 	0.548
0.999666666667 	0.547
0.999666666667 	0.545333333333
0.999666666667 	0.541666666667
0.999666666667 	0.540666666667
0.999666666667 	0.54
0.999666666667 	0.537
0.999666666667 	0.534
0.999666666667 	0.532
0.999666666667 	0.530666666667
0.999666666667 	0.529333333333
0.999666666667 	0.528333333333
0.999666666667 	0.527333333333
0.999666666667 	0.526666666667
0.999666666667 	0.525
0.999666666667 	0.523333333333
0.999666666667 	0.521666666667
0.999333333333 	0.519666666667
0.999333333333 	0.518
0.999333333333 	0.516
0.999333333333 	0.514333333333
0.999333333333 	0.513333333333
0.999333333333 	0.511666666667
0.999333333333 	0.510666666667
0.999333333333 	0.508666666667
0.999333333333 	0.507666666667
0.999333333333 	0.506
0.999333333333 	0.505
0.999333333333 	0.503
0.999333333333 	0.499333333333
0.999333333333 	0.495666666667
0.999333333333 	0.494
0.999333333333 	0.492333333333
0.999333333333 	0.49
0.999333333333 	0.488333333333
0.999333333333 	0.486666666667
0.999333333333 	0.485
0.999333333333 	0.481666666667
0.999333333333 	0.480666666667
0.999333333333 	0.479666666667
0.999333333333 	0.476666666667
0.999333333333 	0.474666666667
0.999333333333 	0.472666666667
0.999333333333 	0.471
0.999333333333 	0.469666666667
0.999333333333 	0.468666666667
0.999333333333 	0.466333333333
0.999333333333 	0.462666666667
0.999333333333 	0.460666666667
0.999333333333 	0.459
0.999333333333 	0.456333333333
0.999333333333 	0.456
0.999333333333 	0.455
0.999333333333 	0.452333333333
0.999333333333 	0.451666666667
0.999333333333 	0.450666666667
0.999333333333 	0.448333333333
0.999333333333 	0.446666666667
0.999333333333 	0.445333333333
0.999333333333 	0.443333333333
0.999333333333 	0.443
0.999333333333 	0.441333333333
0.999333333333 	0.439333333333
0.999333333333 	0.437333333333
0.999333333333 	0.434666666667
0.999333333333 	0.433333333333
0.999333333333 	0.431666666667
0.999333333333 	0.429
0.999333333333 	0.427333333333
0.999333333333 	0.424
0.999333333333 	0.423
0.999333333333 	0.420666666667
0.999333333333 	0.419
0.999333333333 	0.416666666667
0.999333333333 	0.414666666667
0.999333333333 	0.413666666667
0.999333333333 	0.410333333333
0.999333333333 	0.407333333333
0.999333333333 	0.405
0.999333333333 	0.404
0.999333333333 	0.403
0.999333333333 	0.401
0.999333333333 	0.399666666667
0.999333333333 	0.397
0.999333333333 	0.395666666667
0.999333333333 	0.393666666667
0.999333333333 	0.392333333333
0.999333333333 	0.391
0.999333333333 	0.389666666667
0.999333333333 	0.388333333333
0.999333333333 	0.386666666667
0.999333333333 	0.385
0.999333333333 	0.383666666667
0.999333333333 	0.382
0.999333333333 	0.38
0.999333333333 	0.378333333333
0.999333333333 	0.376666666667
0.999333333333 	0.373666666667
0.999333333333 	0.372333333333
0.999333333333 	0.371666666667
0.999333333333 	0.370666666667
0.999333333333 	0.369333333333
0.999333333333 	0.367666666667
0.999333333333 	0.367
0.999333333333 	0.366
0.999333333333 	0.364
0.999333333333 	0.362666666667
0.999333333333 	0.362
0.999333333333 	0.36
0.999333333333 	0.358
0.999333333333 	0.357
0.999333333333 	0.353333333333
0.999333333333 	0.352
0.999333333333 	0.350666666667
0.999333333333 	0.349333333333
0.999333333333 	0.347666666667
0.999333333333 	0.346
0.999333333333 	0.342666666667
0.999333333333 	0.340666666667
0.999333333333 	0.339333333333
0.999333333333 	0.339
0.999333333333 	0.337666666667
0.999333333333 	0.335333333333
0.999333333333 	0.334333333333
0.999333333333 	0.331666666667
0.999333333333 	0.329
0.999333333333 	0.328666666667
0.999333333333 	0.327333333333
0.999333333333 	0.327
0.999333333333 	0.325333333333
0.999333333333 	0.324666666667
0.999333333333 	0.323
0.999333333333 	0.319666666667
0.999333333333 	0.318333333333
0.999333333333 	0.317333333333
0.999333333333 	0.315
0.999333333333 	0.313
0.999333333333 	0.312
0.999333333333 	0.310666666667
0.999333333333 	0.309333333333
0.999333333333 	0.305666666667
0.999333333333 	0.304
0.999333333333 	0.301666666667
0.999333333333 	0.299333333333
0.999333333333 	0.298333333333
0.999333333333 	0.298
0.999333333333 	0.297333333333
0.999333333333 	0.296333333333
0.999333333333 	0.294
0.999333333333 	0.292333333333
0.999333333333 	0.291333333333
0.999333333333 	0.290666666667
0.999333333333 	0.289333333333
0.999333333333 	0.287333333333
0.999333333333 	0.285
0.999333333333 	0.283333333333
0.999333333333 	0.282666666667
0.999333333333 	0.282
0.999333333333 	0.281333333333
0.999333333333 	0.279333333333
0.999333333333 	0.278333333333
0.999333333333 	0.277333333333
0.999333333333 	0.276333333333
0.999333333333 	0.274333333333
0.999333333333 	0.273333333333
0.999333333333 	0.272333333333
0.999333333333 	0.270666666667
0.999333333333 	0.269666666667
0.999333333333 	0.268333333333
0.999333333333 	0.268
0.999333333333 	0.267333333333
0.999333333333 	0.266333333333
0.999333333333 	0.266
0.999333333333 	0.265333333333
0.999333333333 	0.264
0.999333333333 	0.263
0.999333333333 	0.262
0.999333333333 	0.26
0.999333333333 	0.259333333333
0.999333333333 	0.256666666667
0.999333333333 	0.256
0.999333333333 	0.255666666667
0.999333333333 	0.254666666667
0.999333333333 	0.253
0.999333333333 	0.251333333333
0.999333333333 	0.25
0.999333333333 	0.249
0.999333333333 	0.248666666667
0.999333333333 	0.247333333333
0.999333333333 	0.246333333333
0.999333333333 	0.245333333333
0.999333333333 	0.243333333333
0.999333333333 	0.242333333333
0.999333333333 	0.240333333333
0.999333333333 	0.238
0.999333333333 	0.237
0.999333333333 	0.234666666667
0.999333333333 	0.233333333333
0.999333333333 	0.232333333333
0.999333333333 	0.230666666667
0.999333333333 	0.229666666667
0.999333333333 	0.228333333333
0.999333333333 	0.227
0.999333333333 	0.226
0.999333333333 	0.224333333333
0.999333333333 	0.223666666667
0.999333333333 	0.223333333333
0.999333333333 	0.222666666667
0.999333333333 	0.221
0.999333333333 	0.22
0.999333333333 	0.218666666667
0.999333333333 	0.218
0.999333333333 	0.217666666667
0.999333333333 	0.217333333333
0.999333333333 	0.216666666667
0.999333333333 	0.216
0.999333333333 	0.214
0.999333333333 	0.213
0.999333333333 	0.211
0.999333333333 	0.209
0.999333333333 	0.206666666667
0.999333333333 	0.205333333333
0.999333333333 	0.205
0.999333333333 	0.203333333333
0.999333333333 	0.202666666667
0.999333333333 	0.201
0.999333333333 	0.200666666667
0.999333333333 	0.199333333333
0.999333333333 	0.197666666667
0.999333333333 	0.196666666667
0.999333333333 	0.195333333333
0.999333333333 	0.194666666667
0.999333333333 	0.193666666667
0.999333333333 	0.193
0.999333333333 	0.191666666667
0.999333333333 	0.191
0.999333333333 	0.190666666667
0.999333333333 	0.19
0.999333333333 	0.188666666667
0.999333333333 	0.187333333333
0.999333333333 	0.186666666667
0.999333333333 	0.185
0.999333333333 	0.184
0.999333333333 	0.181333333333
0.999333333333 	0.180666666667
0.999333333333 	0.180333333333
0.999333333333 	0.179
0.999333333333 	0.178
0.999333333333 	0.176666666667
0.999333333333 	0.176
0.999333333333 	0.175333333333
0.999333333333 	0.174666666667
0.999333333333 	0.174333333333
0.999333333333 	0.173333333333
0.999333333333 	0.171666666667
0.999333333333 	0.171
0.999333333333 	0.170666666667
0.999333333333 	0.17
0.999333333333 	0.169
0.999333333333 	0.167333333333
0.999333333333 	0.166333333333
0.999333333333 	0.166
0.999333333333 	0.165333333333
0.999333333333 	0.164666666667
0.999333333333 	0.163
0.999333333333 	0.162333333333
0.999333333333 	0.161
0.999333333333 	0.160333333333
0.999333333333 	0.16
0.999333333333 	0.159333333333
0.999333333333 	0.158666666667
0.999333333333 	0.157333333333
0.999333333333 	0.156333333333
0.999333333333 	0.155
0.999333333333 	0.154
0.999333333333 	0.153333333333
0.999333333333 	0.152666666667
0.999333333333 	0.152
0.999333333333 	0.151666666667
0.999333333333 	0.151333333333
0.999333333333 	0.150333333333
0.999333333333 	0.148333333333
0.999333333333 	0.147
0.999333333333 	0.146333333333
0.999333333333 	0.145333333333
0.999333333333 	0.144333333333
0.999333333333 	0.144
0.999333333333 	0.142666666667
0.999333333333 	0.142333333333
0.999333333333 	0.141333333333
0.999333333333 	0.140666666667
0.999333333333 	0.138666666667
0.999333333333 	0.138333333333
0.999333333333 	0.137666666667
0.999333333333 	0.136333333333
0.999333333333 	0.135333333333
0.999333333333 	0.134333333333
0.999333333333 	0.133333333333
0.999333333333 	0.132
0.999333333333 	0.131666666667
0.999333333333 	0.130666666667
0.999333333333 	0.13
0.999333333333 	0.128
0.999333333333 	0.127
0.999333333333 	0.126666666667
0.999333333333 	0.126
0.999333333333 	0.125
0.999333333333 	0.123333333333
0.999333333333 	0.122666666667
0.999333333333 	0.121666666667
0.999333333333 	0.121
0.999333333333 	0.120666666667
0.999333333333 	0.120333333333
0.999333333333 	0.119666666667
0.999333333333 	0.119
0.999333333333 	0.118666666667
0.999333333333 	0.118333333333
0.999333333333 	0.118
0.999333333333 	0.117333333333
0.999333333333 	0.117
0.999333333333 	0.116
0.999333333333 	0.115
0.999333333333 	0.113333333333
0.999333333333 	0.113
0.999333333333 	0.112333333333
0.999333333333 	0.111
0.999333333333 	0.110333333333
0.999333333333 	0.109333333333
0.999333333333 	0.107666666667
0.999333333333 	0.107333333333
0.999333333333 	0.106666666667
0.999333333333 	0.106
0.999333333333 	0.104666666667
0.999333333333 	0.104
0.999333333333 	0.103333333333
0.999333333333 	0.102
0.999333333333 	0.101666666667
0.999333333333 	0.100333333333
0.999333333333 	0.0993333333333
0.999333333333 	0.0986666666667
0.999 	0.098
0.999 	0.0973333333333
0.999 	0.097
0.999 	0.096
0.999 	0.0956666666667
0.999 	0.0953333333333
0.999 	0.0946666666667
0.999 	0.0936666666667
0.999 	0.093
0.999 	0.0923333333333
0.999 	0.0913333333333
0.999 	0.0903333333333
0.999 	0.0893333333333
0.999 	0.0886666666667
0.999 	0.088
0.999 	0.0873333333333
0.999 	0.087
0.999 	0.0866666666667
0.999 	0.0863333333333
0.999 	0.086
0.999 	0.0853333333333
0.999 	0.085
0.999 	0.084
0.999 	0.0836666666667
0.999 	0.083
0.999 	0.0826666666667
0.999 	0.0813333333333
0.999 	0.081
0.999 	0.0806666666667
0.999 	0.0803333333333
0.999 	0.08
0.999 	0.0796666666667
0.999 	0.0793333333333
0.999 	0.0783333333333
0.999 	0.0776666666667
0.999 	0.077
0.999 	0.0766666666667
0.999 	0.076
0.999 	0.075
0.999 	0.0746666666667
0.999 	0.0743333333333
0.999 	0.074
0.999 	0.0736666666667
0.999 	0.0726666666667
0.999 	0.0716666666667
0.999 	0.0713333333333
0.999 	0.0706666666667
0.999 	0.0703333333333
0.999 	0.07
0.998666666667 	0.07
0.998666666667 	0.0696666666667
0.998666666667 	0.069
0.998666666667 	0.0686666666667
0.998666666667 	0.068
0.998666666667 	0.0676666666667
0.998666666667 	0.0673333333333
0.998666666667 	0.0663333333333
0.998666666667 	0.066
0.998666666667 	0.0653333333333
0.998666666667 	0.065
0.998666666667 	0.0643333333333
0.998666666667 	0.064
0.998666666667 	0.0633333333333
0.998666666667 	0.063
0.998666666667 	0.0623333333333
0.998666666667 	0.062
0.998666666667 	0.0616666666667
0.998666666667 	0.0613333333333
0.998666666667 	0.0606666666667
0.998666666667 	0.0603333333333
0.998666666667 	0.06
0.998666666667 	0.0586666666667
0.998666666667 	0.058
0.998666666667 	0.0573333333333
0.998666666667 	0.057
0.998666666667 	0.0563333333333
0.998666666667 	0.056
0.998666666667 	0.0543333333333
0.998666666667 	0.0536666666667
0.998666666667 	0.0526666666667
0.998666666667 	0.052
0.998666666667 	0.0516666666667
0.998666666667 	0.0506666666667
0.998666666667 	0.0503333333333
0.998666666667 	0.05
0.998666666667 	0.049
0.998666666667 	0.0486666666667
0.998666666667 	0.048
0.998666666667 	0.0476666666667
0.998666666667 	0.0473333333333
0.998666666667 	0.047
0.998666666667 	0.0466666666667
0.998666666667 	0.0463333333333
0.998666666667 	0.0456666666667
0.998666666667 	0.045
0.998666666667 	0.0446666666667
0.998666666667 	0.0436666666667
0.998333333333 	0.0436666666667
0.998333333333 	0.0433333333333
0.998333333333 	0.043
0.998333333333 	0.0423333333333
0.998333333333 	0.0416666666667
0.998333333333 	0.041
0.998333333333 	0.0403333333333
0.998333333333 	0.04
0.998333333333 	0.0393333333333
0.998 	0.0386666666667
0.998 	0.0383333333333
0.998 	0.0376666666667
0.998 	0.0373333333333
0.998 	0.0366666666667
0.998 	0.0356666666667
0.998 	0.0353333333333
0.998 	0.035
0.998 	0.0346666666667
0.998 	0.0343333333333
0.998 	0.034
0.998 	0.0333333333333
0.998 	0.033
0.998 	0.0326666666667
0.998 	0.0316666666667
0.998 	0.0313333333333
0.998 	0.0306666666667
0.998 	0.0303333333333
0.998 	0.03
0.998 	0.0283333333333
0.998 	0.028
0.998 	0.0276666666667
0.998 	0.0273333333333
0.998 	0.027
0.998 	0.0266666666667
0.998 	0.0256666666667
0.998 	0.0253333333333
0.998 	0.025
0.998 	0.0246666666667
0.997666666667 	0.0243333333333
0.997666666667 	0.024
0.997666666667 	0.0236666666667
0.997666666667 	0.0233333333333
0.997666666667 	0.023
0.997666666667 	0.0226666666667
0.997666666667 	0.022
0.997333333333 	0.022
0.997333333333 	0.0216666666667
0.997333333333 	0.0213333333333
0.997333333333 	0.021
0.997333333333 	0.0206666666667
0.997333333333 	0.0203333333333
0.997333333333 	0.02
0.997333333333 	0.0196666666667
0.997333333333 	0.0193333333333
0.997333333333 	0.019
0.997333333333 	0.0186666666667
0.997333333333 	0.0183333333333
0.997333333333 	0.0176666666667
0.997333333333 	0.0173333333333
0.997333333333 	0.017
0.997333333333 	0.0166666666667
0.997333333333 	0.0163333333333
0.997333333333 	0.016
0.997 	0.016
0.997 	0.0153333333333
0.996666666667 	0.0153333333333
0.996666666667 	0.015
0.996666666667 	0.0146666666667
0.996666666667 	0.0143333333333
0.996666666667 	0.014
0.996666666667 	0.0136666666667
0.996666666667 	0.0133333333333
0.996666666667 	0.013
0.996666666667 	0.0126666666667
0.996666666667 	0.012
0.996666666667 	0.0116666666667
0.996666666667 	0.0113333333333
0.996666666667 	0.0106666666667
0.996666666667 	0.0103333333333
0.996666666667 	0.01
0.996666666667 	0.00933333333333
0.996666666667 	0.009
0.996666666667 	0.00833333333333
0.996666666667 	0.008
0.996666666667 	0.00766666666667
0.996666666667 	0.00733333333333
0.996666666667 	0.007
0.996666666667 	0.00666666666667
0.996666666667 	0.00633333333333
0.996666666667 	0.006
0.996666666667 	0.00566666666667
0.996666666667 	0.00533333333333
0.996666666667 	0.005
0.996666666667 	0.00433333333333
0.996666666667 	0.004
0.996666666667 	0.00366666666667
0.996666666667 	0.00333333333333
0.996666666667 	0.003
0.996666666667 	0.00266666666667
0.996666666667 	0.00233333333333
0.996666666667 	0.002
0.996666666667 	0.00166666666667
0.996666666667 	0.00133333333333
0.996666666667 	0.001
0.996333333333 	0.001
0.996 	0.001
0.995666666667 	0.001
0.995333333333 	0.001
0.995 	0.001
0.994666666667 	0.001
0.994333333333 	0.001
0.994 	0.001
0.993666666667 	0.001
0.993333333333 	0.001
0.993 	0.001
0.992666666667 	0.001
0.992 	0.001
0.991666666667 	0.001
0.991333333333 	0.001
0.991 	0.001
0.990666666667 	0.001
0.990333333333 	0.001
0.99 	0.001
0.989666666667 	0.001
0.989333333333 	0.001
0.989 	0.001
0.988666666667 	0.001
0.988333333333 	0.001
0.988 	0.000666666666667
0.987666666667 	0.000666666666667
0.987333333333 	0.000666666666667
0.987 	0.000666666666667
0.987 	0.000333333333333
0.986666666667 	0.000333333333333
0.986333333333 	0.000333333333333
0.986 	0.000333333333333
0.985666666667 	0.000333333333333
0.985333333333 	0.000333333333333
0.985 	0.000333333333333
0.984666666667 	0.000333333333333
0.984333333333 	0.000333333333333
0.984333333333 	0.0
0.984 	0.0
0.983666666667 	0.0
0.983333333333 	0.0
0.983 	0.0
0.982666666667 	0.0
0.982333333333 	0.0
0.982 	0.0
0.981666666667 	0.0
0.981 	0.0
0.980666666667 	0.0
0.98 	0.0
0.979666666667 	0.0
0.979333333333 	0.0
0.978666666667 	0.0
0.978333333333 	0.0
0.978 	0.0
0.977666666667 	0.0
0.977333333333 	0.0
0.977 	0.0
0.976666666667 	0.0
0.976333333333 	0.0
0.976 	0.0
0.975666666667 	0.0
0.975333333333 	0.0
0.974666666667 	0.0
0.974333333333 	0.0
0.973666666667 	0.0
0.973 	0.0
0.972666666667 	0.0
0.972333333333 	0.0
0.972 	0.0
0.971666666667 	0.0
0.971333333333 	0.0
0.971 	0.0
0.970666666667 	0.0
0.970333333333 	0.0
0.97 	0.0
0.969666666667 	0.0
0.969333333333 	0.0
0.969 	0.0
0.968666666667 	0.0
0.968333333333 	0.0
0.967666666667 	0.0
0.967333333333 	0.0
0.966666666667 	0.0
0.966333333333 	0.0
0.966 	0.0
0.965333333333 	0.0
0.965 	0.0
0.964666666667 	0.0
0.964333333333 	0.0
0.964 	0.0
0.963666666667 	0.0
0.963 	0.0
0.962666666667 	0.0
0.962 	0.0
0.961666666667 	0.0
0.961333333333 	0.0
0.961 	0.0
0.960666666667 	0.0
0.960333333333 	0.0
0.96 	0.0
0.959 	0.0
0.958666666667 	0.0
0.958333333333 	0.0
0.958 	0.0
0.957666666667 	0.0
0.957 	0.0
0.956333333333 	0.0
0.956 	0.0
0.955666666667 	0.0
0.955333333333 	0.0
0.955 	0.0
0.954666666667 	0.0
0.954333333333 	0.0
0.954 	0.0
0.953666666667 	0.0
0.953333333333 	0.0
0.953 	0.0
0.952333333333 	0.0
0.952 	0.0
0.951666666667 	0.0
0.951333333333 	0.0
0.951 	0.0
0.950666666667 	0.0
0.950333333333 	0.0
0.949666666667 	0.0
0.949333333333 	0.0
0.949 	0.0
0.948666666667 	0.0
0.948333333333 	0.0
0.947666666667 	0.0
0.947 	0.0
0.946666666667 	0.0
0.946 	0.0
0.945333333333 	0.0
0.945 	0.0
0.944666666667 	0.0
0.944333333333 	0.0
0.943666666667 	0.0
0.943333333333 	0.0
0.942333333333 	0.0
0.942 	0.0
0.941666666667 	0.0
0.941333333333 	0.0
0.941 	0.0
0.940666666667 	0.0
0.940333333333 	0.0
0.94 	0.0
0.939333333333 	0.0
0.939 	0.0
0.938666666667 	0.0
0.938333333333 	0.0
0.938 	0.0
0.937666666667 	0.0
0.937333333333 	0.0
0.936666666667 	0.0
0.936333333333 	0.0
0.936 	0.0
0.935666666667 	0.0
0.935333333333 	0.0
0.934333333333 	0.0
0.934 	0.0
0.933666666667 	0.0
0.933333333333 	0.0
0.932666666667 	0.0
0.932333333333 	0.0
0.931666666667 	0.0
0.931333333333 	0.0
0.931 	0.0
0.930333333333 	0.0
0.93 	0.0
0.929333333333 	0.0
0.929 	0.0
0.928666666667 	0.0
0.928 	0.0
0.927666666667 	0.0
0.927333333333 	0.0
0.926666666667 	0.0
0.926333333333 	0.0
0.926 	0.0
0.925333333333 	0.0
0.924666666667 	0.0
0.924333333333 	0.0
0.924 	0.0
0.923666666667 	0.0
0.923333333333 	0.0
0.922666666667 	0.0
0.922333333333 	0.0
0.921666666667 	0.0
0.921 	0.0
0.920333333333 	0.0
0.92 	0.0
0.919666666667 	0.0
0.919333333333 	0.0
0.918666666667 	0.0
0.918333333333 	0.0
0.917333333333 	0.0
0.917 	0.0
0.916666666667 	0.0
0.916333333333 	0.0
0.916 	0.0
0.915333333333 	0.0
0.915 	0.0
0.914333333333 	0.0
0.914 	0.0
0.913666666667 	0.0
0.913333333333 	0.0
0.913 	0.0
0.912333333333 	0.0
0.912 	0.0
0.911333333333 	0.0
0.911 	0.0
0.909666666667 	0.0
0.909333333333 	0.0
0.909 	0.0
0.908333333333 	0.0
0.907333333333 	0.0
0.907 	0.0
0.906666666667 	0.0
0.906333333333 	0.0
0.905666666667 	0.0
0.905333333333 	0.0
0.905 	0.0
0.904666666667 	0.0
0.904 	0.0
0.903666666667 	0.0
0.903 	0.0
0.902333333333 	0.0
0.902 	0.0
0.901666666667 	0.0
0.901 	0.0
0.900333333333 	0.0
0.9 	0.0
0.899333333333 	0.0
0.898666666667 	0.0
0.898333333333 	0.0
0.898 	0.0
0.897333333333 	0.0
0.897 	0.0
0.896666666667 	0.0
0.896333333333 	0.0
0.896 	0.0
0.895666666667 	0.0
0.895333333333 	0.0
0.895 	0.0
0.894333333333 	0.0
0.894 	0.0
0.893666666667 	0.0
0.893333333333 	0.0
0.892666666667 	0.0
0.892333333333 	0.0
0.892 	0.0
0.891333333333 	0.0
0.890666666667 	0.0
0.890333333333 	0.0
0.889666666667 	0.0
0.889 	0.0
0.888666666667 	0.0
0.888 	0.0
0.887666666667 	0.0
0.887333333333 	0.0
0.887 	0.0
0.886333333333 	0.0
0.885666666667 	0.0
0.885 	0.0
0.884666666667 	0.0
0.884333333333 	0.0
0.884 	0.0
0.883 	0.0
0.882333333333 	0.0
0.882 	0.0
0.880666666667 	0.0
0.880333333333 	0.0
0.88 	0.0
0.879333333333 	0.0
0.878333333333 	0.0
0.878 	0.0
0.877666666667 	0.0
0.876666666667 	0.0
0.876333333333 	0.0
0.875666666667 	0.0
0.875333333333 	0.0
0.875 	0.0
0.874666666667 	0.0
0.874333333333 	0.0
0.874 	0.0
0.873666666667 	0.0
0.873333333333 	0.0
0.872666666667 	0.0
0.871666666667 	0.0
0.871 	0.0
0.870333333333 	0.0
0.869666666667 	0.0
0.869 	0.0
0.868333333333 	0.0
0.868 	0.0
0.867333333333 	0.0
0.867 	0.0
0.866666666667 	0.0
0.865666666667 	0.0
0.865333333333 	0.0
0.865 	0.0
0.864666666667 	0.0
0.864333333333 	0.0
0.863666666667 	0.0
0.862666666667 	0.0
0.862333333333 	0.0
0.861666666667 	0.0
0.861333333333 	0.0
0.860666666667 	0.0
0.86 	0.0
0.859666666667 	0.0
0.858666666667 	0.0
0.858 	0.0
0.856333333333 	0.0
0.855666666667 	0.0
0.855333333333 	0.0
0.855 	0.0
0.854666666667 	0.0
0.853666666667 	0.0
0.853333333333 	0.0
0.853 	0.0
0.852666666667 	0.0
0.852 	0.0
0.851666666667 	0.0
0.851 	0.0
0.850333333333 	0.0
0.85 	0.0
0.849666666667 	0.0
0.849 	0.0
0.848666666667 	0.0
0.847666666667 	0.0
0.847333333333 	0.0
0.847 	0.0
0.846666666667 	0.0
0.846333333333 	0.0
0.845666666667 	0.0
0.844666666667 	0.0
0.844333333333 	0.0
0.844 	0.0
0.843666666667 	0.0
0.843333333333 	0.0
0.843 	0.0
0.842666666667 	0.0
0.842333333333 	0.0
0.842 	0.0
0.841666666667 	0.0
0.840666666667 	0.0
0.840333333333 	0.0
0.839666666667 	0.0
0.839 	0.0
0.838333333333 	0.0
0.838 	0.0
0.837666666667 	0.0
0.837333333333 	0.0
0.837 	0.0
0.836666666667 	0.0
0.835666666667 	0.0
0.835 	0.0
0.834666666667 	0.0
0.833333333333 	0.0
0.832666666667 	0.0
0.832333333333 	0.0
0.831333333333 	0.0
0.831 	0.0
0.830666666667 	0.0
0.83 	0.0
0.829333333333 	0.0
0.829 	0.0
0.828 	0.0
0.827666666667 	0.0
0.827333333333 	0.0
0.826333333333 	0.0
0.825666666667 	0.0
0.825333333333 	0.0
0.824333333333 	0.0
0.823666666667 	0.0
0.823333333333 	0.0
0.823 	0.0
0.822333333333 	0.0
0.821666666667 	0.0
0.821 	0.0
0.820666666667 	0.0
0.82 	0.0
0.818666666667 	0.0
0.818333333333 	0.0
0.818 	0.0
0.817 	0.0
0.816666666667 	0.0
0.816 	0.0
0.815333333333 	0.0
0.815 	0.0
0.814666666667 	0.0
0.814333333333 	0.0
0.814 	0.0
0.813666666667 	0.0
0.812333333333 	0.0
0.811333333333 	0.0
0.810666666667 	0.0
0.810333333333 	0.0
0.81 	0.0
0.809333333333 	0.0
0.808666666667 	0.0
0.807666666667 	0.0
0.806666666667 	0.0
0.806 	0.0
0.805333333333 	0.0
0.804666666667 	0.0
0.804333333333 	0.0
0.803 	0.0
0.802666666667 	0.0
0.801666666667 	0.0
0.801333333333 	0.0
0.800333333333 	0.0
0.799333333333 	0.0
0.799 	0.0
0.798333333333 	0.0
0.797666666667 	0.0
0.797 	0.0
0.796666666667 	0.0
0.796333333333 	0.0
0.795333333333 	0.0
0.794666666667 	0.0
0.794333333333 	0.0
0.793666666667 	0.0
0.793 	0.0
0.792666666667 	0.0
0.792 	0.0
0.791333333333 	0.0
0.791 	0.0
0.79 	0.0
0.789333333333 	0.0
0.788 	0.0
0.786666666667 	0.0
0.785333333333 	0.0
0.785 	0.0
0.784666666667 	0.0
0.784 	0.0
0.783 	0.0
0.782666666667 	0.0
0.782333333333 	0.0
0.782 	0.0
0.781666666667 	0.0
0.781333333333 	0.0
0.781 	0.0
0.779 	0.0
0.778 	0.0
0.777666666667 	0.0
0.777333333333 	0.0
0.776333333333 	0.0
0.775333333333 	0.0
0.775 	0.0
0.774 	0.0
0.773666666667 	0.0
0.772666666667 	0.0
0.772333333333 	0.0
0.772 	0.0
0.771333333333 	0.0
0.77 	0.0
0.769333333333 	0.0
0.769 	0.0
0.767 	0.0
0.766333333333 	0.0
0.765666666667 	0.0
0.764666666667 	0.0
0.764333333333 	0.0
0.763666666667 	0.0
0.762666666667 	0.0
0.761666666667 	0.0
0.761333333333 	0.0
0.761 	0.0
0.760333333333 	0.0
0.759333333333 	0.0
0.758666666667 	0.0
0.758 	0.0
0.757333333333 	0.0
0.757 	0.0
0.756333333333 	0.0
0.756 	0.0
0.755333333333 	0.0
0.755 	0.0
0.754333333333 	0.0
0.753333333333 	0.0
0.753 	0.0
0.752666666667 	0.0
0.752 	0.0
0.751 	0.0
0.750666666667 	0.0
0.749333333333 	0.0
0.748 	0.0
0.747333333333 	0.0
0.746666666667 	0.0
0.746333333333 	0.0
0.746 	0.0
0.745333333333 	0.0
0.745 	0.0
0.744333333333 	0.0
0.743333333333 	0.0
0.743 	0.0
0.742 	0.0
0.741666666667 	0.0
0.741333333333 	0.0
0.741 	0.0
0.74 	0.0
0.739666666667 	0.0
0.738666666667 	0.0
0.738333333333 	0.0
0.737 	0.0
0.736 	0.0
0.734666666667 	0.0
0.734333333333 	0.0
0.733666666667 	0.0
0.732666666667 	0.0
0.731 	0.0
0.729666666667 	0.0
0.728666666667 	0.0
0.727333333333 	0.0
0.726333333333 	0.0
0.726 	0.0
0.725333333333 	0.0
0.724333333333 	0.0
0.724 	0.0
0.723666666667 	0.0
0.723333333333 	0.0
0.722333333333 	0.0
0.722 	0.0
0.721666666667 	0.0
0.72 	0.0
0.719 	0.0
0.717666666667 	0.0
0.717 	0.0
0.716333333333 	0.0
0.715666666667 	0.0
0.715333333333 	0.0
0.714666666667 	0.0
0.713666666667 	0.0
0.713333333333 	0.0
0.712333333333 	0.0
0.712 	0.0
0.711333333333 	0.0
0.71 	0.0
0.709333333333 	0.0
0.708333333333 	0.0
0.707666666667 	0.0
0.706333333333 	0.0
0.705666666667 	0.0
0.704666666667 	0.0
0.704333333333 	0.0
0.704 	0.0
0.703333333333 	0.0
0.702666666667 	0.0
0.700666666667 	0.0
0.700333333333 	0.0
0.698666666667 	0.0
0.698 	0.0
0.696666666667 	0.0
0.696 	0.0
0.695333333333 	0.0
0.694666666667 	0.0
0.693 	0.0
0.692666666667 	0.0
0.692 	0.0
0.691333333333 	0.0
0.690666666667 	0.0
0.690333333333 	0.0
0.689333333333 	0.0
0.688666666667 	0.0
0.688333333333 	0.0
0.688 	0.0
0.687666666667 	0.0
0.686 	0.0
0.684333333333 	0.0
0.684 	0.0
0.683666666667 	0.0
0.681333333333 	0.0
0.680666666667 	0.0
0.679333333333 	0.0
0.678333333333 	0.0
0.676666666667 	0.0
0.676 	0.0
0.674666666667 	0.0
0.674 	0.0
0.672333333333 	0.0
0.671666666667 	0.0
0.670666666667 	0.0
0.67 	0.0
0.669333333333 	0.0
0.667 	0.0
0.666333333333 	0.0
0.666 	0.0
0.665666666667 	0.0
0.664 	0.0
0.663666666667 	0.0
0.663333333333 	0.0
0.663 	0.0
0.661666666667 	0.0
0.661333333333 	0.0
0.661 	0.0
0.66 	0.0
0.659333333333 	0.0
0.658666666667 	0.0
0.658 	0.0
0.657666666667 	0.0
0.657 	0.0
0.656333333333 	0.0
0.656 	0.0
0.655 	0.0
0.654333333333 	0.0
0.652666666667 	0.0
0.651333333333 	0.0
0.650666666667 	0.0
0.650333333333 	0.0
0.649 	0.0
0.648 	0.0
0.647333333333 	0.0
0.646 	0.0
0.644 	0.0
0.643 	0.0
0.641666666667 	0.0
0.640666666667 	0.0
0.64 	0.0
0.639333333333 	0.0
0.639 	0.0
0.638666666667 	0.0
0.638333333333 	0.0
0.636666666667 	0.0
0.636 	0.0
0.634 	0.0
0.633 	0.0
0.632666666667 	0.0
0.632 	0.0
0.631 	0.0
0.629333333333 	0.0
0.628666666667 	0.0
0.628 	0.0
0.627666666667 	0.0
0.626 	0.0
0.625 	0.0
0.624666666667 	0.0
0.624333333333 	0.0
0.623666666667 	0.0
0.623333333333 	0.0
0.623 	0.0
0.622666666667 	0.0
0.621666666667 	0.0
0.621333333333 	0.0
0.620333333333 	0.0
0.618666666667 	0.0
0.618 	0.0
0.617333333333 	0.0
0.616666666667 	0.0
0.615333333333 	0.0
0.614666666667 	0.0
0.614333333333 	0.0
0.613 	0.0
0.612333333333 	0.0
0.611333333333 	0.0
0.610666666667 	0.0
0.61 	0.0
0.609666666667 	0.0
0.609333333333 	0.0
0.608 	0.0
0.607666666667 	0.0
0.607333333333 	0.0
0.606333333333 	0.0
0.605666666667 	0.0
0.605 	0.0
0.604333333333 	0.0
0.602666666667 	0.0
0.601666666667 	0.0
0.600666666667 	0.0
0.599 	0.0
0.598 	0.0
0.597666666667 	0.0
0.597333333333 	0.0
0.596666666667 	0.0
0.596 	0.0
0.595 	0.0
0.594 	0.0
0.593333333333 	0.0
0.593 	0.0
0.592333333333 	0.0
0.591 	0.0
0.590333333333 	0.0
0.59 	0.0
0.589 	0.0
0.588333333333 	0.0
0.587333333333 	0.0
0.586666666667 	0.0
0.586 	0.0
0.585666666667 	0.0
0.585333333333 	0.0
0.585 	0.0
0.584 	0.0
0.583 	0.0
0.582 	0.0
0.581333333333 	0.0
0.580666666667 	0.0
0.58 	0.0
0.579 	0.0
0.578333333333 	0.0
0.577666666667 	0.0
0.577 	0.0
0.576 	0.0
0.575333333333 	0.0
0.574666666667 	0.0
0.574 	0.0
0.573 	0.0
0.571666666667 	0.0
0.570666666667 	0.0
0.569 	0.0
0.568333333333 	0.0
0.568 	0.0
0.566333333333 	0.0
0.566 	0.0
0.565333333333 	0.0
0.564333333333 	0.0
0.563 	0.0
0.562333333333 	0.0
0.561333333333 	0.0
0.560666666667 	0.0
0.559666666667 	0.0
0.559 	0.0
0.558666666667 	0.0
0.558333333333 	0.0
0.557333333333 	0.0
0.556333333333 	0.0
0.555666666667 	0.0
0.555 	0.0
0.554333333333 	0.0
0.553333333333 	0.0
0.552666666667 	0.0
0.551666666667 	0.0
0.551 	0.0
0.550333333333 	0.0
0.549666666667 	0.0
0.547333333333 	0.0
0.546 	0.0
0.544666666667 	0.0
0.544 	0.0
0.543 	0.0
0.542333333333 	0.0
0.541666666667 	0.0
0.541333333333 	0.0
0.540666666667 	0.0
0.539666666667 	0.0
0.539 	0.0
0.538333333333 	0.0
0.538 	0.0
0.537666666667 	0.0
0.537 	0.0
0.536333333333 	0.0
0.536 	0.0
0.535666666667 	0.0
0.535333333333 	0.0
0.534666666667 	0.0
0.532333333333 	0.0
0.531 	0.0
0.53 	0.0
0.529333333333 	0.0
0.528333333333 	0.0
0.527666666667 	0.0
0.526666666667 	0.0
0.526333333333 	0.0
0.525666666667 	0.0
0.524 	0.0
0.522666666667 	0.0
0.522 	0.0
0.521666666667 	0.0
0.521 	0.0
0.520333333333 	0.0
0.519333333333 	0.0
0.518666666667 	0.0
0.518 	0.0
0.517666666667 	0.0
0.517 	0.0
0.516 	0.0
0.515666666667 	0.0
0.515333333333 	0.0
0.515 	0.0
0.514333333333 	0.0
0.513 	0.0
0.512333333333 	0.0
0.511333333333 	0.0
0.511 	0.0
0.510333333333 	0.0
0.509666666667 	0.0
0.508666666667 	0.0
0.506666666667 	0.0
0.505666666667 	0.0
0.504333333333 	0.0
0.503666666667 	0.0
0.503333333333 	0.0
0.503 	0.0
0.502333333333 	0.0
0.502 	0.0
0.500333333333 	0.0
0.499 	0.0
0.498666666667 	0.0
0.497 	0.0
0.495666666667 	0.0
0.495333333333 	0.0
0.494666666667 	0.0
0.494333333333 	0.0
0.493666666667 	0.0
0.493 	0.0
0.492 	0.0
0.491 	0.0
0.490666666667 	0.0
0.489333333333 	0.0
0.488666666667 	0.0
0.488 	0.0
0.487333333333 	0.0
0.486333333333 	0.0
0.486 	0.0
0.484666666667 	0.0
0.484333333333 	0.0
0.484 	0.0
0.483 	0.0
0.481666666667 	0.0
0.481 	0.0
0.480666666667 	0.0
0.478333333333 	0.0
0.477666666667 	0.0
0.477 	0.0
0.476666666667 	0.0
0.476 	0.0
0.475666666667 	0.0
0.475333333333 	0.0
0.474666666667 	0.0
0.473333333333 	0.0
0.472666666667 	0.0
0.471 	0.0
0.469666666667 	0.0
0.468666666667 	0.0
0.468333333333 	0.0
0.467333333333 	0.0
0.465666666667 	0.0
0.465333333333 	0.0
0.464333333333 	0.0
0.463666666667 	0.0
0.463333333333 	0.0
0.462333333333 	0.0
0.461333333333 	0.0
0.461 	0.0
0.460333333333 	0.0
0.459666666667 	0.0
0.458666666667 	0.0
0.457333333333 	0.0
0.457 	0.0
0.455666666667 	0.0
0.455 	0.0
0.454666666667 	0.0
0.454333333333 	0.0
0.453 	0.0
0.452333333333 	0.0
0.452 	0.0
0.451333333333 	0.0
0.451 	0.0
0.45 	0.0
0.449666666667 	0.0
0.449 	0.0
0.447666666667 	0.0
0.446666666667 	0.0
0.445666666667 	0.0
0.443666666667 	0.0
0.443 	0.0
0.442333333333 	0.0
0.441 	0.0
0.440666666667 	0.0
0.440333333333 	0.0
0.44 	0.0
0.439666666667 	0.0
0.438666666667 	0.0
0.437333333333 	0.0
0.435666666667 	0.0
0.435 	0.0
0.433 	0.0
0.432 	0.0
0.431333333333 	0.0
0.430666666667 	0.0
0.429 	0.0
0.428 	0.0
0.427666666667 	0.0
0.427333333333 	0.0
0.426333333333 	0.0
0.426 	0.0
0.424666666667 	0.0
0.423666666667 	0.0
0.423333333333 	0.0
0.422666666667 	0.0
0.421666666667 	0.0
0.421 	0.0
0.420333333333 	0.0
0.42 	0.0
0.419666666667 	0.0
0.419 	0.0
0.417666666667 	0.0
0.416666666667 	0.0
0.416 	0.0
0.415 	0.0
0.414333333333 	0.0
0.413333333333 	0.0
0.412333333333 	0.0
0.412 	0.0
0.410666666667 	0.0
0.41 	0.0
0.409333333333 	0.0
0.408333333333 	0.0
0.407 	0.0
0.406333333333 	0.0
0.406 	0.0
0.405 	0.0
0.404666666667 	0.0
0.403666666667 	0.0
0.403 	0.0
0.402666666667 	0.0
0.402333333333 	0.0
0.401333333333 	0.0
0.4 	0.0
0.399333333333 	0.0
0.398333333333 	0.0
0.396666666667 	0.0
0.396333333333 	0.0
0.395666666667 	0.0
0.395 	0.0
0.393666666667 	0.0
0.393 	0.0
0.392666666667 	0.0
0.392333333333 	0.0
0.392 	0.0
0.391 	0.0
0.390666666667 	0.0
0.390333333333 	0.0
0.389 	0.0
0.388666666667 	0.0
0.388 	0.0
0.387333333333 	0.0
0.387 	0.0
0.386333333333 	0.0
0.385333333333 	0.0
0.385 	0.0
0.384333333333 	0.0
0.383666666667 	0.0
0.382 	0.0
0.380666666667 	0.0
0.379666666667 	0.0
0.379 	0.0
0.377666666667 	0.0
0.377 	0.0
0.376 	0.0
0.374666666667 	0.0
0.373666666667 	0.0
0.372 	0.0
0.370666666667 	0.0
0.370333333333 	0.0
0.369 	0.0
0.368666666667 	0.0
0.367666666667 	0.0
0.367 	0.0
0.366666666667 	0.0
0.365333333333 	0.0
0.364333333333 	0.0
0.363666666667 	0.0
0.362 	0.0
0.360666666667 	0.0
0.359666666667 	0.0
0.358666666667 	0.0
0.358 	0.0
0.357666666667 	0.0
0.357 	0.0
0.356333333333 	0.0
0.356 	0.0
0.355333333333 	0.0
0.355 	0.0
0.354333333333 	0.0
0.353333333333 	0.0
0.353 	0.0
0.352 	0.0
0.351666666667 	0.0
0.350333333333 	0.0
0.349333333333 	0.0
0.348666666667 	0.0
0.348333333333 	0.0
0.347666666667 	0.0
0.347 	0.0
0.346333333333 	0.0
0.346 	0.0
0.345666666667 	0.0
0.344666666667 	0.0
0.344333333333 	0.0
0.343666666667 	0.0
0.342666666667 	0.0
0.341 	0.0
0.34 	0.0
0.339333333333 	0.0
0.338 	0.0
0.337666666667 	0.0
0.337 	0.0
0.336 	0.0
0.334666666667 	0.0
0.333333333333 	0.0
0.333 	0.0
0.332333333333 	0.0
0.331666666667 	0.0
0.331333333333 	0.0
0.330666666667 	0.0
0.330333333333 	0.0
0.329666666667 	0.0
0.329 	0.0
0.328333333333 	0.0
0.327 	0.0
0.326333333333 	0.0
0.325333333333 	0.0
0.324666666667 	0.0
0.323666666667 	0.0
0.323 	0.0
0.321666666667 	0.0
0.320666666667 	0.0
0.32 	0.0
0.319 	0.0
0.318333333333 	0.0
0.318 	0.0
0.317666666667 	0.0
0.317 	0.0
0.315666666667 	0.0
0.315333333333 	0.0
0.314333333333 	0.0
0.313333333333 	0.0
0.312 	0.0
0.311 	0.0
0.31 	0.0
0.309333333333 	0.0
0.308666666667 	0.0
0.308 	0.0
0.306666666667 	0.0
0.306 	0.0
0.305666666667 	0.0
0.305333333333 	0.0
0.304333333333 	0.0
0.303 	0.0
0.302666666667 	0.0
0.302333333333 	0.0
0.302 	0.0
0.301333333333 	0.0
0.300333333333 	0.0
0.299666666667 	0.0
0.298666666667 	0.0
0.298 	0.0
0.297333333333 	0.0
0.296 	0.0
0.295333333333 	0.0
0.294666666667 	0.0
0.293333333333 	0.0
0.292 	0.0
0.290333333333 	0.0
0.289666666667 	0.0
0.288666666667 	0.0
0.288 	0.0
0.287333333333 	0.0
0.286666666667 	0.0
0.285333333333 	0.0
0.284333333333 	0.0
0.283333333333 	0.0
0.281333333333 	0.0
0.280333333333 	0.0
0.279666666667 	0.0
0.278666666667 	0.0
0.278333333333 	0.0
0.277666666667 	0.0
0.276666666667 	0.0
0.276 	0.0
0.275 	0.0
0.274666666667 	0.0
0.274 	0.0
0.273666666667 	0.0
0.273 	0.0
0.271666666667 	0.0
0.271333333333 	0.0
0.270333333333 	0.0
0.269333333333 	0.0
0.268333333333 	0.0
0.268 	0.0
0.267 	0.0
0.266333333333 	0.0
0.266 	0.0
0.265 	0.0
0.264666666667 	0.0
0.264 	0.0
0.263333333333 	0.0
0.262 	0.0
0.260666666667 	0.0
0.260333333333 	0.0
0.259333333333 	0.0
0.258666666667 	0.0
0.258333333333 	0.0
0.258 	0.0
0.256333333333 	0.0
0.256 	0.0
0.255333333333 	0.0
0.255 	0.0
0.254666666667 	0.0
0.254333333333 	0.0
0.252666666667 	0.0
0.252333333333 	0.0
0.252 	0.0
0.251333333333 	0.0
0.251 	0.0
0.25 	0.0
0.249333333333 	0.0
0.248 	0.0
0.247 	0.0
0.246 	0.0
0.245333333333 	0.0
0.244666666667 	0.0
0.244333333333 	0.0
0.243666666667 	0.0
0.242666666667 	0.0
0.241333333333 	0.0
0.240666666667 	0.0
0.24 	0.0
0.239333333333 	0.0
0.238666666667 	0.0
0.237333333333 	0.0
0.236666666667 	0.0
0.235666666667 	0.0
0.235 	0.0
0.234666666667 	0.0
0.233666666667 	0.0
0.233 	0.0
0.232666666667 	0.0
0.230333333333 	0.0
0.229333333333 	0.0
0.229 	0.0
0.228333333333 	0.0
0.227333333333 	0.0
0.226666666667 	0.0
0.226333333333 	0.0
0.226 	0.0
0.225666666667 	0.0
0.223333333333 	0.0
0.222 	0.0
0.221666666667 	0.0
0.221333333333 	0.0
0.220333333333 	0.0
0.219666666667 	0.0
0.219 	0.0
0.218333333333 	0.0
0.218 	0.0
0.217666666667 	0.0
0.216333333333 	0.0
0.215666666667 	0.0
0.214666666667 	0.0
0.213666666667 	0.0
0.212666666667 	0.0
0.212 	0.0
0.211 	0.0
0.210333333333 	0.0
0.209666666667 	0.0
0.209 	0.0
0.208333333333 	0.0
0.207666666667 	0.0
0.206666666667 	0.0
0.205666666667 	0.0
0.205333333333 	0.0
0.204666666667 	0.0
0.203666666667 	0.0
0.203333333333 	0.0
0.202666666667 	0.0
0.202 	0.0
0.201666666667 	0.0
0.201333333333 	0.0
0.201 	0.0
0.2 	0.0
0.199666666667 	0.0
0.198666666667 	0.0
0.197666666667 	0.0
0.196666666667 	0.0
0.195333333333 	0.0
0.194666666667 	0.0
0.194 	0.0
0.193333333333 	0.0
0.193 	0.0
0.192666666667 	0.0
0.192 	0.0
0.191666666667 	0.0
0.191333333333 	0.0
0.191 	0.0
0.190666666667 	0.0
0.189666666667 	0.0
0.189 	0.0
0.188666666667 	0.0
0.188 	0.0
0.187333333333 	0.0
0.186333333333 	0.0
0.186 	0.0
0.185666666667 	0.0
0.185333333333 	0.0
0.184666666667 	0.0
0.183666666667 	0.0
0.183333333333 	0.0
0.182666666667 	0.0
0.182333333333 	0.0
0.182 	0.0
0.181666666667 	0.0
0.180333333333 	0.0
0.179666666667 	0.0
0.179333333333 	0.0
0.178666666667 	0.0
0.177333333333 	0.0
0.176666666667 	0.0
0.175666666667 	0.0
0.174666666667 	0.0
0.173333333333 	0.0
0.172333333333 	0.0
0.171333333333 	0.0
0.170333333333 	0.0
0.169666666667 	0.0
0.169333333333 	0.0
0.169 	0.0
0.168666666667 	0.0
0.168333333333 	0.0
0.168 	0.0
0.167 	0.0
0.166333333333 	0.0
0.165333333333 	0.0
0.164666666667 	0.0
0.164 	0.0
0.163 	0.0
0.162666666667 	0.0
0.161 	0.0
0.160333333333 	0.0
0.159333333333 	0.0
0.159 	0.0
0.158666666667 	0.0
0.158 	0.0
0.157333333333 	0.0
0.157 	0.0
0.156666666667 	0.0
0.156333333333 	0.0
0.156 	0.0
0.155333333333 	0.0
0.155 	0.0
0.154333333333 	0.0
0.153666666667 	0.0
0.152666666667 	0.0
0.152 	0.0
0.151666666667 	0.0
0.151333333333 	0.0
0.151 	0.0
0.150666666667 	0.0
0.150333333333 	0.0
0.15 	0.0
0.149333333333 	0.0
0.149 	0.0
0.148666666667 	0.0
0.148333333333 	0.0
0.147666666667 	0.0
0.147333333333 	0.0
0.145 	0.0
0.144333333333 	0.0
0.143 	0.0
0.142666666667 	0.0
0.142333333333 	0.0
0.140666666667 	0.0
0.140333333333 	0.0
0.139666666667 	0.0
0.138666666667 	0.0
0.138 	0.0
0.137333333333 	0.0
0.137 	0.0
0.136 	0.0
0.135666666667 	0.0
0.134666666667 	0.0
0.133333333333 	0.0
0.132666666667 	0.0
0.132333333333 	0.0
0.131666666667 	0.0
0.131333333333 	0.0
0.131 	0.0
0.130666666667 	0.0
0.130333333333 	0.0
0.129666666667 	0.0
0.129 	0.0
0.128666666667 	0.0
0.128 	0.0
0.127666666667 	0.0
0.127333333333 	0.0
0.126666666667 	0.0
0.126 	0.0
0.125666666667 	0.0
0.125 	0.0
0.124333333333 	0.0
0.123333333333 	0.0
0.123 	0.0
0.122666666667 	0.0
0.121333333333 	0.0
0.121 	0.0
0.12 	0.0
0.119666666667 	0.0
0.118666666667 	0.0
0.118333333333 	0.0
0.117666666667 	0.0
0.117333333333 	0.0
0.117 	0.0
0.116333333333 	0.0
0.116 	0.0
0.115666666667 	0.0
0.115333333333 	0.0
0.114333333333 	0.0
0.114 	0.0
0.113666666667 	0.0
0.112333333333 	0.0
0.112 	0.0
0.111666666667 	0.0
0.110666666667 	0.0
0.109666666667 	0.0
0.109333333333 	0.0
0.109 	0.0
0.108666666667 	0.0
0.108 	0.0
0.107333333333 	0.0
0.107 	0.0
0.106333333333 	0.0
0.106 	0.0
0.105 	0.0
0.104333333333 	0.0
0.104 	0.0
0.102666666667 	0.0
0.102333333333 	0.0
0.101333333333 	0.0
0.100333333333 	0.0
0.0993333333333 	0.0
0.0986666666667 	0.0
0.0983333333333 	0.0
0.098 	0.0
0.0976666666667 	0.0
0.0963333333333 	0.0
0.0956666666667 	0.0
0.0946666666667 	0.0
0.0943333333333 	0.0
0.0936666666667 	0.0
0.0933333333333 	0.0
0.0923333333333 	0.0
0.092 	0.0
0.0913333333333 	0.0
0.091 	0.0
0.0906666666667 	0.0
0.0903333333333 	0.0
0.089 	0.0
0.0883333333333 	0.0
0.088 	0.0
0.0876666666667 	0.0
0.0873333333333 	0.0
0.087 	0.0
0.0856666666667 	0.0
0.0853333333333 	0.0
0.0846666666667 	0.0
0.084 	0.0
0.0836666666667 	0.0
0.0833333333333 	0.0
0.082 	0.0
0.081 	0.0
0.0803333333333 	0.0
0.0796666666667 	0.0
0.0793333333333 	0.0
0.079 	0.0
0.0783333333333 	0.0
0.078 	0.0
0.0773333333333 	0.0
0.077 	0.0
0.0766666666667 	0.0
0.076 	0.0
0.0756666666667 	0.0
0.0743333333333 	0.0
0.0733333333333 	0.0
0.073 	0.0
0.0723333333333 	0.0
0.072 	0.0
0.0716666666667 	0.0
0.0706666666667 	0.0
0.0696666666667 	0.0
0.0693333333333 	0.0
0.0686666666667 	0.0
0.068 	0.0
0.0676666666667 	0.0
0.0673333333333 	0.0
0.0666666666667 	0.0
0.0663333333333 	0.0
0.066 	0.0
0.0656666666667 	0.0
0.0653333333333 	0.0
0.065 	0.0
0.0646666666667 	0.0
0.0643333333333 	0.0
0.064 	0.0
0.0636666666667 	0.0
0.063 	0.0
0.0626666666667 	0.0
0.0623333333333 	0.0
0.062 	0.0
0.0616666666667 	0.0
0.0613333333333 	0.0
0.061 	0.0
0.0603333333333 	0.0
0.0596666666667 	0.0
0.059 	0.0
0.058 	0.0
0.0576666666667 	0.0
0.0573333333333 	0.0
0.057 	0.0
0.0563333333333 	0.0
0.056 	0.0
0.0556666666667 	0.0
0.055 	0.0
0.0546666666667 	0.0
0.054 	0.0
0.0533333333333 	0.0
0.053 	0.0
0.0523333333333 	0.0
0.0516666666667 	0.0
0.0506666666667 	0.0
0.0503333333333 	0.0
0.05 	0.0
0.0496666666667 	0.0
0.0493333333333 	0.0
0.049 	0.0
0.0486666666667 	0.0
0.0483333333333 	0.0
0.048 	0.0
0.0476666666667 	0.0
0.0473333333333 	0.0
0.047 	0.0
0.0466666666667 	0.0
0.0463333333333 	0.0
0.046 	0.0
0.0453333333333 	0.0
0.0443333333333 	0.0
0.044 	0.0
0.043 	0.0
0.0423333333333 	0.0
0.0416666666667 	0.0
0.0413333333333 	0.0
0.041 	0.0
0.0403333333333 	0.0
0.04 	0.0
0.0396666666667 	0.0
0.0393333333333 	0.0
0.039 	0.0
0.0386666666667 	0.0
0.0383333333333 	0.0
0.038 	0.0
0.0373333333333 	0.0
0.037 	0.0
0.0366666666667 	0.0
0.036 	0.0
0.0356666666667 	0.0
0.035 	0.0
0.0346666666667 	0.0
0.0343333333333 	0.0
0.034 	0.0
0.0336666666667 	0.0
0.0333333333333 	0.0
0.033 	0.0
0.032 	0.0
0.0316666666667 	0.0
0.0313333333333 	0.0
0.0306666666667 	0.0
0.0303333333333 	0.0
0.03 	0.0
0.0296666666667 	0.0
0.0293333333333 	0.0
0.029 	0.0
0.0286666666667 	0.0
0.028 	0.0
0.0276666666667 	0.0
0.0273333333333 	0.0
0.027 	0.0
0.0266666666667 	0.0
0.0256666666667 	0.0
0.0253333333333 	0.0
0.025 	0.0
0.0246666666667 	0.0
0.0243333333333 	0.0
0.024 	0.0
0.0236666666667 	0.0
0.0233333333333 	0.0
0.0226666666667 	0.0
0.0223333333333 	0.0
0.022 	0.0
0.0216666666667 	0.0
0.0213333333333 	0.0
0.021 	0.0
0.0206666666667 	0.0
0.0203333333333 	0.0
0.02 	0.0
0.019 	0.0
0.0186666666667 	0.0
0.0183333333333 	0.0
0.018 	0.0
0.0176666666667 	0.0
0.0166666666667 	0.0
0.0163333333333 	0.0
0.016 	0.0
0.0156666666667 	0.0
0.0153333333333 	0.0
0.015 	0.0
0.0146666666667 	0.0
0.0143333333333 	0.0
0.014 	0.0
0.0136666666667 	0.0
0.0133333333333 	0.0
0.013 	0.0
0.0126666666667 	0.0
0.0123333333333 	0.0
0.012 	0.0
0.0116666666667 	0.0
0.0113333333333 	0.0
0.011 	0.0
0.0106666666667 	0.0
0.0103333333333 	0.0
0.01 	0.0
0.00966666666667 	0.0
0.00933333333333 	0.0
0.009 	0.0
0.00866666666667 	0.0
0.00833333333333 	0.0
0.008 	0.0
0.00766666666667 	0.0
0.00733333333333 	0.0
0.007 	0.0
0.00666666666667 	0.0
0.006 	0.0
0.00566666666667 	0.0
0.00533333333333 	0.0
0.005 	0.0
0.00466666666667 	0.0
0.00433333333333 	0.0
0.004 	0.0
0.00366666666667 	0.0
0.00333333333333 	0.0
0.003 	0.0
0.00266666666667 	0.0
0.00233333333333 	0.0
0.002 	0.0
0.00166666666667 	0.0
0.00133333333333 	0.0
0.001 	0.0
0.000666666666667 	0.0
0.000333333333333 	0.0
0.0 	0.0