1.000000 1.000000
1.000000 0.996667
1.000000 0.993333
1.000000 0.990000
1.000000 0.986667
1.000000 0.983333
1.000000 0.980000
1.000000 0.976667
1.000000 0.973333
1.000000 0.970000
1.000000 0.966667
1.000000 0.963333
1.000000 0.960000
1.000000 0.956667
1.000000 0.953333
1.000000 0.950000
1.000000 0.946667
1.000000 0.943333
1.000000 0.940000
1.000000 0.936667
1.000000 0.933333
1.000000 0.930000
1.000000 0.926667
1.000000 0.923333
1.000000 0.920000
1.000000 0.916667
1.000000 0.913333
1.000000 0.910000
1.000000 0.906667
1.000000 0.903333
1.000000 0.900000
0.999667 0.897000
0.999667 0.893667
0.999667 0.890333
0.999667 0.887000
0.999667 0.883667
0.999667 0.880333
0.999667 0.877000
0.999667 0.873667
0.999667 0.870333
0.999667 0.867000
0.999667 0.863667
0.999667 0.860333
0.999667 0.857000
0.999667 0.853667
0.999667 0.850333
0.999667 0.847000
0.999667 0.843667
0.999667 0.840333
0.999667 0.837000
0.999667 0.833667
0.999667 0.830333
0.999667 0.827000
0.999667 0.823667
0.999667 0.820333
0.999667 0.817000
0.999667 0.813667
0.999667 0.810333
0.999667 0.807000
0.999667 0.803667
0.999667 0.800333
0.999667 0.797000
0.999667 0.793667
0.999667 0.790333
0.999667 0.787000
0.999667 0.783667
0.999333 0.780667
0.999333 0.777333
0.999333 0.774000
0.999333 0.770667
0.999000 0.767667
0.999000 0.764333
0.999000 0.761000
0.999000 0.757667
0.998667 0.754667
0.998333 0.751667
0.998333 0.748333
0.998000 0.745333
0.997667 0.742333
0.997333 0.739333
0.997333 0.736000
0.997000 0.733000
0.997000 0.729667
0.997000 0.726333
0.997000 0.723000
0.997000 0.719667
0.997000 0.716333
0.997000 0.713000
0.997000 0.709667
0.997000 0.706333
0.997000 0.703000
0.997000 0.699667
0.996667 0.696667
0.996667 0.693333
0.996667 0.690000
0.996667 0.686667
0.996667 0.683333
0.996667 0.680000
0.996333 0.677000
0.996333 0.673667
0.996333 0.670333
0.996333 0.667000
0.996333 0.663667
0.996333 0.660333
0.996333 0.657000
0.996333 0.653667
0.996333 0.650333
0.996333 0.647000
0.996333 0.643667
0.996333 0.640333
0.996333 0.637000
0.996333 0.633667
0.996333 0.630333
0.996333 0.627000
0.996000 0.624000
0.996000 0.620667
0.996000 0.617333
0.996000 0.614000
0.996000 0.610667
0.996000 0.607333
0.995667 0.604333
0.995333 0.601333
0.995333 0.598000
0.995333 0.594667
0.995333 0.591333
0.995333 0.588000
0.995333 0.584667
0.995333 0.581333
0.995333 0.578000
0.995333 0.574667
0.995000 0.571667
0.994667 0.568667
0.994000 0.566000
0.993667 0.563000
0.993667 0.559667
0.993667 0.556333
0.993667 0.553000
0.993667 0.549667
0.993333 0.546667
0.993333 0.543333
0.993333 0.540000
0.993333 0.536667
0.993333 0.533333
0.993333 0.530000
0.993000 0.527000
0.992333 0.524333
0.992333 0.521000
0.992333 0.517667
0.992000 0.514667
0.992000 0.511333
0.991667 0.508333
0.991667 0.505000
0.991333 0.502000
0.991333 0.498667
0.991333 0.495333
0.991333 0.492000
0.991000 0.489000
0.991000 0.485667
0.990333 0.483000
0.989667 0.480333
0.988667 0.478000
0.988667 0.474667
0.988667 0.471333
0.988667 0.468000
0.988667 0.464667
0.988667 0.461333
0.988333 0.458333
0.988333 0.455000
0.988000 0.452000
0.988000 0.448667
0.987000 0.446333
0.986000 0.444000
0.985667 0.441000
0.985333 0.438000
0.985333 0.434667
0.985000 0.431667
0.985000 0.428333
0.984667 0.425333
0.984667 0.422000
0.984000 0.419333
0.983667 0.416333
0.983333 0.413333
0.983000 0.410333
0.983000 0.407000
0.982667 0.404000
0.982333 0.401000
0.981667 0.398333
0.981667 0.395000
0.981000 0.392333
0.981000 0.389000
0.980667 0.386000
0.980000 0.383333
0.979667 0.380333
0.979333 0.377333
0.979000 0.374333
0.978667 0.371333
0.978000 0.368667
0.977333 0.366000
0.976667 0.363333
0.976333 0.360333
0.976000 0.357333
0.976000 0.354000
0.975667 0.351000
0.975667 0.347667
0.975000 0.345000
0.974667 0.342000
0.974667 0.338667
0.973333 0.336667
0.972667 0.334000
0.971000 0.332333
0.970333 0.329667
0.969667 0.327000
0.969000 0.324333
0.969000 0.321000
0.969000 0.317667
0.968000 0.315333
0.967667 0.312333
0.967000 0.309667
0.966667 0.306667
0.966667 0.303333
0.966667 0.300000
0.966667 0.296667
0.966333 0.293667
0.966000 0.290667
0.965333 0.288000
0.965000 0.285000
0.964667 0.282000
0.964000 0.279333
0.963000 0.277000
0.962667 0.274000
0.962667 0.270667
0.962000 0.268000
0.961667 0.265000
0.960333 0.263000
0.959333 0.260667
0.958000 0.258667
0.957333 0.256000
0.956000 0.254000
0.955333 0.251333
0.954333 0.249000
0.954000 0.246000
0.953333 0.243333
0.953333 0.240000
0.952667 0.237333
0.952000 0.234667
0.951000 0.232333
0.950000 0.230000
0.949333 0.227333
0.948333 0.225000
0.947667 0.222333
0.947333 0.219333
0.946667 0.216667
0.946000 0.214000
0.944667 0.212000
0.943667 0.209667
0.942667 0.207333
0.941333 0.205333
0.940333 0.203000
0.939000 0.201000
0.938333 0.198333
0.937000 0.196333
0.935333 0.194667
0.934333 0.192333
0.933333 0.190000
0.933000 0.187000
0.932333 0.184333
0.930333 0.183000
0.930000 0.180000
0.928667 0.178000
0.928333 0.175000
0.927333 0.172667
0.927000 0.169667
0.925667 0.167667
0.924000 0.166000
0.922667 0.164000
0.921333 0.162000
0.920000 0.160000
0.919000 0.157667
0.916667 0.156667
0.915667 0.154333
0.913000 0.153667
0.912000 0.151333
0.910667 0.149333
0.909333 0.147333
0.907667 0.145667
0.905667 0.144333
0.904333 0.142333
0.903667 0.139667
0.901667 0.138333
0.900333 0.136333
0.899000 0.134333
0.898667 0.131333
0.898000 0.128667
0.896667 0.126667
0.896000 0.124000
0.895333 0.121333
0.894333 0.119000
0.892333 0.117667
0.891333 0.115333
0.890667 0.112667
0.889667 0.110333
0.887333 0.109333
0.886333 0.107000
0.884000 0.106000
0.882667 0.104000
0.881333 0.102000
0.880000 0.100000
0.878333 0.098333
0.877333 0.096000
0.875667 0.094333
0.874333 0.092333
0.873000 0.090333
0.871333 0.088667
0.869333 0.087333
0.867000 0.086333
0.865333 0.084667
0.863000 0.083667
0.861333 0.082000
0.859667 0.080333
0.858000 0.078667
0.855333 0.078000
0.853333 0.076667
0.851333 0.075333
0.849667 0.073667
0.848333 0.071667
0.846000 0.070667
0.844667 0.068667
0.843333 0.066667
0.841333 0.065333
0.839000 0.064333
0.836667 0.063333
0.834000 0.062667
0.831333 0.062000
0.828667 0.061333
0.826000 0.060667
0.823333 0.060000
0.821667 0.058333
0.819333 0.057333
0.817333 0.056000
0.815333 0.054667
0.813000 0.053667
0.810333 0.053000
0.808333 0.051667
0.805667 0.051000
0.803333 0.050000
0.801333 0.048667
0.798333 0.048333
0.795667 0.047667
0.793667 0.046333
0.791333 0.045333
0.790000 0.043333
0.788333 0.041667
0.786000 0.040667
0.784000 0.039333
0.782667 0.037333
0.780000 0.036667
0.777667 0.035667
0.775333 0.034667
0.772667 0.034000
0.771000 0.032333
0.768333 0.031667
0.766333 0.030333
0.763000 0.030333
0.760000 0.030000
0.757000 0.029667
0.754667 0.028667
0.751333 0.028667
0.748333 0.028333
0.745000 0.028333
0.742333 0.027667
0.739000 0.027667
0.737000 0.026333
0.734333 0.025667
0.731667 0.025000
0.728333 0.025000
0.725000 0.025000
0.722000 0.024667
0.719333 0.024000
0.717000 0.023000
0.714667 0.022000
0.711333 0.022000
0.709000 0.021000
0.706667 0.020000
0.703667 0.019667
0.700667 0.019333
0.697333 0.019333
0.694000 0.019333
0.691000 0.019000
0.688000 0.018667
0.685333 0.018000
0.683333 0.016667
0.680000 0.016667
0.676667 0.016667
0.674000 0.016000
0.671000 0.015667
0.668000 0.015333
0.664667 0.015333
0.661667 0.015000
0.659000 0.014333
0.656333 0.013667
0.653667 0.013000
0.651000 0.012333
0.648000 0.012000
0.645000 0.011667
0.642000 0.011333
0.638667 0.011333
0.636000 0.010667
0.633333 0.010000
0.630667 0.009333
0.627333 0.009333
0.624333 0.009000
0.621667 0.008333
0.618667 0.008000
0.615333 0.008000
0.612333 0.007667
0.609000 0.007667
0.605667 0.007667
0.603000 0.007000
0.599667 0.007000
0.596333 0.007000
0.593000 0.007000
0.589667 0.007000
0.586333 0.007000
0.583000 0.007000
0.580000 0.006667
0.576667 0.006667
0.573333 0.006667
0.570667 0.006000
0.568000 0.005333
0.565000 0.005000
0.562000 0.004667
0.558667 0.004667
0.555667 0.004333
0.552333 0.004333
0.549000 0.004333
0.546000 0.004000
0.542667 0.004000
0.540000 0.003333
0.537000 0.003000
0.534000 0.002667
0.530667 0.002667
0.527333 0.002667
0.524000 0.002667
0.521000 0.002333
0.518000 0.002000
0.514667 0.002000
0.511333 0.002000
0.508000 0.002000
0.504667 0.002000
0.501667 0.001667
0.498333 0.001667
0.495000 0.001667
0.491667 0.001667
0.488333 0.001667
0.485000 0.001667
0.481667 0.001667
0.478333 0.001667
0.475000 0.001667
0.471667 0.001667
0.468333 0.001667
0.465000 0.001667
0.462000 0.001333
0.458667 0.001333
0.455333 0.001333
0.452000 0.001333
0.448667 0.001333
0.445333 0.001333
0.442000 0.001333
0.438667 0.001333
0.435333 0.001333
0.432000 0.001333
0.428667 0.001333
0.425333 0.001333
0.422000 0.001333
0.418667 0.001333
0.415333 0.001333
0.412000 0.001333
0.408667 0.001333
0.405333 0.001333
0.402000 0.001333
0.398667 0.001333
0.395333 0.001333
0.392000 0.001333
0.388667 0.001333
0.385333 0.001333
0.382000 0.001333
0.378667 0.001333
0.375333 0.001333
0.372000 0.001333
0.369000 0.001000
0.365667 0.001000
0.362333 0.001000
0.359000 0.001000
0.355667 0.001000
0.352333 0.001000
0.349000 0.001000
0.345667 0.001000
0.342667 0.000667
0.339333 0.000667
0.336000 0.000667
0.332667 0.000667
0.329333 0.000667
0.326000 0.000667
0.322667 0.000667
0.319333 0.000667
0.316000 0.000667
0.312667 0.000667
0.309333 0.000667
0.306000 0.000667
0.302667 0.000667
0.299333 0.000667
0.296333 0.000333
0.293000 0.000333
0.289667 0.000333
0.286333 0.000333
0.283333 0.000000
0.280000 0.000000
0.276667 0.000000
0.273333 0.000000
0.270000 0.000000
0.266667 0.000000
0.263333 0.000000
0.260000 0.000000
0.256667 0.000000
0.253333 0.000000
0.250000 0.000000
0.246667 0.000000
0.243333 0.000000
0.240000 0.000000
0.236667 0.000000
0.233333 0.000000
0.230000 0.000000
0.226667 0.000000
0.223333 0.000000
0.220000 0.000000
0.216667 0.000000
0.213333 0.000000
0.210000 0.000000
0.206667 0.000000
0.203333 0.000000
0.200000 0.000000
0.196667 0.000000
0.193333 0.000000
0.190000 0.000000
0.186667 0.000000
0.183333 0.000000
0.180000 0.000000
0.176667 0.000000
0.173333 0.000000
0.170000 0.000000
0.166667 0.000000
0.163333 0.000000
0.160000 0.000000
0.156667 0.000000
0.153333 0.000000
0.150000 0.000000
0.146667 0.000000
0.143333 0.000000
0.140000 0.000000
0.136667 0.000000
0.133333 0.000000
0.130000 0.000000
0.126667 0.000000
0.123333 0.000000
0.120000 0.000000
0.116667 0.000000
0.113333 0.000000
0.110000 0.000000
0.106667 0.000000
0.103333 0.000000
0.100000 0.000000
0.096667 0.000000
0.093333 0.000000
0.090000 0.000000
0.086667 0.000000
0.083333 0.000000
0.080000 0.000000
0.076667 0.000000
0.073333 0.000000
0.070000 0.000000
0.066667 0.000000
0.063333 0.000000
0.060000 0.000000
0.056667 0.000000
0.053333 0.000000
0.050000 0.000000
0.046667 0.000000
0.043333 0.000000
0.040000 0.000000
0.036667 0.000000
0.033333 0.000000
0.030000 0.000000
0.026667 0.000000
0.023333 0.000000
0.020000 0.000000
0.016667 0.000000
0.013333 0.000000
0.010000 0.000000
0.006667 0.000000
0.003333 0.000000
