1 1
1 1
1 1
1 1
1 1
1 1
1 1
1 0.996667
1 0.996667
0.999666 0.993333
0.999548 0.99
0.999407 0.99
0.999239 0.986667
0.999043 0.983333
0.998818 0.983333
0.99856 0.976667
0.998265 0.97
0.997934 0.966667
0.997562 0.966667
0.997164 0.96
0.996727 0.953333
0.996251 0.95
0.995735 0.936667
0.995177 0.93
0.994577 0.92
0.993935 0.913333
0.993254 0.91
0.992534 0.906667
0.991776 0.903333
0.990983 0.9
0.990154 0.886667
0.989292 0.886667
0.988398 0.88
0.987474 0.866667
0.986524 0.863333
0.985549 0.853333
0.984549 0.836667
0.983526 0.83
0.982479 0.83
0.981407 0.813333
0.980308 0.81
0.979179 0.79
0.978018 0.766667
0.976822 0.756667
0.975586 0.753333
0.974308 0.75
0.972981 0.726667
0.971602 0.706667
0.970169 0.693333
0.968683 0.683333
0.967146 0.663333
0.965557 0.653333
0.963917 0.65
0.962226 0.64
0.960482 0.623333
0.958688 0.613333
0.956844 0.596667
0.954951 0.586667
0.953008 0.56
0.951011 0.546667
0.948956 0.526667
0.946837 0.52
0.944651 0.516667
0.942397 0.503333
0.940072 0.486667
0.937674 0.473333
0.935203 0.463333
0.93266 0.45
0.930044 0.44
0.927359 0.436667
0.924609 0.426667
0.921801 0.41
0.918944 0.39
0.916041 0.366667
0.913097 0.36
0.910117 0.356667
0.907102 0.343333
0.904052 0.333333
0.900971 0.32
0.897858 0.31
0.894713 0.3
0.891534 0.293333
0.888316 0.29
0.885058 0.286667
0.881759 0.286667
0.878421 0.286667
0.875049 0.28
0.871648 0.273333
0.868218 0.266667
0.86476 0.266667
0.861275 0.263333
0.85776 0.25
0.854219 0.246667
0.850652 0.243333
0.847057 0.233333
0.843424 0.223333
0.839745 0.213333
0.83601 0.206667
0.832214 0.203333
0.828353 0.196667
0.824424 0.193333
0.820428 0.186667
0.816361 0.18
0.81222 0.173333
0.808002 0.166667
0.803714 0.163333
0.799361 0.156667
0.794949 0.143333
0.790482 0.13
0.785964 0.13
0.781401 0.123333
0.776793 0.12
0.772147 0.113333
0.767472 0.113333
0.762775 0.113333
0.758062 0.11
0.753338 0.103333
0.74861 0.0966667
0.743886 0.0933333
0.73917 0.09
0.73447 0.0833333
0.729794 0.0766667
0.725146 0.07
0.720529 0.0666667
0.715946 0.0633333
0.711398 0.0533333
0.706887 0.05
0.702414 0.05
0.697978 0.05
0.69358 0.0433333
0.689217 0.0433333
0.684885 0.0433333
0.680582 0.04
0.676306 0.0366667
0.672056 0.0366667
0.66783 0.0366667
0.663627 0.0333333
0.659447 0.0333333
0.655288 0.0333333
0.651151 0.03
0.647038 0.03
0.642956 0.0266667
0.638909 0.0233333
0.634902 0.02
0.63094 0.02
0.627028 0.02
0.623171 0.02
0.619374 0.02
0.615643 0.02
0.611981 0.0166667
0.608394 0.0166667
0.604879 0.0166667
0.60144 0.0166667
0.598075 0.0166667
0.594786 0.0166667
0.591574 0.0166667
0.588438 0.0166667
0.585375 0.0166667
0.582383 0.0166667
0.579461 0.0166667
0.576604 0.0166667
0.573809 0.0166667
0.57107 0.0166667
0.568382 0.0166667
0.565734 0.0166667
0.563117 0.0166667
0.560522 0.0166667
0.557937 0.0166667
0.555355 0.0166667
0.552762 0.0166667
0.550147 0.0166667
0.547501 0.0166667
0.544815 0.0133333
0.542083 0.0133333
0.539304 0.0133333
0.536479 0.0133333
0.533609 0.0133333
0.530696 0.0133333
0.527743 0.0133333
0.524756 0.0133333
0.521742 0.0133333
0.518709 0.0133333
0.515662 0.0133333
0.512607 0.0133333
0.509546 0.0133333
0.506482 0.0133333
0.503416 0.0133333
0.500349 0.0133333
0.497282 0.0133333
0.494217 0.0133333
0.491154 0.01
0.488092 0.01
0.485035 0.01
0.481982 0.01
0.478935 0.00666667
0.475892 0.00666667
0.472857 0.00666667
0.469833 0.00666667
0.466823 0.00666667
0.463831 0.00666667
0.460857 0.00666667
0.457904 0.00666667
0.454976 0.00666667
0.452075 0.00666667
0.449205 0.00666667
0.446372 0.00666667
0.443579 0.00666667
0.440828 0.00666667
0.438117 0.00666667
0.435451 0.00666667
0.43283 0.00666667
0.430255 0.00666667
0.427726 0.00666667
0.425241 0.00666667
0.422801 0.00666667
0.420405 0.00666667
0.41805 0.00666667
0.415735 0.00666667
0.41346 0.00666667
0.411223 0.00666667
0.40902 0.00666667
0.406851 0.00666667
0.404714 0.00666667
0.402607 0.00666667
0.400525 0.00666667
0.398464 0.00666667
0.396422 0.00666667
0.394394 0.00666667
0.392376 0.00666667
0.390366 0.00666667
0.388364 0.00666667
0.386366 0.00666667
0.384371 0.00666667
0.382378 0.00666667
0.380391 0.00666667
0.378411 0.00666667
0.37644 0.00666667
0.374483 0.00666667
0.372542 0.00666667
0.370621 0.00666667
0.368721 0.00666667
0.366845 0.00666667
0.364998 0.00666667
0.363182 0.00666667
0.361399 0.00666667
0.35965 0.00666667
0.357934 0.00666667
0.356253 0.00666667
0.354606 0.00666667
0.352994 0.00666667
0.351418 0.00666667
0.349876 0.00666667
0.348366 0.00666667
0.346885 0.00666667
0.345431 0.00666667
0.344005 0.00666667
0.342605 0.00666667
0.341232 0.00666667
0.339882 0.00666667
0.338555 0.00666667
0.337248 0.00666667
0.335962 0.00666667
0.334696 0.00666667
0.333451 0.00666667
0.332227 0.00666667
0.331022 0.00666667
0.329834 0.00666667
0.328663 0.00666667
0.327507 0.00666667
0.326364 0.00666667
0.325233 0.00666667
0.324112 0.00666667
0.322997 0.00666667
0.321886 0.00666667
0.320773 0.00666667
0.319655 0.00666667
0.318527 0.00666667
0.317386 0.00666667
0.316226 0.00666667
0.315046 0.00666667
0.313843 0.00666667
0.312615 0.00666667
0.311361 0.00666667
0.310083 0.00666667
0.308781 0.00666667
0.30746 0.00666667
0.306122 0.00666667
0.304772 0.00666667
0.303415 0.00666667
0.302055 0.00666667
0.300694 0.00666667
0.299337 0.00666667
0.297987 0.00666667
0.296648 0.00666667
0.295322 0.00666667
0.294014 0.00666667
0.292726 0.00666667
0.291461 0.00666667
0.290223 0.00666667
0.289012 0.00666667
0.287831 0.00666667
0.286681 0.00666667
0.285562 0.00666667
0.284473 0.00666667
0.283413 0.00666667
0.282375 0.00666667
0.281353 0.00666667
0.280341 0.00666667
0.27933 0.00666667
0.278314 0.00666667
0.277287 0.00666667
0.276241 0.00666667
0.275168 0.00666667
0.274065 0.00666667
0.272925 0.00666667
0.271748 0.00666667
0.270535 0.00666667
0.269289 0.00666667
0.268015 0.00666667
0.266716 0.00666667
0.265394 0.00666667
0.264055 0.00666667
0.262703 0.00666667
0.261345 0.00666667
0.259983 0.00666667
0.258624 0.00666667
0.257265 0.00666667
0.255905 0.00666667
0.254542 0.00666667
0.253176 0.00666667
0.251803 0.00666667
0.250421 0.00666667
0.249024 0.00666667
0.24761 0.00666667
0.246174 0.00666667
0.244712 0.00666667
0.243222 0.00666667
0.241702 0.00666667
0.240149 0.00666667
0.238565 0.00666667
0.23695 0.00666667
0.235306 0.00666667
0.233639 0.00666667
0.231951 0.00666667
0.230249 0.00666667
0.228536 0.00666667
0.226821 0.00666667
0.225113 0.00666667
0.223421 0.00666667
0.221752 0.00666667
0.220113 0.00666667
0.21851 0.00666667
0.216948 0.00666667
0.215432 0.00666667
0.213966 0.00666667
0.212556 0.00666667
0.2112 0.00666667
0.209899 0.00666667
0.208652 0.00666667
0.207455 0.00666667
0.206306 0.00666667
0.205204 0.00666667
0.204143 0.00666667
0.203119 0.00666667
0.202127 0.00666667
0.201158 0.00666667
0.200208 0.00666667
0.199268 0.00666667
0.198331 0.00666667
0.197391 0.00666667
0.19644 0.00666667
0.195472 0.00666667
0.194481 0.00666667
0.19346 0.00666667
0.192405 0.00666667
0.191314 0.00666667
0.190188 0.00666667
0.189026 0.00666667
0.187831 0.00666667
0.186607 0.00666667
0.185357 0.00666667
0.184086 0.00666667
0.182798 0.00666667
0.181501 0.00666667
0.1802 0.00666667
0.178901 0.00666667
0.177605 0.00666667
0.176312 0.00666667
0.175026 0.00666667
0.173746 0.00666667
0.172472 0.00666667
0.171203 0.00666667
0.169937 0.00666667
0.168673 0.00666667
0.167407 0.00666667
0.166137 0.00666667
0.164863 0.00666667
0.163586 0.00666667
0.162307 0.00666667
0.161027 0.00666667
0.159745 0.00666667
0.158465 0.00666667
0.157185 0.00666667
0.155908 0.00666667
0.154635 0.00666667
0.153366 0.00666667
0.152104 0.00666667
0.150847 0.00666667
0.149595 0.00666667
0.148347 0.00666667
0.147105 0.00666667
0.145871 0.00666667
0.144647 0.00666667
0.143434 0.00666667
0.142236 0.00666667
0.141053 0.00666667
0.139888 0.00666667
0.138742 0.00666667
0.13762 0.00666667
0.136521 0.00666667
0.135448 0.00666667
0.134399 0.00666667
0.133374 0.00666667
0.132373 0.00666667
0.131395 0.00666667
0.130441 0.00666667
0.129512 0.00666667
0.128607 0.00666667
0.127726 0.00666667
0.126871 0.00666667
0.126042 0.00666667
0.12524 0.00666667
0.124468 0.00666667
0.123727 0.00666667
0.123018 0.00666667
0.122342 0.00666667
0.121699 0.00666667
0.121087 0.00666667
0.120505 0.00666667
0.119951 0.00666667
0.119422 0.00666667
0.118915 0.00666667
0.118426 0.00666667
0.117951 0.00666667
0.117483 0.00666667
0.117019 0.00666667
0.116554 0.00666667
0.116085 0.00666667
0.11561 0.00666667
0.115129 0.00666667
0.114641 0.00666667
0.114146 0.00666667
0.113643 0.00666667
0.113135 0.00666667
0.112622 0.00666667
0.112107 0.00666667
0.111591 0.00666667
0.111077 0.00666667
0.110564 0.00666667
0.11005 0.00666667
0.109535 0.00666667
0.109018 0.00666667
0.108498 0.00666667
0.107975 0.00666667
0.107448 0.00666667
0.106915 0.00666667
0.106375 0.00666667
0.105828 0.00666667
0.105273 0.00666667
0.104709 0.00666667
0.104136 0.00666667
0.103556 0.00666667
0.102969 0.00666667
0.102376 0.00666667
0.101778 0.00666667
0.101176 0.00666667
0.100571 0.00666667
0.099965 0.00666667
0.0993588 0.00666667
0.0987542 0.00666667
0.0981542 0.00666667
0.0975596 0.00666667
0.0969708 0.00666667
0.0963888 0.00666667
0.0958144 0.00666667
0.0952483 0.00666667
0.0946909 0.00666667
0.0941429 0.00666667
0.0936042 0.00666667
0.0930763 0.00666667
0.0925591 0.00666667
0.0920532 0.00666667
0.0915593 0.00666667
0.0910783 0.00666667
0.0906109 0.00666667
0.090158 0.00666667
0.0897208 0.00666667
0.0893002 0.00666667
0.0888977 0.00666667
0.0885129 0.00666667
0.0881464 0.00666667
0.0877981 0.00666667
0.0874684 0.00666667
0.0871571 0.00666667
0.0868641 0.00666667
0.0865893 0.00666667
0.086332 0.00666667
0.0860915 0.00666667
0.0858665 0.00666667
0.0856558 0.00666667
0.0854582 0.00666667
0.0852722 0.00666667
0.0850963 0.00666667
0.0849289 0.00666667
0.0847676 0.00666667
0.0846099 0.00666667
0.084453 0.00666667
0.084294 0.00666667
0.0841311 0.00666667
0.0839628 0.00666667
0.0837875 0.00666667
0.0836036 0.00666667
0.0834098 0.00666667
0.0832046 0.00666667
0.0829884 0.00666667
0.0827621 0.00666667
0.082527 0.00666667
0.0822852 0.00666667
0.0820375 0.00666667
0.0817853 0.00666667
0.0815303 0.00666667
0.0812744 0.00666667
0.0810197 0.00666667
0.0807685 0.00666667
0.0805214 0.00666667
0.080279 0.00666667
0.0800413 0.00666667
0.0798081 0.00666667
0.0795794 0.00666667
0.0793547 0.00666667
0.0791334 0.00666667
0.0789144 0.00666667
0.0786961 0.00666667
0.078478 0.00666667
0.0782595 0.00666667
0.0780399 0.00666667
0.0778187 0.00666667
0.0775949 0.00666667
0.0773675 0.00666667
0.0771355 0.00666667
0.0768979 0.00666667
0.0766541 0.00666667
0.0764033 0.00666667
0.0761435 0.00666667
0.0758738 0.00666667
0.0755932 0.00666667
0.0753009 0.00666667
0.0749974 0.00666667
0.0746835 0.00666667
0.0743604 0.00666667
0.0740292 0.00666667
0.0736913 0.00666667
0.073348 0.00666667
0.0730018 0.00666667
0.0726541 0.00666667
0.0723063 0.00666667
0.0719604 0.00666667
0.0716169 0.00666667
0.0712758 0.00666667
0.0709371 0.00666667
0.0706005 0.00666667
0.0702666 0.00666667
0.069936 0.00666667
0.0696089 0.00666667
0.069286 0.00666667
0.0689673 0.00666667
0.0686524 0.00666667
0.0683418 0.00666667
0.0680357 0.00666667
0.0677347 0.00666667
0.0674395 0.00666667
0.0671494 0.00666667
0.0668636 0.00666667
0.0665807 0.00666667
0.0662988 0.00666667
0.0660175 0.00666667
0.065736 0.00666667
0.0654539 0.00666667
0.0651702 0.00666667
0.0648831 0.00666667
0.0645903 0.00666667
0.0642899 0.00666667
0.0639799 0.00666667
0.0636587 0.00666667
0.063325 0.00666667
0.0629758 0.00666667
0.062608 0.00666667
0.0622175 0.00666667
0.0617998 0.00666667
0.0613532 0.00666667
0.060876 0.00666667
0.0603667 0.00666667
0.0598239 0.00666667
0.0592477 0.00666667
0.0586388 0.00666667
0.0579986 0.00666667
0.0573296 0.00666667
0.0566363 0.00666667
0.055925 0.00666667
0.0551997 0.00666667
0.0544653 0.00666667
0.0537272 0.00666667
0.0529915 0.00666667
0.0522625 0.00666667
0.0515447 0.00666667
0.0508424 0.00666667
0.0501601 0.00666667
0.0495003 0.00666667
0.0488645 0.00666667
0.0482549 0.00666667
0.0476728 0.00666667
0.0471191 0.00666667
0.0465939 0.00666667
0.0460975 0.00666667
0.0456299 0.00666667
0.0451907 0.00666667
0.0447788 0.00666667
0.0443937 0.00666667
0.0440344 0.00666667
0.0436999 0.00666667
0.0433892 0.00666667
0.0431011 0.00666667
0.0428344 0.00666667
0.042588 0.00666667
0.0423607 0.00666667
0.0421513 0.00666667
0.0419586 0.00666667
0.0417817 0.00666667
0.0416193 0.00666667
0.0414706 0.00666667
0.0413345 0.00666667
0.0412101 0.00666667
0.0410964 0.00666667
0.0409928 0.00666667
0.0408983 0.00666667
0.0408123 0.00666667
0.040734 0.00666667
0.0406629 0.00666667
0.0405983 0.00666667
0.0405397 0.00666667
0.0404866 0.00666667
0.0404385 0.00666667
0.0403949 0.00666667
0.0403555 0.00666667
0.0403198 0.00666667
0.0402876 0.00666667
0.0402585 0.00666667
0.0402323 0.00666667
0.0402086 0.00666667
0.0401873 0.00666667
0.040168 0.00666667
0.0401507 0.00666667
0.0401351 0.00666667
0.0401211 0.00666667
0.0401085 0.00666667
0.0400972 0.00666667
0.040087 0.00666667
0.0400779 0.00666667
0.0400697 0.00666667
0.0400623 0.00666667
0.0400557 0.00666667
0.0400498 0.00666667
0.0400445 0.00666667
0.0400398 0.00666667
0.0400355 0.00666667
0.0400317 0.00666667
0.0400283 0.00666667
0.0400253 0.00666667
0.0400225 0.00666667
0.0400201 0.00666667
0.0400179 0.00666667
0.040016 0.00666667
0.0400142 0.00666667
0.0400127 0.00666667
0.0400113 0.00666667
0.0400101 0.00666667
0.040009 0.00666667
0.040008 0.00666667
0.0400071 0.00666667
0.0400063 0.00666667
0.0400056 0.00666667
0.0400045 0.00666667
0.0400024 0.00666667
0.0399987 0.00666667
0.0399926 0.00666667
0.0399833 0.00666667
0.0399697 0.00666667
0.0399509 0.00666667
0.0399256 0.00666667
0.0398924 0.00666667
0.0398497 0.00666667
0.0397975 0.00666667
0.0397356 0.00666667
0.0396642 0.00666667
0.0395834 0.00666667
0.0394939 0.00666667
0.0393957 0.00666667
0.0392895 0.00666667
0.0391757 0.00666667
0.0390555 0.00666667
0.0389301 0.00666667
0.0387993 0.00666667
0.0386631 0.00666667
0.0385212 0.00666667
0.0383731 0.00666667
0.0382175 0.00666667
0.0380546 0.00666667
0.0378841 0.00666667
0.0377059 0.00666667
0.0375191 0.00666667
0.0373225 0.00666667
0.0371153 0.00666667
0.0368966 0.00666667
0.0366657 0.00666667
0.0364218 0.00666667
0.0361656 0.00666667
0.0358966 0.00666667
0.0356143 0.00666667
0.0353182 0.00666667
0.0350092 0.00666667
0.0346888 0.00666667
0.0343586 0.00666667
0.0340205 0.00666667
0.0336771 0.00666667
0.033331 0.00666667
0.032984 0.00666667
0.0326382 0.00666667
0.0322963 0.00666667
0.031961 0.00666667
0.0316341 0.00666667
0.031317 0.00666667
0.0310108 0.00666667
0.0307166 0.00666667
0.0304345 0.00666667
0.0301643 0.00666667
0.0299059 0.00666667
0.0296589 0.00666667
0.0294222 0.00666667
0.0291945 0.00666667
0.0289746 0.00666667
0.028761 0.00666667
0.0285519 0.00666667
0.0283453 0.00666667
0.0281406 0.00666667
0.0279368 0.00666667
0.0277327 0.00666667
0.0275275 0.00666667
0.0273202 0.00666667
0.0271104 0.00666667
0.0268974 0.00666667
0.026681 0.00666667
0.0264611 0.00666667
0.0262381 0.00666667
0.0260108 0.00666667
0.0257795 0.00666667
0.0255446 0.00666667
0.0253067 0.00666667
0.0250665 0.00666667
0.024825 0.00666667
0.0245831 0.00666667
0.0243419 0.00666667
0.0241026 0.00666667
0.0238665 0.00666667
0.0236357 0.00666667
0.023411 0.00666667
0.0231931 0.00666667
0.0229828 0.00666667
0.0227806 0.00666667
0.0225872 0.00666667
0.022403 0.00666667
0.0222281 0.00666667
0.0220627 0.00666667
0.0219068 0.00666667
0.0217598 0.00666667
0.0216217 0.00666667
0.0214923 0.00666667
0.0213714 0.00666667
0.0212588 0.00666667
0.0211541 0.00666667
0.0210569 0.00666667
0.0209668 0.00666667
0.0208835 0.00666667
0.0208065 0.00666667
0.0207355 0.00666667
0.0206701 0.00666667
0.0206099 0.00666667
0.0205547 0.00666667
0.0205041 0.00666667
0.0204577 0.00666667
0.0204153 0.00666667
0.0203765 0.00666667
0.0203411 0.00666667
0.0203088 0.00666667
0.0202794 0.00666667
0.0202526 0.00666667
0.0202283 0.00666667
0.0202061 0.00666667
0.020186 0.00666667
0.0201678 0.00666667
0.0201513 0.00666667
0.0201363 0.00666667
0.0201227 0.00666667
0.0201105 0.00666667
0.0200989 0.00666667
0.0200874 0.00666667
0.0200751 0.00666667
0.0200613 0.00666667
0.0200449 0.00666667
0.0200251 0.00666667
0.0200006 0.00666667
0.0199702 0.00666667
0.0199324 0.00666667
0.0198856 0.00666667
0.0198297 0.00666667
0.0197644 0.00666667
0.01969 0.00666667
0.0196065 0.00666667
0.0195145 0.00666667
0.0194147 0.00666667
0.019308 0.00666667
0.0191958 0.00666667
0.0190797 0.00666667
0.0189618 0.00666667
0.0188429 0.00666667
0.0187242 0.00666667
0.0186063 0.00666667
0.0184902 0.00666667
0.0183767 0.00666667
0.0182666 0.00666667
0.0181605 0.00666667
0.0180586 0.00666667
0.0179614 0.00666667
0.0178684 0.00666667
0.0177801 0.00666667
0.0176964 0.00666667
0.0176175 0.00666667
0.0175434 0.00666667
0.0174739 0.00666667
0.0174089 0.00666667
0.0173483 0.00666667
0.0172919 0.00666667
0.0172393 0.00666667
0.0171906 0.00666667
0.0171455 0.00666667
0.0171039 0.00666667
0.0170654 0.00666667
0.0170301 0.00666667
0.0169975 0.00666667
0.0169676 0.00666667
0.0169397 0.00666667
0.016913 0.00666667
0.0168867 0.00666667
0.01686 0.00666667
0.0168319 0.00666667
0.0168012 0.00666667
0.0167667 0.00666667
0.0167266 0.00666667
0.0166789 0.00666667
0.0166213 0.00666667
0.0165526 0.00666667
0.0164721 0.00666667
0.0163786 0.00666667
0.0162714 0.00666667
0.0161495 0.00666667
0.0160124 0.00666667
0.0158593 0.00666667
0.0156914 0.00666667
0.0155103 0.00666667
0.0153182 0.00666667
0.0151161 0.00666667
0.0149054 0.00666667
0.0146878 0.00666667
0.0144651 0.00666667
0.0142395 0.00666667
0.0140133 0.00666667
0.0137892 0.00666667
0.0135686 0.00666667
0.0133526 0.00666667
0.0131418 0.00666667
0.0129373 0.00666667
0.0127402 0.00666667
0.0125512 0.00666667
0.0123708 0.00666667
0.0121995 0.00666667
0.0120373 0.00666667
0.0118837 0.00666667
0.0117389 0.00666667
0.0116027 0.00666667
0.0114751 0.00666667
0.0113558 0.00666667
0.0112446 0.00666667
0.0111412 0.00666667
0.0110452 0.00666667
0.0109562 0.00666667
0.0108737 0.00666667
0.0107976 0.00666667
0.0107273 0.00666667
0.0106626 0.00666667
0.0106032 0.00666667
0.0105486 0.00666667
0.0104985 0.00666667
0.0104526 0.00666667
0.0104106 0.00666667
0.0103723 0.00666667
0.0103367 0.00666667
0.0103033 0.00666667
0.0102704 0.00666667
0.0102367 0.00666667
0.0102005 0.00666667
0.0101597 0.00666667
0.0101124 0.00666667
0.0100561 0.00666667
0.00998829 0.00666667
0.00990602 0.00666667
0.00980762 0.00666667
0.00969137 0.00666667
0.00955708 0.00666667
0.00940485 0.00666667
0.00923518 0.00666667
0.00904897 0.00666667
0.00884762 0.00666667
0.00863312 0.00666667
0.0084081 0.00666667
0.00817594 0.00666667
0.00793919 0.00666667
0.00770084 0.00666667
0.00746267 0.00666667
0.00722645 0.00666667
0.00699389 0.00666667
0.0067666 0.00666667
0.00654598 0.00666667
0.00633317 0.00666667
0.0061289 0.00666667
0.00593344 0.00666667
0.00574714 0.00666667
0.00556998 0.00666667
0.0054022 0.00666667
0.00524391 0.00666667
0.0050951 0.00666667
0.00495559 0.00666667
0.00482515 0.00666667
0.00470341 0.00666667
0.00459001 0.00666667
0.00448459 0.00666667
0.00438676 0.00666667
0.00429618 0.00666667
0.00421248 0.00666667
0.00413527 0.00666667
0.00406414 0.00666667
0.00399871 0.00666667
0.00393859 0.00666667
0.00388344 0.00666667
0.00383289 0.00666667
0.00378663 0.00666667
0.00374434 0.00666667
0.00370572 0.00666667
0.0036705 0.00666667
0.0036384 0.00666667
0.00360917 0.00666667
0.00358259 0.00666667
0.00355842 0.00666667
0.00353648 0.00666667
0.00351658 0.00666667
0.00349853 0.00666667
0.00348218 0.00666667
0.00346738 0.00666667
0.00345399 0.00666667
0.00344187 0.00666667
0.00343093 0.00666667
0.00342104 0.00666667
0.00341211 0.00666667
0.00340405 0.00666667
0.00339677 0.00666667
0.00339021 0.00666667
0.0033843 0.00666667
0.00337897 0.00666667
0.00337386 0.00666667
0.00336926 0.00666667
0.00336511 0.00666667
0.00336138 0.00666667
0.00335801 0.00666667
0.00335498 0.00666667
0.00335225 0.00666667
0.00334978 0.00666667
0.00334756 0.00666667
0.00333333 0.00666667
0.00333333 0.00666667
0.00333333 0.00666667
0.00333333 0.00666667
0.00333333 0.00666667
0.00333333 0.00666667
0.00333333 0.00666667
0.00333333 0.00666667
0.00333333 0.00666667
0.00333333 0.00666667
0.00333333 0.00666667
