0.0 0.0
0.0 0.0
0.0 0.0
0.0 0.0
0.0 0.0
0.0 0.0
0.0 0.0
0.0 0.0
0.0 0.0
0.0 0.0
0.0 0.0
0.0006666666666666668 0.0
0.0013333333333333335 0.0
0.0023333333333333335 0.0
0.003333333333333333 0.0
0.004666666666666667 0.0
0.005333333333333334 0.0
0.005666666666666667 0.0
0.007333333333333332 0.0
0.010666666666666666 0.0
0.012 0.0
0.013333333333333332 0.0
0.015666666666666666 0.0
0.020999999999999998 0.0
0.024666666666666667 0.0
0.027666666666666666 0.0
0.030333333333333334 0.0
0.03766666666666667 0.0
0.04333333333333333 0.0
0.049 0.0
0.05466666666666666 0.0
0.06 0.0
0.06833333333333333 0.0
0.07633333333333334 0.0
0.08800000000000001 0.0
0.10333333333333335 0.0
0.1166666666666667 0.0
0.133 0.0
0.14433333333333334 0.0
0.16166666666666668 0.0
0.17733333333333337 0.0
0.1943333333333333 0.0
0.20933333333333332 0.0
0.22400000000000003 0.0
0.24866666666666667 0.0
0.2653333333333333 0.0
0.2836666666666667 0.0
0.3026666666666667 0.0
0.32133333333333336 0.0
0.3423333333333333 0.0
0.362 0.0
0.3836666666666667 0.0
0.403 0.0
0.42433333333333334 0.0
0.446 0.0
0.46833333333333327 0.0
0.4876666666666667 0.0
0.5106666666666666 0.0
0.5346666666666666 0.0
0.5543333333333333 0.0
0.5746666666666667 0.0
0.5983333333333333 0.0
0.6193333333333333 0.0
0.636 0.0
0.65 0.0
0.67 0.0
0.6876666666666666 0.0
0.7043333333333333 0.0
0.7209999999999999 0.0
0.7366666666666666 0.0
0.7513333333333334 0.0
0.7666666666666667 0.0
0.78 0.0
0.7939999999999999 0.0
0.8073333333333335 0.0
0.8196666666666668 0.0
0.8323333333333333 0.0
0.8426666666666668 0.0
0.8506666666666666 0.0
0.8556666666666667 0.0
0.867 0.0
0.8790000000000001 0.0
0.8863333333333333 0.0
0.8943333333333332 0.0
0.9006666666666666 0.0
0.9069999999999998 0.0
0.915 0.0
0.9206666666666665 0.0
0.9266666666666665 0.0
0.9333333333333333 0.0
0.9376666666666665 0.0
0.9416666666666667 0.0
0.9473333333333332 0.0
0.9513333333333334 0.0
0.9543333333333335 0.0
0.9583333333333334 0.0
0.9616666666666667 0.0
0.9633333333333333 0.0
0.9656666666666667 0.0
0.9686666666666668 0.0
0.9703333333333333 0.0
0.9726666666666665 0.0
0.9746666666666666 0.0
0.9753333333333332 0.0
0.9766666666666666 0.0
0.9776666666666666 0.0
0.9786666666666666 0.0
0.9799999999999999 0.0
0.9809999999999999 0.0
0.9826666666666666 0.0
0.9846666666666666 0.0
0.9853333333333334 0.0
0.9866666666666667 0.0
0.9876666666666667 0.0
0.9880000000000001 0.0
0.9886666666666668 0.0
0.9886666666666668 0.0
0.9886666666666668 0.0
0.9900000000000002 0.0
0.9906666666666666 0.0
0.9913333333333332 0.0
0.9919999999999998 0.0
0.9926666666666666 0.0
0.993 0.0
0.993 0.0
0.9933333333333332 0.0
0.9933333333333332 0.0
0.9936666666666666 0.0
0.994 0.0
0.994 0.0
0.9946666666666666 0.0
0.9946666666666666 0.0
0.9949999999999999 0.0
0.9949999999999999 0.0
0.9949999999999999 0.0
0.9953333333333333 0.0
0.9956666666666667 0.0
0.9960000000000001 0.0
0.9960000000000001 0.0
0.9963333333333333 0.0
0.9963333333333333 0.0
0.9963333333333333 0.0
0.9963333333333333 0.0
0.9963333333333333 0.0
0.9963333333333333 0.0
0.9963333333333333 0.0
0.9966666666666667 0.0
0.9966666666666667 0.0
0.9970000000000001 0.0
0.9973333333333333 0.0
0.9973333333333333 0.0006666666666666668
0.9973333333333333 0.001
0.9973333333333333 0.001
0.9973333333333333 0.0013333333333333335
0.9973333333333333 0.0016666666666666666
0.9973333333333333 0.002
0.9973333333333333 0.003
0.9973333333333333 0.003333333333333333
0.9973333333333333 0.004
0.9973333333333333 0.005
0.9973333333333333 0.006
0.9973333333333333 0.008
0.9973333333333333 0.01
0.9973333333333333 0.012
0.9976666666666667 0.014333333333333332
0.9976666666666667 0.015333333333333332
0.9976666666666667 0.020333333333333335
0.9976666666666667 0.022666666666666665
0.998 0.02633333333333333
0.998 0.030666666666666665
0.998 0.03333333333333334
0.998 0.037
0.998 0.04100000000000001
0.998 0.04666666666666667
0.998 0.05366666666666666
0.998 0.06166666666666667
0.998 0.07300000000000001
0.9986666666666668 0.08233333333333334
0.9990000000000002 0.093
0.9990000000000002 0.10699999999999998
0.9990000000000002 0.11666666666666667
0.9990000000000002 0.13199999999999998
0.9990000000000002 0.14400000000000002
0.9990000000000002 0.158
0.9990000000000002 0.17566666666666667
0.9990000000000002 0.19266666666666668
0.9990000000000002 0.21199999999999997
0.9990000000000002 0.23133333333333334
0.9993333333333334 0.2536666666666667
0.9996666666666666 0.2733333333333333
0.9996666666666666 0.29233333333333333
0.9996666666666666 0.3123333333333333
0.9996666666666666 0.3403333333333334
0.9996666666666666 0.3663333333333333
0.9996666666666666 0.39333333333333326
0.9996666666666666 0.41633333333333333
0.9996666666666666 0.445
0.9996666666666666 0.475
0.9996666666666666 0.5063333333333333
0.9996666666666666 0.539
0.9996666666666666 0.5660000000000001
0.9996666666666666 0.5919999999999999
0.9996666666666666 0.6170000000000001
0.9996666666666666 0.6403333333333333
0.9996666666666666 0.6646666666666666
0.9996666666666666 0.6859999999999999
0.9996666666666666 0.7080000000000001
0.9996666666666666 0.7313333333333333
0.9996666666666666 0.7529999999999999
0.9996666666666666 0.7780000000000001
0.9996666666666666 0.797
0.9996666666666666 0.818
0.9996666666666666 0.8366666666666667
0.9996666666666666 0.853
0.9996666666666666 0.8660000000000002
1.0 0.8776666666666667
1.0 0.8913333333333332
1.0 0.9046666666666667
1.0 0.9163333333333334
1.0 0.9279999999999999
1.0 0.9393333333333335
1.0 0.9463333333333332
1.0 0.9533333333333331
1.0 0.958
1.0 0.9623333333333335
1.0 0.9676666666666668
1.0 0.9743333333333334
1.0 0.9773333333333334
1.0 0.9803333333333331
1.0 0.9816666666666667
1.0 0.9846666666666666
1.0 0.9873333333333333
1.0 0.9896666666666667
1.0 0.991
1.0 0.9930000000000001
1.0 0.9950000000000001
1.0 0.9956666666666667
1.0 0.9959999999999999
1.0 0.9966666666666667
1.0 0.9969999999999999
1.0 0.9973333333333333
1.0 0.9976666666666667
1.0 0.998
1.0 0.9986666666666666
1.0 0.999
1.0 0.9993333333333334
1.0 0.9993333333333334
1.0 0.9993333333333334
1.0 0.9996666666666666
1.0 1.0
1.0 1.0
1.0 1.0
1.0 1.0
1.0 1.0
1.0 1.0
1.0 1.0
1.0 1.0
1.0 1.0
1.0 1.0
1.0 1.0
1.0 1.0
1.0 1.0
1.0 1.0
1.0 1.0
1.0 1.0
1.0 1.0
1.0 1.0
1.0 1.0
1.0 1.0
1.0 1.0
1.0 1.0
1.0 1.0
1.0 1.0
1.0 1.0
1.0 1.0
1.0 1.0
1.0 1.0
1.0 1.0
1.0 1.0
1.0 1.0
1.0 1.0
1.0 1.0
1.0 1.0
1.0 1.0
1.0 1.0
1.0 1.0
1.0 1.0
1.0 1.0
1.0 1.0
1.0 1.0
1.0 1.0
1.0 1.0
1.0 1.0
1.0 1.0
1.0 1.0
1.0 1.0
1.0 1.0
1.0 1.0
1.0 1.0
1.0 1.0
1.0 1.0
1.0 1.0
1.0 1.0
1.0 1.0
1.0 1.0
1.0 1.0
1.0 1.0
1.0 1.0
1.0 1.0
1.0 1.0
1.0 1.0
1.0 1.0
1.0 1.0
1.0 1.0
1.0 1.0
1.0 1.0
1.0 1.0
1.0 1.0
1.0 1.0
1.0 1.0
1.0 1.0
1.0 1.0
1.0 1.0
1.0 1.0
1.0 1.0
1.0 1.0
1.0 1.0
1.0 1.0
1.0 1.0
1.0 1.0
1.0 1.0
1.0 1.0
1.0 1.0
1.0 1.0
1.0 1.0
1.0 1.0
1.0 1.0
1.0 1.0
1.0 1.0
1.0 1.0
1.0 1.0
1.0 1.0
1.0 1.0
1.0 1.0
1.0 1.0
1.0 1.0
1.0 1.0
1.0 1.0
1.0 1.0
1.0 1.0
1.0 1.0
1.0 1.0
1.0 1.0
1.0 1.0
1.0 1.0
1.0 1.0
1.0 1.0
1.0 1.0
1.0 1.0
1.0 1.0
1.0 1.0
1.0 1.0
1.0 1.0
1.0 1.0
1.0 1.0
1.0 1.0
1.0 1.0
1.0 1.0
1.0 1.0
1.0 1.0
1.0 1.0
1.0 1.0
1.0 1.0
1.0 1.0
1.0 1.0
1.0 1.0
1.0 1.0
1.0 1.0
1.0 1.0
1.0 1.0
1.0 1.0
1.0 1.0
1.0 1.0
1.0 1.0
1.0 1.0
1.0 1.0
1.0 1.0
1.0 1.0
1.0 1.0
1.0 1.0
1.0 1.0
1.0 1.0
1.0 1.0
1.0 1.0
1.0 1.0
1.0 1.0
1.0 1.0
1.0 1.0
1.0 1.0
1.0 1.0
