1.000000 1.000000
1.000000 0.999667
1.000000 0.999667
1.000000 0.999667
1.000000 0.999667
1.000000 0.999667
1.000000 0.999667
1.000000 0.999000
1.000000 0.999000
1.000000 0.998667
1.000000 0.998333
1.000000 0.998333
1.000000 0.998333
1.000000 0.998333
1.000000 0.998333
1.000000 0.997667
1.000000 0.997333
1.000000 0.997333
1.000000 0.997000
1.000000 0.997000
1.000000 0.997000
1.000000 0.996667
1.000000 0.996000
1.000000 0.996000
1.000000 0.995667
1.000000 0.995667
1.000000 0.995667
1.000000 0.995667
1.000000 0.995333
1.000000 0.994667
1.000000 0.994000
1.000000 0.994000
1.000000 0.993000
1.000000 0.992667
1.000000 0.992333
1.000000 0.991667
1.000000 0.991333
1.000000 0.991333
1.000000 0.991000
1.000000 0.990667
1.000000 0.989667
1.000000 0.988333
1.000000 0.986667
1.000000 0.985667
1.000000 0.985333
1.000000 0.985000
1.000000 0.984333
1.000000 0.984000
1.000000 0.983667
1.000000 0.982333
1.000000 0.981333
1.000000 0.981333
1.000000 0.980667
1.000000 0.980000
1.000000 0.978000
0.999667 0.976333
0.999667 0.975333
0.999667 0.974333
0.999667 0.973667
0.999667 0.972333
0.999667 0.971000
0.999667 0.967333
0.999667 0.965000
0.999667 0.963333
0.999667 0.959333
0.999667 0.955333
0.999667 0.953333
0.999667 0.951667
0.999667 0.948667
0.999667 0.946000
0.999667 0.943000
0.999667 0.940667
0.999333 0.937333
0.999333 0.934000
0.999000 0.931667
0.999000 0.928333
0.999000 0.923000
0.998667 0.917333
0.998667 0.912667
0.998667 0.908667
0.998667 0.903000
0.998667 0.897000
0.998667 0.892667
0.998000 0.887333
0.998000 0.885000
0.997333 0.879667
0.997000 0.875333
0.996667 0.868000
0.996000 0.860000
0.996000 0.856000
0.996000 0.850333
0.995000 0.844333
0.994333 0.836000
0.993333 0.831333
0.993000 0.826333
0.993000 0.820333
0.992000 0.816667
0.992000 0.807667
0.991667 0.800333
0.991667 0.791000
0.991667 0.785333
0.991333 0.776333
0.991000 0.771333
0.991000 0.761333
0.990667 0.751667
0.990333 0.742000
0.989667 0.733000
0.989333 0.724333
0.988000 0.718333
0.987333 0.708000
0.986667 0.698667
0.985333 0.688667
0.984000 0.679333
0.983667 0.671667
0.983333 0.664667
0.982667 0.656333
0.982667 0.648667
0.982333 0.638667
0.982333 0.624667
0.980667 0.617667
0.979667 0.606333
0.979333 0.594667
0.978333 0.584667
0.977333 0.574667
0.977333 0.564667
0.976000 0.554667
0.974667 0.546000
0.973333 0.538667
0.973000 0.530000
0.970333 0.520667
0.969333 0.512667
0.967667 0.500000
0.966000 0.489333
0.965000 0.478333
0.963667 0.466333
0.962000 0.455667
0.961667 0.447667
0.960333 0.440333
0.958667 0.427333
0.957333 0.420000
0.956333 0.411667
0.953667 0.401667
0.952333 0.393000
0.951000 0.384667
0.949000 0.373000
0.948000 0.361333
0.946333 0.351667
0.943667 0.342000
0.941333 0.334000
0.938667 0.325667
0.937000 0.316000
0.933333 0.309667
0.931333 0.302667
0.929000 0.294333
0.926667 0.287000
0.924000 0.279000
0.922000 0.272333
0.917667 0.264333
0.916333 0.258000
0.914000 0.252000
0.912333 0.243667
0.909000 0.235667
0.908000 0.228333
0.905667 0.221667
0.904000 0.214333
0.901333 0.207667
0.899000 0.203000
0.896000 0.198000
0.893667 0.191667
0.892667 0.183667
0.889667 0.177000
0.888000 0.170667
0.885667 0.163667
0.882667 0.157000
0.878667 0.148333
0.877000 0.143667
0.874333 0.139333
0.870667 0.134333
0.867667 0.130333
0.865333 0.127000
0.864000 0.121000
0.861333 0.115333
0.857667 0.112000
0.856000 0.104333
0.851000 0.099667
0.848333 0.095333
0.844000 0.090333
0.840333 0.088000
0.837000 0.084333
0.834000 0.081333
0.830333 0.077333
0.825000 0.075000
0.819333 0.070667
0.815000 0.068667
0.811333 0.065333
0.807000 0.062000
0.805000 0.058333
0.802000 0.055000
0.797667 0.054000
0.794000 0.051667
0.791667 0.049000
0.787333 0.048000
0.784000 0.046333
0.779667 0.044000
0.776333 0.043000
0.771333 0.042000
0.766667 0.040000
0.763000 0.039000
0.758667 0.038000
0.755333 0.035000
0.749667 0.033000
0.744667 0.031333
0.739333 0.029333
0.736333 0.027667
0.732333 0.026667
0.730333 0.025000
0.727000 0.023667
0.722000 0.022667
0.716000 0.022000
0.713000 0.020667
0.709000 0.020333
0.706333 0.019000
0.703333 0.018000
0.700333 0.017333
0.694667 0.015667
0.691000 0.015333
0.687333 0.015000
0.683667 0.014000
0.680000 0.013667
0.676667 0.012333
0.672667 0.012333
0.667000 0.011667
0.664667 0.011667
0.661333 0.011333
0.658000 0.010000
0.655667 0.009667
0.654000 0.009000
0.651667 0.008667
0.649000 0.008000
0.645333 0.007667
0.641000 0.007667
0.635000 0.007000
0.629000 0.006333
0.625333 0.006333
0.621000 0.005667
0.616667 0.005000
0.610667 0.004333
0.610000 0.004333
0.605333 0.004333
0.602000 0.004333
0.598333 0.003667
0.593333 0.003333
0.588000 0.003333
0.584667 0.003333
0.580333 0.002667
0.578000 0.002333
0.574333 0.002333
0.571000 0.002333
0.567333 0.002333
0.562667 0.002000
0.559667 0.002000
0.555333 0.001667
0.552667 0.001667
0.549667 0.001667
0.547333 0.001667
0.543667 0.001667
0.539000 0.001333
0.535333 0.001333
0.532333 0.001000
0.528333 0.001000
0.523000 0.001000
0.520333 0.001000
0.516000 0.001000
0.513667 0.001000
0.510333 0.001000
0.506667 0.001000
0.504000 0.001000
0.500667 0.001000
0.496667 0.001000
0.493333 0.001000
0.487667 0.001000
0.483667 0.001000
0.477667 0.001000
0.474000 0.001000
0.472000 0.001000
0.469333 0.001000
0.465333 0.001000
0.461667 0.001000
0.459000 0.001000
0.453333 0.001000
0.449000 0.001000
0.445000 0.001000
0.440667 0.001000
0.436333 0.001000
0.432333 0.000667
0.429667 0.000667
0.426667 0.000667
0.421000 0.000667
0.416000 0.000667
0.412000 0.000667
0.408667 0.000667
0.404333 0.000667
0.402333 0.000667
0.400667 0.000667
0.396333 0.000667
0.394000 0.000667
0.391000 0.000667
0.388000 0.000667
0.387333 0.000667
0.384333 0.000667
0.379000 0.000333
0.376000 0.000333
0.375000 0.000333
0.370000 0.000333
0.366667 0.000333
0.364333 0.000333
0.362000 0.000333
0.359667 0.000333
0.356667 0.000333
0.355000 0.000333
0.353000 0.000333
0.349667 0.000333
0.347000 0.000333
0.345000 0.000333
0.341000 0.000333
0.338000 0.000333
0.335667 0.000333
0.334000 0.000333
0.333333 0.000333
0.331667 0.000333
0.327667 0.000333
0.325333 0.000333
0.323667 0.000333
0.320333 0.000333
0.319000 0.000333
0.315333 0.000333
0.314333 0.000333
0.311000 0.000333
0.308667 0.000333
0.305667 0.000333
0.303667 0.000333
0.301667 0.000333
0.298000 0.000333
0.295333 0.000333
0.293333 0.000333
0.291000 0.000333
0.289333 0.000333
0.287000 0.000333
0.285333 0.000333
0.284333 0.000333
0.280000 0.000333
0.277667 0.000333
0.275000 0.000333
0.273333 0.000333
0.270667 0.000333
0.268333 0.000333
0.266000 0.000333
0.263000 0.000333
0.260667 0.000333
0.257000 0.000333
0.254000 0.000333
0.251667 0.000333
0.249333 0.000333
0.246000 0.000333
0.243667 0.000333
0.242667 0.000333
0.242000 0.000333
0.240667 0.000333
0.237333 0.000000
0.233667 0.000000
0.232000 0.000000
0.228333 0.000000
0.225667 0.000000
0.222333 0.000000
0.219000 0.000000
0.217667 0.000000
0.216000 0.000000
0.215667 0.000000
0.215333 0.000000
0.213000 0.000000
0.211667 0.000000
0.210000 0.000000
0.209333 0.000000
0.207667 0.000000
0.206000 0.000000
0.205000 0.000000
0.204333 0.000000
0.203000 0.000000
0.202667 0.000000
0.201000 0.000000
0.199333 0.000000
0.197333 0.000000
0.196333 0.000000
0.194333 0.000000
0.192333 0.000000
0.190333 0.000000
0.188667 0.000000
0.187333 0.000000
0.186333 0.000000
0.185000 0.000000
0.184333 0.000000
0.182000 0.000000
0.179667 0.000000
0.178000 0.000000
0.175000 0.000000
0.173333 0.000000
0.171333 0.000000
0.170000 0.000000
0.168000 0.000000
0.166667 0.000000
0.165667 0.000000
0.163667 0.000000
0.162333 0.000000
0.159667 0.000000
0.157333 0.000000
0.154667 0.000000
0.154000 0.000000
0.152333 0.000000
0.151667 0.000000
0.151000 0.000000
0.150667 0.000000
0.149333 0.000000
0.147667 0.000000
0.146333 0.000000
0.145667 0.000000
0.145333 0.000000
0.143000 0.000000
0.141667 0.000000
0.140000 0.000000
0.138000 0.000000
0.136667 0.000000
0.135333 0.000000
0.133667 0.000000
0.132000 0.000000
0.130667 0.000000
0.130000 0.000000
0.129000 0.000000
0.128667 0.000000
0.127000 0.000000
0.126667 0.000000
0.126000 0.000000
0.125000 0.000000
0.124000 0.000000
0.123000 0.000000
0.122333 0.000000
0.121333 0.000000
0.120333 0.000000
0.119000 0.000000
0.118333 0.000000
0.117000 0.000000
0.116667 0.000000
0.116667 0.000000
0.116667 0.000000
0.115333 0.000000
0.114667 0.000000
0.113000 0.000000
0.112667 0.000000
0.111333 0.000000
0.110667 0.000000
0.109333 0.000000
0.107667 0.000000
0.105667 0.000000
0.104667 0.000000
0.103667 0.000000
0.102000 0.000000
0.101333 0.000000
0.101000 0.000000
0.099667 0.000000
0.098000 0.000000
0.097667 0.000000
0.095000 0.000000
0.093333 0.000000
0.093000 0.000000
0.092333 0.000000
0.091667 0.000000
0.090333 0.000000
0.089000 0.000000
0.088333 0.000000
0.088333 0.000000
0.087333 0.000000
0.086000 0.000000
0.084333 0.000000
0.083000 0.000000
0.082667 0.000000
0.082333 0.000000
0.081667 0.000000
0.079667 0.000000
0.079000 0.000000
0.078333 0.000000
0.077333 0.000000
0.077333 0.000000
0.076667 0.000000
0.076667 0.000000
0.075333 0.000000
0.074333 0.000000
0.074000 0.000000
0.073333 0.000000
0.073333 0.000000
0.073333 0.000000
0.072667 0.000000
0.071333 0.000000
0.070333 0.000000
0.069333 0.000000
0.069333 0.000000
0.067667 0.000000
0.067000 0.000000
0.066000 0.000000
0.065667 0.000000
0.065667 0.000000
0.065667 0.000000
0.065333 0.000000
0.064667 0.000000
0.064000 0.000000
0.064000 0.000000
0.063667 0.000000
0.063333 0.000000
0.063000 0.000000
0.061667 0.000000
0.061333 0.000000
0.061333 0.000000
0.060333 0.000000
0.060333 0.000000
0.059333 0.000000
0.058667 0.000000
0.058667 0.000000
0.058333 0.000000
0.058000 0.000000
0.057333 0.000000
0.057000 0.000000
0.056667 0.000000
0.056000 0.000000
0.056000 0.000000
0.055667 0.000000
0.054333 0.000000
0.054000 0.000000
0.054000 0.000000
0.054000 0.000000
0.053000 0.000000
0.053000 0.000000
0.051333 0.000000
0.050667 0.000000
0.049667 0.000000
0.049667 0.000000
0.049667 0.000000
0.049667 0.000000
0.049000 0.000000
0.048667 0.000000
0.048000 0.000000
0.047667 0.000000
0.047667 0.000000
0.047333 0.000000
0.047333 0.000000
0.047333 0.000000
0.047333 0.000000
0.046000 0.000000
0.045667 0.000000
0.045333 0.000000
0.045000 0.000000
0.044667 0.000000
0.044000 0.000000
0.043333 0.000000
0.042333 0.000000
0.042000 0.000000
0.041333 0.000000
0.040667 0.000000
0.040333 0.000000
0.040000 0.000000
0.039667 0.000000
0.039333 0.000000
0.039000 0.000000
0.039000 0.000000
0.038667 0.000000
0.038000 0.000000
0.037667 0.000000
0.037000 0.000000
0.036667 0.000000
0.036667 0.000000
0.036000 0.000000
0.035333 0.000000
0.035333 0.000000
0.035333 0.000000
0.035000 0.000000
0.034667 0.000000
0.033667 0.000000
0.033667 0.000000
0.033333 0.000000
0.033000 0.000000
0.032333 0.000000
0.032000 0.000000
0.031000 0.000000
0.030667 0.000000
0.030667 0.000000
0.030667 0.000000
0.030667 0.000000
0.030667 0.000000
0.030333 0.000000
0.029667 0.000000
0.029667 0.000000
0.029667 0.000000
0.029667 0.000000
0.029667 0.000000
0.029667 0.000000
0.029667 0.000000
0.029667 0.000000
0.029667 0.000000
0.029667 0.000000
0.029333 0.000000
0.029000 0.000000
0.029000 0.000000
0.028667 0.000000
0.028667 0.000000
0.028667 0.000000
0.028000 0.000000
0.027667 0.000000
0.027667 0.000000
0.027000 0.000000
0.027000 0.000000
0.026667 0.000000
0.026667 0.000000
0.026333 0.000000
0.026333 0.000000
0.026000 0.000000
0.026000 0.000000
0.025333 0.000000
0.025333 0.000000
0.025000 0.000000
0.025000 0.000000
0.025000 0.000000
0.025000 0.000000
0.025000 0.000000
0.024667 0.000000
0.023667 0.000000
0.023000 0.000000
0.023000 0.000000
0.022667 0.000000
0.022667 0.000000
0.022000 0.000000
0.021667 0.000000
0.021667 0.000000
0.021000 0.000000
0.020667 0.000000
0.020667 0.000000
0.020667 0.000000
0.020667 0.000000
0.020333 0.000000
0.020000 0.000000
0.019667 0.000000
0.019667 0.000000
0.019333 0.000000
0.019333 0.000000
0.019333 0.000000
0.019333 0.000000
0.019333 0.000000
0.019000 0.000000
0.019000 0.000000
0.018667 0.000000
0.018333 0.000000
0.018333 0.000000
0.018333 0.000000
0.018333 0.000000
0.018333 0.000000
0.018000 0.000000
0.017667 0.000000
0.017667 0.000000
0.016667 0.000000
0.016667 0.000000
0.016667 0.000000
0.016333 0.000000
0.016333 0.000000
0.016333 0.000000
0.016333 0.000000
0.016333 0.000000
0.016333 0.000000
0.016333 0.000000
0.016000 0.000000
0.015333 0.000000
0.015000 0.000000
0.014667 0.000000
0.014333 0.000000
0.014000 0.000000
0.014000 0.000000
0.014000 0.000000
0.013667 0.000000
0.013667 0.000000
0.013667 0.000000
0.013000 0.000000
0.013000 0.000000
0.013000 0.000000
0.013000 0.000000
0.013000 0.000000
0.012667 0.000000
0.012667 0.000000
0.012667 0.000000
0.012333 0.000000
0.012333 0.000000
0.011667 0.000000
0.011667 0.000000
0.011333 0.000000
0.011000 0.000000
0.010667 0.000000
0.010667 0.000000
0.010667 0.000000
0.010667 0.000000
0.010000 0.000000
0.010000 0.000000
0.009667 0.000000
0.009667 0.000000
0.009333 0.000000
0.009000 0.000000
0.009000 0.000000
0.009000 0.000000
0.008667 0.000000
0.008667 0.000000
0.008667 0.000000
0.008667 0.000000
0.008667 0.000000
0.008000 0.000000
0.008000 0.000000
0.008000 0.000000
0.008000 0.000000
0.008000 0.000000
0.008000 0.000000
0.008000 0.000000
0.008000 0.000000
0.008000 0.000000
0.008000 0.000000
0.007667 0.000000
0.007667 0.000000
0.007333 0.000000
0.007333 0.000000
0.007333 0.000000
0.007333 0.000000
0.007333 0.000000
0.007000 0.000000
0.006667 0.000000
0.006667 0.000000
0.006667 0.000000
0.006667 0.000000
0.006667 0.000000
0.006667 0.000000
0.006667 0.000000
0.006667 0.000000
0.006667 0.000000
0.006667 0.000000
0.006667 0.000000
0.006333 0.000000
0.006333 0.000000
0.006333 0.000000
0.006333 0.000000
0.006333 0.000000
0.006333 0.000000
0.006333 0.000000
0.006333 0.000000
0.006000 0.000000
0.006000 0.000000
0.005667 0.000000
0.005333 0.000000
0.005333 0.000000
0.005333 0.000000
0.005333 0.000000
0.005000 0.000000
0.004667 0.000000
0.004667 0.000000
0.004333 0.000000
0.004333 0.000000
0.003667 0.000000
0.003667 0.000000
0.003667 0.000000
0.003667 0.000000
0.003667 0.000000
0.003667 0.000000
0.003667 0.000000
0.003333 0.000000
0.003333 0.000000
0.003333 0.000000
0.003333 0.000000
0.003333 0.000000
0.003333 0.000000
0.003000 0.000000
0.003000 0.000000
0.003000 0.000000
0.003000 0.000000
0.003000 0.000000
0.003000 0.000000
0.003000 0.000000
0.003000 0.000000
0.003000 0.000000
0.003000 0.000000
0.002667 0.000000
0.002667 0.000000
0.002667 0.000000
0.002667 0.000000
0.002667 0.000000
0.002667 0.000000
0.002667 0.000000
0.002667 0.000000
0.002667 0.000000
0.002667 0.000000
0.002667 0.000000
0.002667 0.000000
0.002667 0.000000
0.002667 0.000000
0.002667 0.000000
0.002667 0.000000
0.002667 0.000000
0.002667 0.000000
0.002667 0.000000
0.002667 0.000000
0.002667 0.000000
0.002667 0.000000
0.002667 0.000000
0.002667 0.000000
0.002667 0.000000
0.002667 0.000000
0.002667 0.000000
0.002667 0.000000
0.002667 0.000000
0.002667 0.000000
0.002667 0.000000
0.002667 0.000000
0.002667 0.000000
0.002667 0.000000
0.002667 0.000000
0.002667 0.000000
0.002667 0.000000
0.002667 0.000000
0.002667 0.000000
0.002667 0.000000
0.002667 0.000000
0.002667 0.000000
0.002667 0.000000
0.002667 0.000000
0.002667 0.000000
0.002667 0.000000
0.002667 0.000000
0.002667 0.000000
0.002667 0.000000
0.002667 0.000000
0.002667 0.000000
0.002667 0.000000
0.002667 0.000000
0.002333 0.000000
0.002333 0.000000
0.002333 0.000000
0.002333 0.000000
0.002333 0.000000
0.002333 0.000000
0.002333 0.000000
0.002333 0.000000
0.002333 0.000000
0.002333 0.000000
0.002333 0.000000
0.002000 0.000000
0.002000 0.000000
0.002000 0.000000
0.002000 0.000000
0.002000 0.000000
0.002000 0.000000
0.002000 0.000000
0.002000 0.000000
0.002000 0.000000
0.002000 0.000000
0.002000 0.000000
0.002000 0.000000
0.002000 0.000000
0.002000 0.000000
0.002000 0.000000
0.002000 0.000000
0.002000 0.000000
0.001667 0.000000
0.001667 0.000000
0.001667 0.000000
0.001667 0.000000
0.001667 0.000000
0.001667 0.000000
0.001667 0.000000
0.001667 0.000000
0.001667 0.000000
0.001667 0.000000
0.001667 0.000000
0.001667 0.000000
0.001667 0.000000
0.001667 0.000000
0.001667 0.000000
0.001333 0.000000
0.001333 0.000000
0.001333 0.000000
0.001333 0.000000
0.001333 0.000000
0.001333 0.000000
0.001333 0.000000
0.001333 0.000000
0.001333 0.000000
0.001333 0.000000
0.001333 0.000000
0.001333 0.000000
0.001333 0.000000
0.001333 0.000000
0.001333 0.000000
0.001333 0.000000
0.001333 0.000000
0.001333 0.000000
0.001333 0.000000
0.001333 0.000000
0.001333 0.000000
0.001333 0.000000
0.001333 0.000000
0.001333 0.000000
0.001333 0.000000
0.001333 0.000000
0.001333 0.000000
0.001333 0.000000
0.001333 0.000000
0.001000 0.000000
0.000667 0.000000
0.000667 0.000000
0.000667 0.000000
0.000667 0.000000
0.000667 0.000000
0.000667 0.000000
0.000667 0.000000
0.000667 0.000000
0.000667 0.000000
0.000667 0.000000
0.000667 0.000000
0.000667 0.000000
0.000667 0.000000
0.000667 0.000000
0.000667 0.000000
0.000667 0.000000
0.000667 0.000000
0.000667 0.000000
0.000667 0.000000
0.000667 0.000000
0.000667 0.000000
0.000667 0.000000
0.000667 0.000000
0.000667 0.000000
0.000667 0.000000
0.000667 0.000000
0.000667 0.000000
0.000667 0.000000
0.000667 0.000000
0.000667 0.000000
0.000667 0.000000
0.000667 0.000000
0.000667 0.000000
0.000667 0.000000
0.000667 0.000000
0.000667 0.000000
0.000667 0.000000
0.000667 0.000000
0.000667 0.000000
0.000333 0.000000
0.000333 0.000000
0.000333 0.000000
0.000333 0.000000
0.000333 0.000000
0.000333 0.000000
0.000333 0.000000
0.000333 0.000000
0.000333 0.000000
0.000333 0.000000
0.000333 0.000000
0.000333 0.000000
0.000333 0.000000
0.000333 0.000000
0.000333 0.000000
0.000333 0.000000
0.000333 0.000000
0.000333 0.000000
0.000333 0.000000
0.000333 0.000000
0.000333 0.000000
0.000333 0.000000
0.000333 0.000000
0.000333 0.000000
0.000333 0.000000
0.000333 0.000000
0.000333 0.000000
0.000333 0.000000
0.000333 0.000000
0.000333 0.000000
0.000333 0.000000
0.000333 0.000000
0.000333 0.000000
0.000333 0.000000
0.000333 0.000000
0.000333 0.000000
0.000333 0.000000
0.000333 0.000000
0.000333 0.000000
0.000333 0.000000
0.000333 0.000000
0.000333 0.000000
0.000333 0.000000
0.000333 0.000000
0.000333 0.000000
0.000333 0.000000
0.000333 0.000000
