1.0 1.0
1.0 1.0
1.0 1.0
1.0 1.0
1.0 1.0
1.0 1.0
1.0 1.0
1.0 1.0
1.0 1.0
1.0 1.0
1.0 1.0
1.0 1.0
1.0 1.0
1.0 1.0
1.0 1.0
1.0 1.0
1.0 1.0
1.0 1.0
1.0 1.0
1.0 1.0
1.0 1.0
1.0 1.0
1.0 1.0
1.0 1.0
1.0 1.0
1.0 1.0
1.0 1.0
1.0 1.0
1.0 1.0
1.0 1.0
1.0 1.0
1.0 1.0
1.0 1.0
1.0 1.0
1.0 1.0
1.0 1.0
1.0 1.0
1.0 1.0
1.0 1.0
1.0 1.0
1.0 1.0
1.0 1.0
1.0 1.0
1.0 1.0
1.0 1.0
1.0 1.0
1.0 1.0
1.0 1.0
1.0 1.0
1.0 1.0
1.0 1.0
1.0 1.0
1.0 1.0
1.0 1.0
1.0 1.0
1.0 1.0
1.0 1.0
1.0 1.0
1.0 1.0
1.0 1.0
1.0 1.0
1.0 1.0
1.0 1.0
1.0 1.0
1.0 1.0
1.0 0.999666666667
1.0 0.999666666667
1.0 0.999666666667
1.0 0.999666666667
1.0 0.999333333333
1.0 0.999
1.0 0.998666666667
1.0 0.997666666667
1.0 0.997333333333
1.0 0.996
1.0 0.995
1.0 0.992333333333
1.0 0.989666666667
1.0 0.987666666667
1.0 0.983
1.0 0.979
1.0 0.974666666667
1.0 0.97
1.0 0.961666666667
1.0 0.950666666667
1.0 0.940666666667
1.0 0.925333333333
1.0 0.911666666667
1.0 0.894
1.0 0.873333333333
1.0 0.852666666667
1.0 0.827666666667
1.0 0.795666666667
1.0 0.764666666667
1.0 0.729333333333
1.0 0.689333333333
1.0 0.650666666667
1.0 0.613333333333
1.0 0.572
1.0 0.532666666667
1.0 0.49
1.0 0.446333333333
1.0 0.400666666667
0.999666666667 0.366
0.999666666667 0.332666666667
0.999666666667 0.298
0.999666666667 0.263333333333
0.999666666667 0.232666666667
0.999666666667 0.208333333333
0.999666666667 0.181333333333
0.999666666667 0.160666666667
0.999 0.142
0.999 0.118
0.999 0.102
0.999 0.0876666666667
0.999 0.0773333333333
0.999 0.0666666666667
0.998666666667 0.0586666666667
0.998 0.0473333333333
0.997666666667 0.038
0.997333333333 0.0303333333333
0.997333333333 0.0266666666667
0.996666666667 0.0226666666667
0.996666666667 0.0203333333333
0.996666666667 0.0183333333333
0.996333333333 0.0156666666667
0.995666666667 0.0123333333333
0.995333333333 0.0103333333333
0.995 0.00833333333333
0.995 0.00666666666667
0.995 0.005
0.995 0.004
0.994666666667 0.00333333333333
0.994333333333 0.00266666666667
0.993666666667 0.00233333333333
0.991 0.00133333333333
0.99 0.001
0.988 0.001
0.987 0.001
0.984333333333 0.000666666666667
0.982666666667 0.000333333333333
0.981666666667 0.000333333333333
0.978666666667 0.000333333333333
0.975333333333 0.000333333333333
0.974 0.000333333333333
0.971666666667 0.000333333333333
0.97 0.000333333333333
0.968 0.000333333333333
0.962333333333 0.000333333333333
0.960333333333 0.000333333333333
0.955333333333 0.000333333333333
0.949666666667 0.000333333333333
0.944 0.000333333333333
0.934 0.000333333333333
0.924 0.0
0.915 0.0
0.904666666667 0.0
0.893 0.0
0.877333333333 0.0
0.864666666667 0.0
0.85 0.0
0.836 0.0
0.816333333333 0.0
0.793 0.0
0.767666666667 0.0
0.741 0.0
0.712 0.0
0.688666666667 0.0
0.658666666667 0.0
0.623 0.0
0.596 0.0
0.561 0.0
0.522666666667 0.0
0.488666666667 0.0
0.451666666667 0.0
0.417666666667 0.0
0.377666666667 0.0
0.339666666667 0.0
0.305333333333 0.0
0.265666666667 0.0
0.233333333333 0.0
0.200333333333 0.0
0.169666666667 0.0
0.143 0.0
0.119 0.0
0.100666666667 0.0
0.0833333333333 0.0
0.0656666666667 0.0
0.049 0.0
0.0366666666667 0.0
0.0266666666667 0.0
0.018 0.0
0.0103333333333 0.0
0.00633333333333 0.0
0.00333333333333 0.0
0.002 0.0
0.001 0.0
0.0 0.0
0.0 0.0
0.0 0.0
