1.000000 1.000000
1.000000 0.999667
1.000000 0.999667
1.000000 0.999667
1.000000 0.999667
1.000000 0.999667
1.000000 0.999667
1.000000 0.999667
1.000000 0.999667
1.000000 0.999667
1.000000 0.999667
1.000000 0.999667
1.000000 0.999667
1.000000 0.999667
1.000000 0.999333
1.000000 0.999333
1.000000 0.999333
1.000000 0.999333
1.000000 0.999000
1.000000 0.999000
1.000000 0.999000
1.000000 0.999000
1.000000 0.999000
1.000000 0.999000
1.000000 0.998667
1.000000 0.998667
1.000000 0.998667
1.000000 0.998667
1.000000 0.998667
1.000000 0.998667
1.000000 0.998667
1.000000 0.998667
1.000000 0.998667
1.000000 0.998667
1.000000 0.998333
1.000000 0.998000
1.000000 0.997667
1.000000 0.997667
1.000000 0.997333
1.000000 0.997333
1.000000 0.997000
1.000000 0.996333
1.000000 0.996333
1.000000 0.996000
1.000000 0.995667
1.000000 0.995667
1.000000 0.995333
1.000000 0.995000
1.000000 0.995000
1.000000 0.995000
1.000000 0.995000
1.000000 0.995000
1.000000 0.995000
1.000000 0.995000
1.000000 0.994333
1.000000 0.993667
1.000000 0.993000
1.000000 0.993000
1.000000 0.992000
1.000000 0.992000
1.000000 0.992000
1.000000 0.990667
1.000000 0.990667
1.000000 0.990333
1.000000 0.990000
1.000000 0.990000
1.000000 0.990000
1.000000 0.989333
1.000000 0.989000
1.000000 0.988667
1.000000 0.988000
1.000000 0.987333
1.000000 0.986000
1.000000 0.985000
1.000000 0.984667
1.000000 0.984333
1.000000 0.983667
1.000000 0.983000
1.000000 0.983000
1.000000 0.982000
1.000000 0.980667
1.000000 0.980333
1.000000 0.978333
1.000000 0.977000
1.000000 0.976667
1.000000 0.976000
1.000000 0.974667
1.000000 0.973000
1.000000 0.972333
1.000000 0.971333
1.000000 0.969333
1.000000 0.968333
1.000000 0.966667
1.000000 0.963000
1.000000 0.961000
1.000000 0.959333
1.000000 0.957667
1.000000 0.956000
1.000000 0.954333
1.000000 0.952667
1.000000 0.950333
1.000000 0.949000
1.000000 0.945333
1.000000 0.944333
1.000000 0.942000
1.000000 0.940000
1.000000 0.938000
1.000000 0.935000
1.000000 0.933333
1.000000 0.930000
1.000000 0.928333
1.000000 0.926333
1.000000 0.921667
1.000000 0.918333
1.000000 0.915333
1.000000 0.912000
1.000000 0.908333
1.000000 0.905333
1.000000 0.902333
1.000000 0.899333
1.000000 0.895333
1.000000 0.891333
1.000000 0.889000
1.000000 0.883667
1.000000 0.881333
1.000000 0.878000
1.000000 0.872333
1.000000 0.869667
1.000000 0.867000
1.000000 0.859667
1.000000 0.855000
1.000000 0.850333
1.000000 0.846667
1.000000 0.842000
1.000000 0.834667
1.000000 0.831000
1.000000 0.826667
1.000000 0.822000
1.000000 0.813333
1.000000 0.806000
1.000000 0.801333
1.000000 0.796000
1.000000 0.790667
1.000000 0.785333
1.000000 0.779333
1.000000 0.770333
1.000000 0.764667
1.000000 0.758667
1.000000 0.749333
1.000000 0.737333
1.000000 0.730000
1.000000 0.719667
1.000000 0.710667
1.000000 0.701000
1.000000 0.691000
1.000000 0.683667
1.000000 0.674333
1.000000 0.665667
1.000000 0.654667
1.000000 0.648333
1.000000 0.639333
1.000000 0.630333
1.000000 0.624000
1.000000 0.614333
1.000000 0.605000
1.000000 0.596333
1.000000 0.583000
1.000000 0.574000
1.000000 0.564667
1.000000 0.556000
1.000000 0.549000
1.000000 0.541333
1.000000 0.534333
1.000000 0.524333
1.000000 0.516333
1.000000 0.506667
1.000000 0.496000
1.000000 0.488333
1.000000 0.481000
1.000000 0.470000
1.000000 0.461667
1.000000 0.452333
1.000000 0.443000
1.000000 0.434000
1.000000 0.428000
1.000000 0.419000
1.000000 0.410333
1.000000 0.402667
1.000000 0.393333
1.000000 0.384667
1.000000 0.375000
1.000000 0.365333
1.000000 0.357667
1.000000 0.351667
1.000000 0.343333
1.000000 0.332667
1.000000 0.325333
1.000000 0.318000
1.000000 0.309667
0.999667 0.301000
0.999667 0.291333
0.999667 0.283000
0.999667 0.273000
0.999667 0.268333
0.999667 0.261000
0.999667 0.255667
0.999667 0.249333
0.999667 0.241667
0.999667 0.233667
0.999667 0.224667
0.999667 0.220667
0.999667 0.215667
0.999667 0.210333
0.999667 0.203667
0.999667 0.199667
0.999667 0.194333
0.999667 0.187667
0.999667 0.182667
0.999667 0.178333
0.999667 0.173333
0.999667 0.165667
0.999667 0.159333
0.999667 0.155333
0.999667 0.150333
0.999667 0.144333
0.999667 0.139667
0.999667 0.132667
0.999667 0.129000
0.999667 0.126667
0.999667 0.123000
0.999667 0.119667
0.999667 0.116333
0.999667 0.112000
0.999667 0.110000
0.999667 0.105667
0.999667 0.103000
0.999667 0.101000
0.999667 0.097333
0.999667 0.094667
0.999667 0.094333
0.999667 0.091333
0.999667 0.089667
0.999667 0.086667
0.999333 0.084333
0.999333 0.082000
0.999333 0.079667
0.999333 0.078000
0.999333 0.075667
0.999333 0.073333
0.999333 0.070667
0.999333 0.069000
0.999333 0.065667
0.999333 0.064667
0.999333 0.063000
0.999333 0.061667
0.999333 0.059667
0.999000 0.059000
0.999000 0.058000
0.999000 0.057333
0.999000 0.055667
0.999000 0.054333
0.999000 0.052333
0.999000 0.050667
0.999000 0.048000
0.999000 0.047000
0.998667 0.046000
0.998667 0.045333
0.998667 0.043667
0.998667 0.042667
0.998667 0.040333
0.998667 0.040000
0.998667 0.038667
0.998667 0.038667
0.998667 0.037667
0.998667 0.037333
0.998667 0.037000
0.998667 0.036333
0.998667 0.035000
0.998667 0.033000
0.998667 0.032333
0.998667 0.031333
0.998667 0.031000
0.998667 0.030000
0.998667 0.028667
0.998667 0.028333
0.998667 0.027333
0.998667 0.026667
0.998667 0.026333
0.998667 0.026333
0.998667 0.025333
0.998667 0.025000
0.998667 0.024333
0.998667 0.023667
0.998667 0.022667
0.998667 0.021667
0.998667 0.021000
0.998667 0.019667
0.998667 0.018333
0.998667 0.017667
0.998667 0.017333
0.998667 0.016333
0.998667 0.016333
0.998333 0.016000
0.998333 0.015667
0.998333 0.014667
0.998333 0.014333
0.998333 0.014333
0.998333 0.014000
0.998333 0.013667
0.998333 0.013667
0.998000 0.013333
0.998000 0.013000
0.998000 0.012667
0.998000 0.012333
0.998000 0.011667
0.997667 0.011667
0.997667 0.011667
0.997667 0.010333
0.997667 0.010000
0.997667 0.010000
0.997667 0.010000
0.997667 0.009000
0.997667 0.008333
0.997333 0.007667
0.997333 0.007000
0.997333 0.006667
0.997333 0.006667
0.997333 0.006667
0.997333 0.006333
0.997333 0.005333
0.997333 0.005333
0.997333 0.004667
0.997333 0.004333
0.997333 0.004000
0.997333 0.004000
0.997333 0.002667
0.997333 0.002667
0.997333 0.002667
0.997333 0.002667
0.997333 0.002667
0.997333 0.002333
0.997333 0.002333
0.997333 0.002000
0.997333 0.001667
0.997333 0.001667
0.997333 0.001667
0.997333 0.001667
0.997333 0.001667
0.997333 0.001667
0.997333 0.001333
0.997333 0.001000
0.997333 0.001000
0.997000 0.001000
0.997000 0.001000
0.997000 0.001000
0.996667 0.001000
0.996667 0.001000
0.996667 0.001000
0.996667 0.001000
0.996667 0.001000
0.996667 0.001000
0.996667 0.001000
0.996667 0.001000
0.996667 0.001000
0.996667 0.001000
0.996667 0.001000
0.996667 0.001000
0.996667 0.001000
0.996667 0.001000
0.996333 0.001000
0.996000 0.001000
0.995667 0.001000
0.995667 0.001000
0.995333 0.000667
0.995000 0.000667
0.995000 0.000667
0.994667 0.000667
0.994667 0.000667
0.994333 0.000667
0.994000 0.000667
0.994000 0.000667
0.993667 0.000667
0.993667 0.000333
0.993667 0.000333
0.993333 0.000333
0.992667 0.000333
0.992667 0.000333
0.992667 0.000333
0.992667 0.000333
0.992667 0.000333
0.992667 0.000333
0.992667 0.000333
0.992667 0.000333
0.992667 0.000333
0.992667 0.000333
0.992667 0.000333
0.992667 0.000333
0.992333 0.000333
0.992333 0.000333
0.992333 0.000333
0.992333 0.000333
0.991667 0.000333
0.991333 0.000333
0.991000 0.000333
0.991000 0.000333
0.990667 0.000333
0.990667 0.000333
0.990000 0.000333
0.989667 0.000333
0.989333 0.000333
0.989000 0.000333
0.989000 0.000333
0.988667 0.000333
0.988000 0.000333
0.988000 0.000333
0.987667 0.000333
0.987667 0.000333
0.987000 0.000333
0.986000 0.000333
0.985333 0.000333
0.984333 0.000333
0.984000 0.000333
0.984000 0.000333
0.983667 0.000333
0.983000 0.000333
0.982000 0.000333
0.981333 0.000333
0.981000 0.000333
0.981000 0.000333
0.981000 0.000333
0.980000 0.000333
0.980000 0.000333
0.980000 0.000333
0.979667 0.000333
0.979333 0.000333
0.978667 0.000333
0.978333 0.000333
0.977667 0.000333
0.977333 0.000333
0.977333 0.000333
0.976667 0.000333
0.976667 0.000333
0.976333 0.000333
0.975333 0.000333
0.974667 0.000333
0.973000 0.000333
0.972000 0.000333
0.971333 0.000333
0.971000 0.000333
0.970000 0.000333
0.969333 0.000333
0.969000 0.000333
0.968333 0.000333
0.968333 0.000333
0.968000 0.000333
0.967667 0.000000
0.967333 0.000000
0.966000 0.000000
0.964667 0.000000
0.962667 0.000000
0.961000 0.000000
0.959667 0.000000
0.958000 0.000000
0.958000 0.000000
0.957667 0.000000
0.955667 0.000000
0.955333 0.000000
0.954000 0.000000
0.953333 0.000000
0.952000 0.000000
0.951333 0.000000
0.950667 0.000000
0.949000 0.000000
0.947333 0.000000
0.946000 0.000000
0.944000 0.000000
0.942667 0.000000
0.940000 0.000000
0.937667 0.000000
0.937333 0.000000
0.936000 0.000000
0.934000 0.000000
0.932000 0.000000
0.929667 0.000000
0.927667 0.000000
0.925333 0.000000
0.923667 0.000000
0.922000 0.000000
0.921000 0.000000
0.917333 0.000000
0.916000 0.000000
0.915000 0.000000
0.913667 0.000000
0.911333 0.000000
0.908667 0.000000
0.906333 0.000000
0.905000 0.000000
0.901000 0.000000
0.899000 0.000000
0.896000 0.000000
0.894667 0.000000
0.892667 0.000000
0.890333 0.000000
0.887000 0.000000
0.884667 0.000000
0.882333 0.000000
0.879667 0.000000
0.874333 0.000000
0.872667 0.000000
0.867667 0.000000
0.864333 0.000000
0.860000 0.000000
0.857667 0.000000
0.854333 0.000000
0.850000 0.000000
0.846000 0.000000
0.842333 0.000000
0.838667 0.000000
0.836667 0.000000
0.833000 0.000000
0.829333 0.000000
0.825000 0.000000
0.818333 0.000000
0.813333 0.000000
0.810333 0.000000
0.805333 0.000000
0.800000 0.000000
0.793667 0.000000
0.789667 0.000000
0.785000 0.000000
0.779333 0.000000
0.772667 0.000000
0.765667 0.000000
0.758667 0.000000
0.751667 0.000000
0.747333 0.000000
0.738333 0.000000
0.731333 0.000000
0.724000 0.000000
0.716667 0.000000
0.706333 0.000000
0.699000 0.000000
0.692333 0.000000
0.685667 0.000000
0.677000 0.000000
0.669667 0.000000
0.663000 0.000000
0.657667 0.000000
0.650667 0.000000
0.644333 0.000000
0.638667 0.000000
0.630000 0.000000
0.621667 0.000000
0.610333 0.000000
0.601000 0.000000
0.593000 0.000000
0.583000 0.000000
0.576667 0.000000
0.567667 0.000000
0.556000 0.000000
0.545667 0.000000
0.539000 0.000000
0.528000 0.000000
0.518333 0.000000
0.509000 0.000000
0.496333 0.000000
0.488333 0.000000
0.481000 0.000000
0.474000 0.000000
0.467333 0.000000
0.454000 0.000000
0.446667 0.000000
0.436667 0.000000
0.426667 0.000000
0.416667 0.000000
0.409333 0.000000
0.402333 0.000000
0.394667 0.000000
0.383333 0.000000
0.377000 0.000000
0.368667 0.000000
0.358000 0.000000
0.347000 0.000000
0.339333 0.000000
0.328333 0.000000
0.318667 0.000000
0.309333 0.000000
0.298667 0.000000
0.289000 0.000000
0.281667 0.000000
0.272333 0.000000
0.263333 0.000000
0.255333 0.000000
0.242333 0.000000
0.234333 0.000000
0.225000 0.000000
0.216000 0.000000
0.207333 0.000000
0.197333 0.000000
0.190000 0.000000
0.178667 0.000000
0.170000 0.000000
0.162000 0.000000
0.154333 0.000000
0.146000 0.000000
0.138000 0.000000
0.133333 0.000000
0.126333 0.000000
0.118333 0.000000
0.110667 0.000000
0.104000 0.000000
0.098333 0.000000
0.090000 0.000000
0.084667 0.000000
0.081667 0.000000
0.078333 0.000000
0.074667 0.000000
0.067333 0.000000
0.062333 0.000000
0.057000 0.000000
0.051667 0.000000
0.046667 0.000000
0.044000 0.000000
0.040000 0.000000
0.035667 0.000000
0.032000 0.000000
0.029667 0.000000
0.026000 0.000000
0.023000 0.000000
0.020333 0.000000
0.019333 0.000000
0.015667 0.000000
0.014333 0.000000
0.011667 0.000000
0.011000 0.000000
0.010000 0.000000
0.008333 0.000000
0.007333 0.000000
0.006667 0.000000
0.005667 0.000000
0.004667 0.000000
0.004000 0.000000
0.003667 0.000000
0.002667 0.000000
0.002667 0.000000
0.002333 0.000000
0.002000 0.000000
0.001667 0.000000
0.001667 0.000000
0.001000 0.000000
0.000667 0.000000
0.000333 0.000000
0.000333 0.000000
