1 1
1 0.82
1 0.62167
1 0.38467
1 0.27367
1 0.063333
1 0.063333
1 0.057667
1 0.051333
1 0.044667
1 0.039667
1 0.039
1 0.036333
0.99933 0.032
0.99933 0.031333
0.99933 0.030333
0.99933 0.029
0.99933 0.028
0.99933 0.027
0.99933 0.026333
0.99933 0.026333
0.99933 0.025667
0.99933 0.024333
0.99933 0.023333
0.99933 0.022667
0.99933 0.022
0.99933 0.021667
0.99933 0.021333
0.99933 0.021
0.99933 0.020333
0.99933 0.02
0.99933 0.019333
0.99933 0.019333
0.99933 0.019
0.99933 0.019
0.99933 0.018333
0.99933 0.018
0.99933 0.018
0.99933 0.017667
0.99933 0.016667
0.99933 0.016667
0.99933 0.015667
0.99933 0.015333
0.99933 0.015
0.99933 0.015
0.99933 0.015
0.99933 0.014333
0.99933 0.014333
0.99933 0.014
0.99933 0.014
0.99933 0.014
0.99933 0.014
0.99933 0.013333
0.99933 0.013
0.99933 0.013
0.99933 0.013
0.99933 0.012667
0.99933 0.012667
0.99933 0.012333
0.99933 0.012
0.99933 0.012
0.99933 0.011333
0.99933 0.011333
0.99933 0.011333
0.99933 0.011333
0.99933 0.011333
0.99933 0.010667
0.99933 0.010667
0.99933 0.010667
0.99933 0.01
0.99933 0.01
0.99933 0.01
0.99933 0.01
0.99933 0.0096667
0.99933 0.0096667
0.99933 0.009
0.99933 0.009
0.99933 0.009
0.99933 0.009
0.99933 0.009
0.99933 0.009
0.99933 0.009
0.99933 0.009
0.99933 0.009
0.99933 0.009
0.99933 0.009
0.99933 0.009
0.99933 0.009
0.99933 0.009
0.99933 0.009
0.99933 0.0086667
0.99933 0.0086667
0.99933 0.0083333
0.99933 0.0083333
0.99933 0.0083333
0.99933 0.0083333
0.99933 0.0083333
0.99933 0.0083333
0.99933 0.0083333
0.99933 0.0083333
0.99933 0.0083333
0.99933 0.008
0.99933 0.008
0.99933 0.008
0.99933 0.008
0.99933 0.008
0.99933 0.008
0.99933 0.008
0.99933 0.0076667
0.99933 0.0076667
0.99933 0.0073333
0.99933 0.0073333
0.99933 0.0073333
0.99933 0.0073333
0.99933 0.007
0.99933 0.007
0.99933 0.007
0.99933 0.007
0.99933 0.007
0.99933 0.0066667
0.99933 0.0066667
0.99933 0.0066667
0.99933 0.0066667
0.99933 0.0066667
0.99933 0.0066667
0.99933 0.0066667
0.99933 0.0066667
0.99933 0.0066667
0.99933 0.0066667
0.99933 0.0066667
0.99933 0.0066667
0.99933 0.0066667
0.99933 0.0063333
0.99933 0.0063333
0.99933 0.0063333
0.99933 0.0063333
0.99933 0.0063333
0.99933 0.006
0.99933 0.006
0.99933 0.006
0.99933 0.006
0.99933 0.006
0.99933 0.006
0.99933 0.0056667
0.99933 0.0056667
0.99933 0.0056667
0.99933 0.0056667
0.99933 0.0056667
0.99933 0.0056667
0.99933 0.0053333
0.99933 0.0053333
0.99933 0.0053333
0.99933 0.0053333
0.99933 0.0053333
0.99933 0.005
0.99933 0.005
0.99933 0.005
0.99933 0.0046667
0.99933 0.0046667
0.99933 0.0046667
0.999 0.0046667
0.999 0.0046667
0.999 0.0046667
0.999 0.0046667
0.999 0.0046667
0.999 0.0046667
0.999 0.0046667
0.999 0.0046667
0.999 0.0046667
0.999 0.0046667
0.999 0.0046667
0.999 0.0043333
0.999 0.0043333
0.999 0.0043333
0.999 0.0043333
0.999 0.0043333
0.999 0.004
0.999 0.004
0.999 0.004
0.999 0.004
0.999 0.004
0.999 0.004
0.999 0.004
0.999 0.004
0.999 0.004
0.999 0.004
0.999 0.004
0.999 0.004
0.999 0.004
0.999 0.004
0.999 0.004
0.999 0.004
0.999 0.004
0.999 0.004
0.999 0.004
0.999 0.004
0.999 0.004
0.999 0.004
0.999 0.004
0.999 0.004
0.999 0.004
0.999 0.004
0.999 0.0036667
0.999 0.0036667
0.999 0.0036667
0.999 0.0036667
0.999 0.0036667
0.999 0.0036667
0.999 0.0036667
0.999 0.0036667
0.999 0.0036667
0.999 0.0036667
0.999 0.0036667
0.999 0.0036667
0.999 0.0036667
0.999 0.0036667
0.999 0.0036667
0.999 0.0036667
0.999 0.0036667
0.999 0.0036667
0.999 0.0036667
0.999 0.0036667
0.999 0.0036667
0.999 0.0036667
0.999 0.0036667
0.999 0.0036667
0.999 0.0036667
0.999 0.0036667
0.999 0.0036667
0.999 0.0036667
0.999 0.0036667
0.999 0.0036667
0.999 0.0036667
0.999 0.0036667
0.999 0.0036667
0.999 0.0036667
0.999 0.0036667
0.999 0.0036667
0.999 0.0036667
0.999 0.0036667
0.999 0.0036667
0.999 0.0036667
0.999 0.0036667
0.999 0.0036667
0.999 0.0036667
0.999 0.0036667
0.999 0.0036667
0.999 0.0036667
0.999 0.0036667
0.999 0.0036667
0.999 0.0033333
0.999 0.0033333
0.999 0.0033333
0.999 0.0033333
0.999 0.0033333
0.999 0.0033333
0.999 0.0033333
0.999 0.0033333
0.999 0.0033333
0.999 0.0033333
0.999 0.003
0.999 0.003
0.999 0.003
0.999 0.003
0.999 0.003
0.999 0.003
0.99867 0.003
0.99867 0.003
0.99867 0.003
0.99867 0.003
0.99867 0.003
0.99867 0.003
0.99867 0.003
0.99867 0.003
0.99867 0.003
0.99867 0.003
0.99867 0.003
0.99867 0.003
0.99867 0.003
0.99867 0.003
0.99867 0.003
0.99867 0.003
0.99867 0.003
0.99867 0.003
0.99867 0.003
0.99867 0.003
0.99867 0.003
0.99867 0.003
0.99867 0.003
0.99867 0.003
0.99867 0.003
0.99867 0.003
0.99867 0.003
0.99867 0.003
0.99867 0.0026667
0.99867 0.0026667
0.99867 0.0026667
0.99867 0.0026667
0.99867 0.0026667
0.99867 0.0026667
0.99867 0.0026667
0.99867 0.0026667
0.99867 0.0026667
0.99867 0.0026667
0.99867 0.0026667
0.99867 0.0026667
0.99867 0.0026667
0.99867 0.0026667
0.99867 0.0026667
0.99867 0.0026667
0.99867 0.0026667
0.99867 0.0026667
0.99867 0.0026667
0.99867 0.0026667
0.99867 0.0026667
0.99867 0.0026667
0.99867 0.0026667
0.99867 0.0026667
0.99867 0.0026667
0.99867 0.0026667
0.99867 0.0026667
0.99833 0.0026667
0.99833 0.0026667
0.99833 0.0026667
0.99833 0.0026667
0.99833 0.0026667
0.99833 0.0026667
0.99833 0.0026667
0.99833 0.0026667
0.99833 0.0026667
0.99833 0.0026667
0.99833 0.0026667
0.99833 0.0026667
0.99833 0.0026667
0.99833 0.0026667
0.99833 0.0026667
0.99833 0.0026667
0.99833 0.0026667
0.99833 0.0026667
0.99833 0.0026667
0.99833 0.0026667
0.99833 0.0026667
0.99833 0.0026667
0.99833 0.0026667
0.99833 0.0026667
0.99833 0.0026667
0.99833 0.0026667
0.99833 0.0026667
0.99833 0.0026667
0.99833 0.0026667
0.99833 0.0026667
0.99833 0.0026667
0.99833 0.0026667
0.99833 0.0026667
0.99833 0.0026667
0.99833 0.0026667
0.99833 0.0026667
0.99833 0.0026667
0.99833 0.0026667
0.99833 0.0026667
0.99833 0.0026667
0.99833 0.0026667
0.99833 0.0026667
0.99833 0.0026667
0.99833 0.0026667
0.99833 0.0026667
0.99833 0.0026667
0.99833 0.0026667
0.99833 0.0026667
0.99833 0.0026667
0.99833 0.0026667
0.99833 0.0026667
0.99833 0.0026667
0.99833 0.0026667
0.99833 0.0026667
0.99833 0.0026667
0.99833 0.0026667
0.99833 0.0026667
0.99833 0.0026667
0.99833 0.0026667
0.99833 0.0026667
0.99833 0.0026667
0.99833 0.0026667
0.99833 0.0026667
0.99833 0.0026667
0.99833 0.0026667
0.99833 0.0026667
0.99833 0.0026667
0.99833 0.0026667
0.99833 0.0026667
0.99833 0.0026667
0.99833 0.0026667
0.99833 0.0026667
0.99833 0.0026667
0.99833 0.0026667
0.99833 0.0026667
0.99833 0.0026667
0.99833 0.0026667
0.99833 0.0026667
0.99833 0.0026667
0.99833 0.0026667
0.99833 0.0026667
0.99833 0.0026667
0.99833 0.0026667
0.99833 0.0026667
0.99833 0.0026667
0.99833 0.0026667
0.99833 0.0026667
0.99833 0.0026667
0.99833 0.0026667
0.99833 0.0026667
0.99833 0.0026667
0.99833 0.0026667
0.99833 0.0026667
0.99833 0.0026667
0.99833 0.0026667
0.99833 0.0026667
0.99833 0.0026667
0.99833 0.0026667
0.99833 0.0026667
0.99833 0.0026667
0.99833 0.0023333
0.99833 0.0023333
0.99833 0.0023333
0.99833 0.0023333
0.99833 0.0023333
0.99833 0.0023333
0.99833 0.0023333
0.99833 0.0023333
0.99833 0.0023333
0.99833 0.0023333
0.99833 0.0023333
0.99833 0.0023333
0.99833 0.0023333
0.99833 0.0023333
0.99833 0.0023333
0.99833 0.0023333
0.99833 0.0023333
0.99833 0.0023333
0.99833 0.0023333
0.99833 0.0023333
0.99833 0.0023333
0.99833 0.0023333
0.99833 0.0023333
0.99833 0.0023333
0.99833 0.0023333
0.99833 0.0023333
0.99833 0.0023333
0.99833 0.0023333
0.99833 0.0023333
0.99833 0.0023333
0.99833 0.0023333
0.99833 0.0023333
0.99833 0.0023333
0.99833 0.0023333
0.99833 0.0023333
0.99833 0.0023333
0.99833 0.0023333
0.99833 0.0023333
0.99833 0.0023333
0.99833 0.0023333
0.99833 0.0023333
0.99833 0.0023333
0.99833 0.002
0.99833 0.002
0.99833 0.002
0.99833 0.002
0.99833 0.002
0.99833 0.002
0.99833 0.002
0.99833 0.002
0.99833 0.002
0.99833 0.002
0.99833 0.002
0.99833 0.002
0.99833 0.002
0.99833 0.002
0.99833 0.002
0.99833 0.002
0.99833 0.002
0.99833 0.002
0.99833 0.002
0.99833 0.002
0.99833 0.002
0.99833 0.002
0.99833 0.002
0.99833 0.002
0.99833 0.002
0.99833 0.002
0.99833 0.002
0.99833 0.002
0.99833 0.002
0.99833 0.002
0.99833 0.002
0.99833 0.002
0.99833 0.002
0.99833 0.002
0.99833 0.002
0.99833 0.002
0.99833 0.002
0.99833 0.002
0.99833 0.002
0.99833 0.002
0.99833 0.002
0.99833 0.002
0.99833 0.002
0.99833 0.002
0.99833 0.002
0.99833 0.002
0.99833 0.002
0.99833 0.002
0.99833 0.002
0.99833 0.002
0.99833 0.002
0.99833 0.002
0.99833 0.002
0.99833 0.002
0.99833 0.002
0.99833 0.002
0.99833 0.002
0.99833 0.002
0.99833 0.002
0.99833 0.002
0.99833 0.002
0.99833 0.002
0.99833 0.002
0.99833 0.002
0.99833 0.002
0.99833 0.002
0.99833 0.002
0.99833 0.002
0.99833 0.002
0.99833 0.002
0.99833 0.002
0.99833 0.002
0.99833 0.002
0.99833 0.002
0.99833 0.002
0.99833 0.002
0.99833 0.002
0.99833 0.002
0.99833 0.002
0.99833 0.002
0.99833 0.002
0.99833 0.002
0.99833 0.002
0.99833 0.002
0.99833 0.002
0.99833 0.002
0.99833 0.002
0.99833 0.002
0.99833 0.002
0.99833 0.002
0.99833 0.002
0.99833 0.002
0.99833 0.002
0.99833 0.002
0.99833 0.002
0.99833 0.002
0.99833 0.002
0.99833 0.002
0.99833 0.002
0.99833 0.002
0.99833 0.002
0.99833 0.002
0.99833 0.002
0.99833 0.002
0.99833 0.002
0.99833 0.002
0.99833 0.002
0.99833 0.002
0.99833 0.002
0.99833 0.002
0.99833 0.002
0.99833 0.002
0.99833 0.002
0.99833 0.002
0.99833 0.002
0.99833 0.002
0.99833 0.0016667
0.99833 0.0016667
0.99833 0.0016667
0.99833 0.0016667
0.99833 0.0016667
0.99833 0.0016667
0.99833 0.0016667
0.99833 0.0016667
0.99833 0.0016667
0.99833 0.0016667
0.99833 0.0016667
0.99833 0.0016667
0.99833 0.0016667
0.99833 0.0016667
0.99833 0.0016667
0.99833 0.0016667
0.99833 0.0016667
0.99833 0.0016667
0.99833 0.0016667
0.99833 0.0016667
0.99833 0.0016667
0.99833 0.0016667
0.99833 0.0016667
0.99833 0.0016667
0.99833 0.0016667
0.99833 0.0016667
0.99833 0.0016667
0.99833 0.0016667
0.99833 0.0016667
0.99833 0.0016667
0.99833 0.0016667
0.99833 0.0016667
0.99833 0.0016667
0.99833 0.0016667
0.99833 0.0016667
0.99833 0.0016667
0.99833 0.0016667
0.99833 0.0016667
0.99833 0.0016667
0.99833 0.0016667
0.99833 0.0016667
0.99833 0.0016667
0.99833 0.0016667
0.99833 0.0016667
0.99833 0.0016667
0.99833 0.0016667
0.99833 0.0016667
0.99833 0.0016667
0.99833 0.0016667
0.99833 0.0016667
0.99833 0.0016667
0.99833 0.0016667
0.99833 0.0016667
0.99833 0.0016667
0.99833 0.0016667
0.99833 0.0016667
0.99833 0.0016667
0.99833 0.0016667
0.99833 0.0016667
0.99833 0.0016667
0.99833 0.0016667
0.99833 0.0016667
0.99833 0.0016667
0.99833 0.0016667
0.99833 0.0016667
0.99833 0.0016667
0.99833 0.0016667
0.99833 0.0016667
0.99833 0.0016667
0.99833 0.0016667
0.99833 0.0016667
0.99833 0.0016667
0.99833 0.0016667
0.99833 0.0016667
0.99833 0.0016667
0.99833 0.0016667
0.99833 0.0016667
0.99833 0.0016667
0.99833 0.0016667
0.99833 0.0016667
0.99833 0.0016667
0.99833 0.0016667
0.99833 0.0016667
0.99833 0.0016667
0.99833 0.0016667
0.99833 0.0016667
0.99833 0.0016667
0.99833 0.0016667
0.99833 0.0016667
0.99833 0.0016667
0.99833 0.0016667
0.99833 0.0016667
0.99833 0.0016667
0.99833 0.0016667
0.99833 0.0016667
0.99833 0.0016667
0.99833 0.0016667
0.99833 0.0016667
0.99833 0.0016667
0.99833 0.0016667
0.99833 0.0016667
0.99833 0.0016667
0.99833 0.0016667
0.99833 0.0016667
0.99833 0.0016667
0.99833 0.0016667
0.99833 0.0016667
0.99833 0.0016667
0.99833 0.0016667
0.99833 0.0016667
0.99833 0.0016667
0.99833 0.0016667
0.99833 0.0016667
0.99833 0.0016667
0.99833 0.0016667
0.99833 0.0016667
0.99833 0.0016667
0.99833 0.0016667
0.99833 0.0016667
0.99833 0.0016667
0.99833 0.0016667
0.99833 0.0016667
0.99833 0.0016667
0.99833 0.0016667
0.99833 0.0016667
0.99833 0.0016667
0.99833 0.0016667
0.99833 0.0016667
0.99833 0.0016667
0.99833 0.0016667
0.99833 0.0016667
0.99833 0.0016667
0.99833 0.0016667
0.99833 0.0016667
0.99833 0.0016667
0.99833 0.0016667
0.99833 0.0016667
0.99833 0.0016667
0.99833 0.0016667
0.99833 0.0016667
0.99833 0.0013333
0.99833 0.0013333
0.99833 0.0013333
0.99833 0.0013333
0.99833 0.0013333
0.99833 0.0013333
0.99833 0.0013333
0.99833 0.0013333
0.99833 0.0013333
0.99833 0.0013333
0.99833 0.0013333
0.99833 0.0013333
0.99833 0.0013333
0.99833 0.0013333
0.99833 0.0013333
0.99833 0.0013333
0.99833 0.0013333
0.99833 0.0013333
0.99833 0.0013333
0.99833 0.0013333
0.99833 0.0013333
0.99833 0.0013333
0.99833 0.0013333
0.99833 0.0013333
0.99833 0.0013333
0.99833 0.0013333
0.99833 0.0013333
0.99833 0.0013333
0.99833 0.0013333
0.99833 0.0013333
0.99833 0.0013333
0.99833 0.0013333
0.99833 0.0013333
0.99833 0.0013333
0.99833 0.0013333
0.99833 0.0013333
0.99833 0.0013333
0.99833 0.0013333
0.99833 0.0013333
0.99833 0.0013333
0.99833 0.0013333
0.99833 0.0013333
0.99833 0.0013333
0.99833 0.0013333
0.99833 0.0013333
0.99833 0.0013333
0.99833 0.0013333
0.99833 0.0013333
0.99833 0.0013333
0.99833 0.0013333
0.99833 0.0013333
0.99833 0.0013333
0.99833 0.0013333
0.99833 0.0013333
0.99833 0.0013333
0.99833 0.0013333
0.99833 0.0013333
0.99833 0.0013333
0.99833 0.0013333
0.99833 0.0013333
0.99833 0.0013333
0.99833 0.0013333
0.99833 0.0013333
0.99833 0.0013333
0.99833 0.0013333
0.99833 0.0013333
0.99833 0.0013333
0.99833 0.0013333
0.99833 0.0013333
0.99833 0.0013333
0.99833 0.0013333
0.99833 0.0013333
0.99833 0.0013333
0.99833 0.0013333
0.99833 0.0013333
0.99833 0.0013333
0.99833 0.0013333
0.99833 0.0013333
0.99833 0.0013333
0.99833 0.0013333
0.99833 0.0013333
0.99833 0.0013333
0.99833 0.0013333
0.99833 0.0013333
0.99833 0.0013333
0.99833 0.0013333
0.99833 0.0013333
0.99833 0.0013333
0.99833 0.0013333
0.99833 0.0013333
0.99833 0.0013333
0.99833 0.0013333
0.99833 0.0013333
0.99833 0.0013333
0.99833 0.0013333
0.99833 0.0013333
0.99833 0.0013333
0.99833 0.0013333
0.99833 0.0013333
0.99833 0.0013333
0.99833 0.0013333
0.99833 0.0013333
0.99833 0.0013333
0.99833 0.0013333
0.99833 0.0013333
0.99833 0.0013333
0.99833 0.0013333
0.99833 0.0013333
0.99833 0.0013333
0.99833 0.0013333
0.99833 0.0013333
0.99833 0.0013333
0.99833 0.0013333
0.99833 0.0013333
0.99833 0.0013333
0.99833 0.0013333
0.99833 0.0013333
0.99833 0.0013333
0.99833 0.0013333
0.99833 0.0013333
0.99833 0.0013333
0.99833 0.0013333
0.99833 0.0013333
0.99833 0.0013333
0.99833 0.0013333
0.99833 0.0013333
0.99833 0.0013333
0.99833 0.0013333
0.99833 0.0013333
0.99833 0.0013333
0.99833 0.0013333
0.99833 0.0013333
0.99833 0.0013333
0.99833 0.0013333
0.99833 0.0013333
0.99833 0.0013333
0.99833 0.0013333
0.99833 0.0013333
0.99833 0.0013333
0.99833 0.0013333
0.99833 0.0013333
0.99833 0.0013333
0.99833 0.0013333
0.998 0.0013333
0.998 0.0013333
0.99767 0.0013333
0.99767 0.0013333
0.99767 0.0013333
0.99767 0.0013333
0.99767 0.0013333
0.99767 0.0013333
0.99733 0.0013333
0.99733 0.0013333
0.99733 0.0013333
0.99733 0.0013333
0.99733 0.0013333
0.99733 0.0013333
0.99733 0.0013333
0.99733 0.0013333
0.99733 0.0013333
0.99733 0.0013333
0.99733 0.0013333
0.99733 0.0013333
0.99733 0.0013333
0.99733 0.0013333
0.99733 0.0013333
0.99733 0.0013333
0.99733 0.0013333
0.99733 0.0013333
0.99733 0.0013333
0.99733 0.0013333
0.99733 0.0013333
0.99733 0.0013333
0.99733 0.0013333
0.99733 0.0013333
0.99733 0.001
0.99733 0.001
0.99733 0.001
0.99733 0.001
0.99733 0.001
0.99733 0.001
0.99733 0.001
0.99733 0.001
0.99733 0.001
0.99733 0.001
0.99733 0.001
0.99733 0.001
0.99733 0.001
0.99733 0.001
0.99733 0.001
0.99733 0.001
0.99733 0.001
0.99667 0.001
0.99667 0.001
0.99633 0.001
0.99633 0.001
0.99633 0.001
0.99633 0.001
0.99633 0.001
0.996 0.001
0.996 0.001
0.996 0.001
0.996 0.001
0.996 0.001
0.996 0.001
0.99567 0.001
0.99567 0.001
0.99567 0.001
0.99567 0.001
0.99533 0.001
0.995 0.001
0.995 0.001
0.995 0.001
0.995 0.001
0.995 0.001
0.995 0.001
0.995 0.001
0.99433 0.001
0.99433 0.001
0.99433 0.001
0.99433 0.001
0.99433 0.001
0.99433 0.001
0.99433 0.00066667
0.99433 0.00066667
0.994 0.00066667
0.994 0.00066667
0.994 0.00066667
0.99366 0.00066667
0.99366 0.00066667
0.99333 0.00066667
0.99333 0.00066667
0.99299 0.00033333
0.99299 0.00033333
0.99266 0.00033333
0.99266 0.00033333
0.99233 0.00033333
0.99199 0.00033333
0.99166 0.00033333
0.99133 0.00033333
0.99099 0.00033333
0.99065 0.00033333
0.99065 0.00033333
0.99032 0.00033333
0.99032 0.00033333
0.99032 0.00033333
0.98999 0.00033333
0.98999 0.00033333
0.98965 0.00033333
0.98932 0.00033333
0.98898 0.00033333
0.98831 0.00033333
0.98831 0.00033333
0.98798 0.00033333
0.98631 0.00033333
0.98531 0.00033333
0.98498 0.00033333
0.98398 0.00033333
0.98231 0.00033333
0.98097 0.00033333
0.98064 0.00033333
0.97963 0.00033333
0.97863 0.00033333
0.9783 0.00033333
0.97563 0.00033333
0.97296 0.00033333
0.97095 0.00033333
0.96894 0.00033333
0.96561 0.00033333
0.96461 0.00033333
0.96259 0.00033333
0.96159 0.00033333
0.95793 0.00033333
0.95426 0.00033333
0.94757 0.00033333
0.9439 0.00033333
0.93789 0.00033333
0.93021 0.00033333
0.91953 0.00033333
0.9075 0
0.89048 0
0.87077 0
0.83438 0
0.78729 0
0.69445 0
0.24506 0
0.13685 0
0 0
0 0
