0	0
0.000333	0
0.000667	0
0.001	0
0.00133	0
0.00167	0
0.002	0
0.00233	0
0.00267	0
0.003	0
0.00333	0
0.00367	0
0.004	0
0.00433	0
0.00467	0
0.005	0
0.00533	0
0.00567	0
0.006	0
0.00633	0
0.00667	0
0.007	0
0.00733	0
0.00767	0
0.008	0
0.00833	0
0.00867	0
0.009	0
0.00933	0
0.00967	0
0.01	0
0.0103	0
0.0107	0
0.011	0
0.0113	0
0.0117	0
0.012	0
0.0123	0
0.0127	0
0.013	0
0.0133	0
0.0137	0
0.014	0
0.0143	0
0.0147	0
0.015	0
0.0153	0
0.0157	0
0.016	0
0.0163	0
0.0167	0
0.017	0
0.0173	0
0.0177	0
0.018	0
0.0183	0
0.0187	0
0.019	0
0.0193	0
0.0197	0
0.02	0
0.0203	0
0.0207	0
0.021	0
0.0213	0
0.0217	0
0.022	0
0.0223	0
0.0227	0
0.023	0
0.0233	0
0.0237	0
0.024	0
0.0243	0
0.0247	0
0.025	0
0.0253	0
0.0257	0
0.026	0
0.0263	0
0.0267	0
0.027	0
0.0273	0
0.0277	0
0.028	0
0.0283	0
0.0287	0
0.029	0
0.0293	0
0.0297	0
0.03	0
0.0303	0
0.0307	0
0.031	0
0.0313	0
0.0317	0
0.032	0
0.0323	0
0.0327	0
0.033	0
0.0333	0
0.0337	0
0.034	0
0.0343	0
0.0347	0
0.035	0
0.0353	0
0.0357	0
0.036	0
0.0363	0
0.0367	0
0.037	0
0.0373	0
0.0377	0
0.038	0
0.0383	0
0.0387	0
0.039	0
0.0393	0
0.0397	0
0.04	0
0.0403	0
0.0407	0
0.041	0
0.0413	0
0.0417	0
0.042	0
0.0423	0
0.0427	0
0.043	0
0.0433	0
0.0437	0
0.044	0
0.0443	0
0.0447	0
0.045	0
0.0453	0
0.0457	0
0.046	0
0.0463	0
0.0467	0
0.047	0
0.0473	0
0.0477	0
0.048	0
0.0483	0
0.0487	0
0.049	0
0.0493	0
0.0497	0
0.05	0
0.0503	0
0.0507	0
0.051	0
0.0513	0
0.0517	0
0.052	0
0.0523	0
0.0527	0
0.053	0
0.0533	0
0.0537	0
0.054	0
0.0543	0
0.0547	0
0.055	0
0.0553	0
0.0557	0
0.056	0
0.0563	0
0.0567	0
0.057	0
0.0573	0
0.0577	0
0.058	0
0.0583	0
0.0587	0
0.059	0
0.0593	0
0.0597	0
0.06	0
0.0603	0
0.0607	0
0.061	0
0.0613	0
0.0617	0
0.062	0
0.0623	0
0.0627	0
0.063	0
0.0633	0
0.0637	0
0.064	0
0.0643	0
0.0647	0
0.065	0
0.0653	0
0.0657	0
0.066	0
0.0663	0
0.0667	0
0.067	0
0.0673	0
0.0677	0
0.068	0
0.0683	0
0.0687	0
0.069	0
0.0693	0
0.0697	0
0.07	0
0.0703	0
0.0707	0
0.071	0
0.0713	0
0.0717	0
0.072	0
0.0723	0
0.0727	0
0.073	0
0.0733	0
0.0737	0
0.074	0
0.0743	0
0.0747	0
0.075	0
0.0753	0
0.0757	0
0.076	0
0.0763	0
0.0767	0
0.077	0
0.0773	0
0.0777	0
0.078	0
0.0783	0
0.0787	0
0.079	0
0.0793	0
0.0797	0
0.08	0
0.0803	0
0.0807	0
0.081	0
0.0813	0
0.0817	0
0.082	0
0.0823	0
0.0827	0
0.083	0
0.0833	0
0.0837	0
0.084	0
0.0843	0
0.0847	0
0.085	0
0.0853	0
0.0857	0
0.086	0
0.0863	0
0.0867	0
0.087	0
0.0873	0
0.0877	0
0.088	0
0.0883	0
0.0887	0
0.089	0
0.0893	0
0.0897	0
0.09	0
0.0903	0
0.0907	0
0.091	0
0.0913	0
0.0917	0
0.092	0
0.0923	0
0.0927	0
0.093	0
0.0933	0
0.0937	0
0.094	0
0.0943	0
0.0947	0
0.095	0
0.0953	0
0.0957	0
0.096	0
0.0963	0
0.0967	0
0.097	0
0.0973	0
0.0977	0
0.098	0
0.0983	0
0.0987	0
0.099	0
0.0993	0
0.0993	0.000333
0.0997	0.000333
0.1	0.000333
0.1	0.000333
0.101	0.000333
0.101	0.000333
0.101	0.000333
0.102	0.000333
0.102	0.000333
0.102	0.000333
0.103	0.000333
0.103	0.000333
0.103	0.000333
0.104	0.000333
0.104	0.000333
0.104	0.000333
0.105	0.000333
0.105	0.000333
0.105	0.000333
0.106	0.000333
0.106	0.000333
0.106	0.000333
0.107	0.000333
0.107	0.000333
0.107	0.000333
0.108	0.000333
0.108	0.000333
0.108	0.000333
0.109	0.000333
0.109	0.000333
0.109	0.000333
0.11	0.000333
0.11	0.000333
0.11	0.000333
0.111	0.000333
0.111	0.000333
0.111	0.000333
0.112	0.000333
0.112	0.000333
0.112	0.000333
0.113	0.000333
0.113	0.000333
0.113	0.000333
0.114	0.000333
0.114	0.000333
0.114	0.000333
0.115	0.000333
0.115	0.000333
0.115	0.000333
0.116	0.000333
0.116	0.000333
0.116	0.000333
0.117	0.000333
0.117	0.000333
0.117	0.000333
0.118	0.000333
0.118	0.000333
0.118	0.000333
0.119	0.000333
0.119	0.000333
0.119	0.000333
0.12	0.000333
0.12	0.000333
0.12	0.000333
0.121	0.000333
0.121	0.000333
0.121	0.000333
0.122	0.000333
0.122	0.000333
0.122	0.000333
0.123	0.000333
0.123	0.000333
0.123	0.000333
0.124	0.000333
0.124	0.000333
0.124	0.000333
0.125	0.000333
0.125	0.000333
0.125	0.000333
0.126	0.000333
0.126	0.000333
0.126	0.000333
0.127	0.000333
0.127	0.000333
0.127	0.000333
0.128	0.000333
0.128	0.000333
0.128	0.000333
0.129	0.000333
0.129	0.000333
0.129	0.000333
0.13	0.000333
0.13	0.000333
0.13	0.000333
0.131	0.000333
0.131	0.000333
0.131	0.000333
0.132	0.000333
0.132	0.000333
0.132	0.000333
0.133	0.000333
0.133	0.000333
0.133	0.000333
0.134	0.000333
0.134	0.000333
0.134	0.000333
0.135	0.000333
0.135	0.000333
0.135	0.000333
0.136	0.000333
0.136	0.000333
0.136	0.000333
0.137	0.000333
0.137	0.000333
0.137	0.000333
0.138	0.000333
0.138	0.000333
0.138	0.000333
0.139	0.000333
0.139	0.000333
0.139	0.000333
0.14	0.000333
0.14	0.000333
0.14	0.000333
0.141	0.000333
0.141	0.000333
0.141	0.000333
0.142	0.000333
0.142	0.000333
0.142	0.000333
0.143	0.000333
0.143	0.000333
0.143	0.000333
0.144	0.000333
0.144	0.000333
0.144	0.000333
0.145	0.000333
0.145	0.000333
0.145	0.000333
0.146	0.000333
0.146	0.000333
0.146	0.000333
0.147	0.000333
0.147	0.000333
0.147	0.000333
0.148	0.000333
0.148	0.000333
0.148	0.000333
0.149	0.000333
0.149	0.000333
0.149	0.000333
0.15	0.000333
0.15	0.000333
0.15	0.000333
0.151	0.000333
0.151	0.000333
0.151	0.000333
0.152	0.000333
0.152	0.000333
0.152	0.000333
0.153	0.000333
0.153	0.000333
0.153	0.000333
0.154	0.000333
0.154	0.000333
0.154	0.000333
0.155	0.000333
0.155	0.000333
0.155	0.000333
0.156	0.000333
0.156	0.000333
0.156	0.000333
0.157	0.000333
0.157	0.000333
0.157	0.000333
0.158	0.000333
0.158	0.000333
0.158	0.000333
0.159	0.000333
0.159	0.000333
0.159	0.000333
0.16	0.000333
0.16	0.000333
0.16	0.000333
0.161	0.000333
0.161	0.000333
0.161	0.000333
0.162	0.000333
0.162	0.000333
0.162	0.000333
0.163	0.000333
0.163	0.000333
0.163	0.000333
0.164	0.000333
0.164	0.000333
0.164	0.000333
0.165	0.000333
0.165	0.000333
0.165	0.000333
0.166	0.000333
0.166	0.000333
0.166	0.000333
0.167	0.000333
0.167	0.000333
0.167	0.000333
0.168	0.000333
0.168	0.000333
0.168	0.000333
0.169	0.000333
0.169	0.000333
0.169	0.000333
0.17	0.000333
0.17	0.000333
0.17	0.000333
0.171	0.000333
0.171	0.000333
0.171	0.000333
0.172	0.000333
0.172	0.000333
0.172	0.000333
0.173	0.000333
0.173	0.000333
0.173	0.000333
0.174	0.000333
0.174	0.000333
0.174	0.000333
0.175	0.000333
0.175	0.000333
0.175	0.000333
0.176	0.000333
0.176	0.000333
0.176	0.000333
0.177	0.000333
0.177	0.000333
0.177	0.000333
0.178	0.000333
0.178	0.000333
0.178	0.000333
0.179	0.000333
0.179	0.000333
0.179	0.000333
0.18	0.000333
0.18	0.000333
0.18	0.000333
0.181	0.000333
0.181	0.000333
0.181	0.000333
0.182	0.000333
0.182	0.000333
0.182	0.000333
0.183	0.000333
0.183	0.000333
0.183	0.000333
0.184	0.000333
0.184	0.000333
0.184	0.000333
0.185	0.000333
0.185	0.000333
0.185	0.000333
0.186	0.000333
0.186	0.000333
0.186	0.000333
0.187	0.000333
0.187	0.000333
0.187	0.000333
0.188	0.000333
0.188	0.000333
0.188	0.000333
0.189	0.000333
0.189	0.000333
0.189	0.000333
0.19	0.000333
0.19	0.000333
0.19	0.000333
0.191	0.000333
0.191	0.000333
0.191	0.000333
0.192	0.000333
0.192	0.000333
0.192	0.000333
0.193	0.000333
0.193	0.000333
0.193	0.000333
0.194	0.000333
0.194	0.000333
0.194	0.000333
0.195	0.000333
0.195	0.000333
0.195	0.000333
0.196	0.000333
0.196	0.000333
0.196	0.000333
0.197	0.000333
0.197	0.000333
0.197	0.000333
0.198	0.000333
0.198	0.000333
0.198	0.000333
0.199	0.000333
0.199	0.000333
0.199	0.000333
0.2	0.000333
0.2	0.000333
0.2	0.000333
0.201	0.000333
0.201	0.000333
0.201	0.000333
0.202	0.000333
0.202	0.000333
0.202	0.000333
0.203	0.000333
0.203	0.000333
0.203	0.000333
0.204	0.000333
0.204	0.000333
0.204	0.000333
0.205	0.000333
0.205	0.000333
0.205	0.000333
0.206	0.000333
0.206	0.000333
0.206	0.000333
0.207	0.000333
0.207	0.000333
0.207	0.000333
0.208	0.000333
0.208	0.000333
0.208	0.000333
0.209	0.000333
0.209	0.000333
0.209	0.000333
0.21	0.000333
0.21	0.000333
0.21	0.000333
0.211	0.000333
0.211	0.000333
0.211	0.000333
0.212	0.000333
0.212	0.000667
0.212	0.000667
0.212	0.000667
0.213	0.000667
0.213	0.000667
0.213	0.000667
0.214	0.000667
0.214	0.000667
0.214	0.000667
0.215	0.000667
0.215	0.000667
0.215	0.000667
0.216	0.000667
0.216	0.000667
0.216	0.000667
0.217	0.000667
0.217	0.000667
0.217	0.000667
0.218	0.000667
0.218	0.000667
0.218	0.000667
0.219	0.000667
0.219	0.000667
0.219	0.000667
0.22	0.000667
0.22	0.000667
0.22	0.000667
0.221	0.000667
0.221	0.000667
0.221	0.000667
0.222	0.000667
0.222	0.000667
0.222	0.000667
0.223	0.000667
0.223	0.000667
0.223	0.000667
0.224	0.000667
0.224	0.000667
0.224	0.000667
0.225	0.000667
0.225	0.000667
0.225	0.000667
0.226	0.000667
0.226	0.000667
0.226	0.000667
0.227	0.000667
0.227	0.000667
0.227	0.000667
0.228	0.000667
0.228	0.000667
0.228	0.000667
0.229	0.000667
0.229	0.000667
0.229	0.000667
0.23	0.000667
0.23	0.000667
0.23	0.000667
0.231	0.000667
0.231	0.000667
0.231	0.000667
0.232	0.000667
0.232	0.000667
0.232	0.000667
0.233	0.000667
0.233	0.000667
0.233	0.000667
0.234	0.000667
0.234	0.000667
0.234	0.000667
0.235	0.000667
0.235	0.000667
0.235	0.000667
0.236	0.000667
0.236	0.000667
0.236	0.000667
0.237	0.000667
0.237	0.000667
0.237	0.000667
0.238	0.000667
0.238	0.000667
0.238	0.000667
0.239	0.000667
0.239	0.000667
0.239	0.000667
0.24	0.000667
0.24	0.000667
0.24	0.000667
0.241	0.000667
0.241	0.000667
0.241	0.000667
0.242	0.000667
0.242	0.000667
0.242	0.000667
0.243	0.000667
0.243	0.000667
0.243	0.000667
0.244	0.000667
0.244	0.000667
0.244	0.000667
0.245	0.000667
0.245	0.000667
0.245	0.000667
0.246	0.000667
0.246	0.000667
0.246	0.000667
0.247	0.000667
0.247	0.000667
0.247	0.000667
0.248	0.000667
0.248	0.000667
0.248	0.000667
0.249	0.000667
0.249	0.000667
0.249	0.000667
0.25	0.000667
0.25	0.001
0.25	0.001
0.25	0.001
0.251	0.001
0.251	0.001
0.251	0.001
0.252	0.001
0.252	0.001
0.252	0.001
0.253	0.001
0.253	0.001
0.253	0.001
0.254	0.001
0.254	0.001
0.254	0.001
0.255	0.001
0.255	0.001
0.255	0.001
0.256	0.001
0.256	0.001
0.256	0.001
0.257	0.001
0.257	0.001
0.257	0.001
0.258	0.001
0.258	0.001
0.258	0.001
0.259	0.001
0.259	0.001
0.259	0.001
0.26	0.001
0.26	0.001
0.26	0.001
0.261	0.001
0.261	0.001
0.261	0.001
0.262	0.001
0.262	0.001
0.262	0.001
0.263	0.001
0.263	0.001
0.263	0.001
0.264	0.001
0.264	0.001
0.264	0.001
0.265	0.001
0.265	0.001
0.265	0.001
0.266	0.001
0.266	0.001
0.266	0.001
0.267	0.001
0.267	0.001
0.267	0.001
0.268	0.001
0.268	0.001
0.268	0.001
0.269	0.001
0.269	0.001
0.269	0.001
0.27	0.001
0.27	0.001
0.27	0.001
0.271	0.001
0.271	0.001
0.271	0.001
0.272	0.001
0.272	0.001
0.272	0.001
0.273	0.001
0.273	0.001
0.273	0.001
0.274	0.001
0.274	0.001
0.274	0.001
0.275	0.001
0.275	0.001
0.275	0.001
0.276	0.001
0.276	0.001
0.276	0.001
0.277	0.001
0.277	0.001
0.277	0.001
0.278	0.001
0.278	0.001
0.278	0.001
0.279	0.001
0.279	0.001
0.279	0.001
0.28	0.001
0.28	0.001
0.28	0.001
0.281	0.001
0.281	0.001
0.281	0.001
0.282	0.001
0.282	0.001
0.282	0.001
0.283	0.001
0.283	0.001
0.283	0.001
0.284	0.001
0.284	0.001
0.284	0.001
0.285	0.001
0.285	0.001
0.285	0.001
0.286	0.001
0.286	0.001
0.286	0.001
0.287	0.001
0.287	0.001
0.287	0.001
0.288	0.001
0.288	0.001
0.288	0.001
0.289	0.001
0.289	0.001
0.289	0.001
0.29	0.001
0.29	0.001
0.29	0.001
0.291	0.001
0.291	0.001
0.291	0.001
0.292	0.001
0.292	0.001
0.292	0.001
0.293	0.001
0.293	0.001
0.293	0.001
0.294	0.001
0.294	0.001
0.294	0.001
0.295	0.001
0.295	0.001
0.295	0.001
0.296	0.001
0.296	0.001
0.296	0.001
0.297	0.001
0.297	0.001
0.297	0.001
0.298	0.001
0.298	0.001
0.298	0.001
0.299	0.001
0.299	0.001
0.299	0.001
0.3	0.001
0.3	0.001
0.3	0.001
0.301	0.001
0.301	0.001
0.301	0.001
0.302	0.001
0.302	0.001
0.302	0.001
0.303	0.001
0.303	0.001
0.303	0.001
0.304	0.001
0.304	0.001
0.304	0.001
0.305	0.001
0.305	0.001
0.305	0.001
0.306	0.001
0.306	0.001
0.306	0.001
0.307	0.001
0.307	0.001
0.307	0.001
0.308	0.001
0.308	0.001
0.308	0.001
0.309	0.001
0.309	0.001
0.309	0.001
0.31	0.001
0.31	0.001
0.31	0.001
0.311	0.001
0.311	0.001
0.311	0.001
0.312	0.001
0.312	0.001
0.312	0.001
0.313	0.001
0.313	0.001
0.313	0.001
0.314	0.001
0.314	0.001
0.314	0.001
0.315	0.001
0.315	0.001
0.315	0.001
0.316	0.001
0.316	0.001
0.316	0.001
0.317	0.001
0.317	0.001
0.317	0.001
0.318	0.001
0.318	0.001
0.318	0.001
0.319	0.001
0.319	0.001
0.319	0.001
0.32	0.001
0.32	0.001
0.32	0.001
0.321	0.001
0.321	0.001
0.321	0.001
0.322	0.001
0.322	0.001
0.322	0.001
0.323	0.001
0.323	0.001
0.323	0.001
0.324	0.001
0.324	0.001
0.324	0.001
0.325	0.001
0.325	0.001
0.325	0.001
0.326	0.001
0.326	0.001
0.326	0.001
0.327	0.001
0.327	0.001
0.327	0.001
0.328	0.001
0.328	0.001
0.328	0.001
0.329	0.001
0.329	0.001
0.329	0.001
0.33	0.001
0.33	0.001
0.33	0.001
0.331	0.001
0.331	0.001
0.331	0.001
0.332	0.001
0.332	0.001
0.332	0.001
0.333	0.001
0.333	0.001
0.333	0.001
0.334	0.001
0.334	0.001
0.334	0.001
0.335	0.001
0.335	0.001
0.335	0.001
0.336	0.001
0.336	0.001
0.336	0.001
0.337	0.001
0.337	0.001
0.337	0.001
0.338	0.001
0.338	0.001
0.338	0.001
0.339	0.001
0.339	0.001
0.339	0.001
0.34	0.001
0.34	0.001
0.34	0.001
0.341	0.001
0.341	0.001
0.341	0.001
0.342	0.001
0.342	0.001
0.342	0.001
0.343	0.001
0.343	0.001
0.343	0.001
0.344	0.001
0.344	0.001
0.344	0.001
0.345	0.001
0.345	0.001
0.345	0.001
0.346	0.001
0.346	0.001
0.346	0.001
0.347	0.001
0.347	0.001
0.347	0.001
0.348	0.001
0.348	0.001
0.348	0.001
0.349	0.001
0.349	0.001
0.349	0.001
0.35	0.001
0.35	0.001
0.35	0.001
0.351	0.001
0.351	0.001
0.351	0.001
0.352	0.001
0.352	0.001
0.352	0.001
0.353	0.001
0.353	0.001
0.353	0.001
0.354	0.001
0.354	0.001
0.354	0.001
0.355	0.001
0.355	0.001
0.355	0.001
0.356	0.001
0.356	0.001
0.356	0.001
0.357	0.001
0.357	0.001
0.357	0.001
0.358	0.001
0.358	0.001
0.358	0.001
0.359	0.001
0.359	0.001
0.359	0.001
0.36	0.001
0.36	0.001
0.36	0.001
0.361	0.001
0.361	0.001
0.361	0.001
0.362	0.001
0.362	0.001
0.362	0.001
0.363	0.001
0.363	0.001
0.363	0.001
0.364	0.001
0.364	0.001
0.364	0.001
0.365	0.001
0.365	0.001
0.365	0.001
0.366	0.001
0.366	0.001
0.366	0.001
0.367	0.001
0.367	0.001
0.367	0.001
0.368	0.001
0.368	0.001
0.368	0.001
0.369	0.001
0.369	0.001
0.369	0.001
0.37	0.001
0.37	0.001
0.37	0.001
0.371	0.001
0.371	0.001
0.371	0.001
0.372	0.001
0.372	0.001
0.372	0.001
0.373	0.001
0.373	0.001
0.373	0.001
0.374	0.001
0.374	0.001
0.374	0.001
0.375	0.001
0.375	0.001
0.375	0.001
0.375	0.00133
0.376	0.00133
0.376	0.00133
0.376	0.00133
0.377	0.00133
0.377	0.00133
0.377	0.00133
0.378	0.00133
0.378	0.00133
0.378	0.00133
0.379	0.00133
0.379	0.00133
0.379	0.00133
0.38	0.00133
0.38	0.00133
0.38	0.00133
0.381	0.00133
0.381	0.00133
0.381	0.00133
0.382	0.00133
0.382	0.00133
0.382	0.00133
0.383	0.00133
0.383	0.00133
0.383	0.00133
0.384	0.00133
0.384	0.00133
0.384	0.00133
0.385	0.00133
0.385	0.00133
0.385	0.00133
0.386	0.00133
0.386	0.00133
0.386	0.00133
0.387	0.00133
0.387	0.00133
0.387	0.00133
0.388	0.00133
0.388	0.00133
0.388	0.00133
0.389	0.00133
0.389	0.00133
0.389	0.00133
0.39	0.00133
0.39	0.00133
0.39	0.00133
0.391	0.00133
0.391	0.00133
0.391	0.00133
0.392	0.00133
0.392	0.00133
0.392	0.00133
0.392	0.00167
0.393	0.00167
0.393	0.00167
0.393	0.00167
0.394	0.00167
0.394	0.00167
0.394	0.00167
0.395	0.00167
0.395	0.00167
0.395	0.00167
0.396	0.00167
0.396	0.00167
0.396	0.00167
0.397	0.00167
0.397	0.00167
0.397	0.00167
0.398	0.00167
0.398	0.00167
0.398	0.00167
0.399	0.00167
0.399	0.00167
0.399	0.00167
0.4	0.00167
0.4	0.00167
0.4	0.00167
0.401	0.00167
0.401	0.00167
0.401	0.00167
0.402	0.00167
0.402	0.00167
0.402	0.00167
0.403	0.00167
0.403	0.00167
0.403	0.00167
0.403	0.002
0.404	0.002
0.404	0.002
0.404	0.002
0.405	0.002
0.405	0.002
0.405	0.002
0.406	0.002
0.406	0.002
0.406	0.002
0.407	0.002
0.407	0.002
0.407	0.002
0.408	0.002
0.408	0.002
0.408	0.002
0.409	0.002
0.409	0.002
0.409	0.002
0.41	0.002
0.41	0.002
0.41	0.002
0.411	0.002
0.411	0.002
0.411	0.002
0.412	0.002
0.412	0.002
0.412	0.002
0.413	0.002
0.413	0.002
0.413	0.002
0.414	0.002
0.414	0.002
0.414	0.002
0.415	0.002
0.415	0.002
0.415	0.002
0.416	0.002
0.416	0.002
0.416	0.002
0.417	0.002
0.417	0.002
0.417	0.002
0.418	0.002
0.418	0.002
0.418	0.002
0.419	0.002
0.419	0.002
0.419	0.002
0.42	0.002
0.42	0.002
0.42	0.002
0.421	0.002
0.421	0.002
0.421	0.002
0.422	0.002
0.422	0.002
0.422	0.002
0.423	0.002
0.423	0.002
0.423	0.002
0.424	0.002
0.424	0.002
0.424	0.002
0.425	0.002
0.425	0.002
0.425	0.002
0.426	0.002
0.426	0.002
0.426	0.002
0.427	0.002
0.427	0.002
0.427	0.002
0.428	0.002
0.428	0.002
0.428	0.002
0.429	0.002
0.429	0.002
0.429	0.002
0.43	0.002
0.43	0.002
0.43	0.002
0.43	0.00233
0.431	0.00233
0.431	0.00233
0.431	0.00233
0.432	0.00233
0.432	0.00233
0.432	0.00267
0.432	0.00267
0.433	0.00267
0.433	0.00267
0.433	0.00267
0.434	0.00267
0.434	0.00267
0.434	0.00267
0.435	0.00267
0.435	0.00267
0.435	0.00267
0.436	0.00267
0.436	0.00267
0.436	0.00267
0.437	0.00267
0.437	0.00267
0.437	0.00267
0.438	0.00267
0.438	0.00267
0.438	0.00267
0.439	0.00267
0.439	0.00267
0.439	0.00267
0.44	0.00267
0.44	0.00267
0.44	0.00267
0.441	0.00267
0.441	0.00267
0.441	0.00267
0.442	0.00267
0.442	0.00267
0.442	0.00267
0.443	0.00267
0.443	0.00267
0.443	0.00267
0.444	0.00267
0.444	0.00267
0.444	0.00267
0.445	0.00267
0.445	0.00267
0.445	0.00267
0.446	0.00267
0.446	0.00267
0.446	0.00267
0.447	0.00267
0.447	0.00267
0.447	0.00267
0.448	0.00267
0.448	0.003
0.448	0.003
0.448	0.003
0.449	0.003
0.449	0.003
0.449	0.003
0.45	0.003
0.45	0.003
0.45	0.003
0.451	0.003
0.451	0.003
0.451	0.003
0.452	0.003
0.452	0.003
0.452	0.003
0.453	0.003
0.453	0.003
0.453	0.003
0.454	0.003
0.454	0.003
0.454	0.003
0.455	0.003
0.455	0.003
0.455	0.003
0.456	0.003
0.456	0.003
0.456	0.003
0.457	0.003
0.457	0.003
0.457	0.003
0.458	0.003
0.458	0.003
0.458	0.003
0.459	0.003
0.459	0.003
0.459	0.003
0.46	0.003
0.46	0.003
0.46	0.003
0.461	0.003
0.461	0.003
0.461	0.003
0.462	0.003
0.462	0.003
0.462	0.003
0.463	0.003
0.463	0.003
0.463	0.003
0.464	0.003
0.464	0.003
0.464	0.003
0.465	0.003
0.465	0.003
0.465	0.003
0.466	0.003
0.466	0.003
0.466	0.003
0.467	0.003
0.467	0.003
0.467	0.003
0.468	0.003
0.468	0.003
0.468	0.003
0.469	0.003
0.469	0.003
0.469	0.003
0.47	0.003
0.47	0.003
0.47	0.003
0.471	0.003
0.471	0.003
0.471	0.003
0.472	0.003
0.472	0.003
0.472	0.003
0.473	0.003
0.473	0.003
0.473	0.003
0.474	0.003
0.474	0.003
0.474	0.003
0.475	0.003
0.475	0.003
0.475	0.003
0.476	0.003
0.476	0.003
0.476	0.003
0.477	0.003
0.477	0.003
0.477	0.003
0.478	0.003
0.478	0.003
0.478	0.003
0.479	0.003
0.479	0.003
0.479	0.003
0.48	0.003
0.48	0.003
0.48	0.003
0.481	0.003
0.481	0.003
0.481	0.003
0.482	0.003
0.482	0.003
0.482	0.003
0.483	0.003
0.483	0.003
0.483	0.003
0.484	0.003
0.484	0.003
0.484	0.003
0.485	0.003
0.485	0.003
0.485	0.003
0.486	0.003
0.486	0.003
0.486	0.003
0.487	0.003
0.487	0.003
0.487	0.003
0.488	0.003
0.488	0.003
0.488	0.003
0.489	0.003
0.489	0.003
0.489	0.003
0.49	0.003
0.49	0.003
0.49	0.003
0.491	0.003
0.491	0.003
0.491	0.003
0.491	0.00333
0.492	0.00333
0.492	0.00333
0.492	0.00333
0.493	0.00333
0.493	0.00333
0.493	0.00333
0.494	0.00333
0.494	0.00333
0.494	0.00333
0.495	0.00333
0.495	0.00333
0.495	0.00333
0.496	0.00333
0.496	0.00333
0.496	0.00333
0.497	0.00333
0.497	0.00333
0.497	0.00333
0.498	0.00333
0.498	0.00333
0.498	0.00333
0.499	0.00333
0.499	0.00333
0.499	0.00333
0.5	0.00333
0.5	0.00333
0.5	0.00333
0.501	0.00333
0.501	0.00333
0.501	0.00333
0.502	0.00333
0.502	0.00333
0.502	0.00333
0.503	0.00333
0.503	0.00333
0.503	0.00333
0.504	0.00333
0.504	0.00333
0.504	0.00333
0.505	0.00333
0.505	0.00333
0.505	0.00333
0.506	0.00333
0.506	0.00333
0.506	0.00333
0.507	0.00333
0.507	0.00333
0.507	0.00333
0.508	0.00333
0.508	0.00333
0.508	0.00333
0.509	0.00333
0.509	0.00333
0.509	0.00333
0.51	0.00333
0.51	0.00333
0.51	0.00333
0.511	0.00333
0.511	0.00333
0.511	0.00333
0.512	0.00333
0.512	0.00333
0.512	0.00333
0.513	0.00333
0.513	0.00333
0.513	0.00333
0.514	0.00333
0.514	0.00333
0.514	0.00333
0.515	0.00333
0.515	0.00367
0.515	0.004
0.515	0.004
0.515	0.004
0.516	0.004
0.516	0.004
0.516	0.004
0.517	0.004
0.517	0.004
0.517	0.004
0.518	0.004
0.518	0.004
0.518	0.004
0.519	0.004
0.519	0.004
0.519	0.004
0.52	0.004
0.52	0.004
0.52	0.004
0.521	0.004
0.521	0.004
0.521	0.004
0.522	0.004
0.522	0.004
0.522	0.004
0.523	0.004
0.523	0.004
0.523	0.004
0.524	0.004
0.524	0.004
0.524	0.004
0.525	0.004
0.525	0.004
0.525	0.004
0.526	0.004
0.526	0.00433
0.526	0.00433
0.526	0.00433
0.527	0.00433
0.527	0.00433
0.527	0.00433
0.528	0.00433
0.528	0.00433
0.528	0.00433
0.529	0.00433
0.529	0.00433
0.529	0.00433
0.53	0.00433
0.53	0.00433
0.53	0.00433
0.531	0.00433
0.531	0.00467
0.531	0.00467
0.531	0.00467
0.532	0.00467
0.532	0.00467
0.532	0.00467
0.533	0.00467
0.533	0.00467
0.533	0.00467
0.534	0.00467
0.534	0.00467
0.534	0.00467
0.535	0.00467
0.535	0.00467
0.535	0.00467
0.536	0.00467
0.536	0.00467
0.536	0.00467
0.537	0.00467
0.537	0.00467
0.537	0.00467
0.538	0.00467
0.538	0.00467
0.538	0.00467
0.539	0.00467
0.539	0.00467
0.539	0.00467
0.54	0.00467
0.54	0.00467
0.54	0.00467
0.541	0.00467
0.541	0.00467
0.541	0.00467
0.542	0.00467
0.542	0.00467
0.542	0.00467
0.543	0.00467
0.543	0.00467
0.543	0.00467
0.544	0.00467
0.544	0.00467
0.544	0.00467
0.545	0.00467
0.545	0.00467
0.545	0.00467
0.546	0.00467
0.546	0.00467
0.546	0.00467
0.547	0.00467
0.547	0.00467
0.547	0.00467
0.548	0.00467
0.548	0.00467
0.548	0.00467
0.549	0.00467
0.549	0.00467
0.549	0.00467
0.55	0.00467
0.55	0.00467
0.55	0.00467
0.551	0.00467
0.551	0.00467
0.551	0.00467
0.552	0.00467
0.552	0.00467
0.552	0.00467
0.553	0.00467
0.553	0.00467
0.553	0.00467
0.554	0.00467
0.554	0.00467
0.554	0.00467
0.554	0.005
0.555	0.005
0.555	0.005
0.555	0.005
0.556	0.005
0.556	0.005
0.556	0.005
0.557	0.005
0.557	0.005
0.557	0.005
0.558	0.005
0.558	0.005
0.558	0.005
0.559	0.005
0.559	0.005
0.559	0.005
0.56	0.005
0.56	0.005
0.56	0.005
0.561	0.005
0.561	0.005
0.561	0.005
0.562	0.005
0.562	0.005
0.562	0.005
0.563	0.005
0.563	0.005
0.563	0.005
0.564	0.005
0.564	0.005
0.564	0.005
0.565	0.005
0.565	0.005
0.565	0.005
0.566	0.005
0.566	0.005
0.566	0.005
0.567	0.005
0.567	0.005
0.567	0.005
0.568	0.005
0.568	0.005
0.568	0.005
0.569	0.005
0.569	0.005
0.569	0.005
0.57	0.005
0.57	0.005
0.57	0.005
0.571	0.005
0.571	0.005
0.571	0.005
0.572	0.005
0.572	0.005
0.572	0.005
0.573	0.005
0.573	0.005
0.573	0.005
0.574	0.005
0.574	0.005
0.574	0.005
0.575	0.005
0.575	0.005
0.575	0.005
0.576	0.005
0.576	0.005
0.576	0.005
0.577	0.005
0.577	0.005
0.577	0.005
0.578	0.005
0.578	0.005
0.578	0.005
0.579	0.005
0.579	0.005
0.579	0.005
0.58	0.005
0.58	0.005
0.58	0.005
0.581	0.005
0.581	0.005
0.581	0.005
0.582	0.005
0.582	0.005
0.582	0.00533
0.582	0.00533
0.583	0.00533
0.583	0.00533
0.583	0.00533
0.584	0.00533
0.584	0.00533
0.584	0.00533
0.584	0.00567
0.585	0.00567
0.585	0.00567
0.585	0.00567
0.586	0.00567
0.586	0.00567
0.586	0.00567
0.587	0.00567
0.587	0.00567
0.587	0.00567
0.588	0.00567
0.588	0.00567
0.588	0.00567
0.589	0.00567
0.589	0.00567
0.589	0.00567
0.59	0.00567
0.59	0.00567
0.59	0.00567
0.591	0.00567
0.591	0.00567
0.591	0.00567
0.592	0.00567
0.592	0.00567
0.592	0.00567
0.593	0.00567
0.593	0.00567
0.593	0.00567
0.594	0.00567
0.594	0.00567
0.594	0.00567
0.595	0.00567
0.595	0.00567
0.595	0.00567
0.596	0.00567
0.596	0.00567
0.596	0.00567
0.597	0.00567
0.597	0.00567
0.597	0.00567
0.598	0.00567
0.598	0.00567
0.598	0.00567
0.599	0.00567
0.599	0.00567
0.599	0.00567
0.6	0.00567
0.6	0.006
0.6	0.006
0.6	0.006
0.601	0.006
0.601	0.006
0.601	0.006
0.602	0.006
0.602	0.006
0.602	0.006
0.603	0.006
0.603	0.006
0.603	0.006
0.604	0.006
0.604	0.006
0.604	0.006
0.605	0.006
0.605	0.006
0.605	0.006
0.606	0.006
0.606	0.006
0.606	0.006
0.607	0.006
0.607	0.006
0.607	0.006
0.608	0.006
0.608	0.006
0.608	0.006
0.609	0.006
0.609	0.006
0.609	0.006
0.61	0.006
0.61	0.006
0.61	0.006
0.611	0.006
0.611	0.006
0.611	0.006
0.612	0.006
0.612	0.00633
0.612	0.00667
0.612	0.00667
0.612	0.00667
0.613	0.00667
0.613	0.00667
0.613	0.00667
0.614	0.00667
0.614	0.00667
0.614	0.00667
0.615	0.00667
0.615	0.007
0.615	0.007
0.615	0.007
0.616	0.007
0.616	0.007
0.616	0.007
0.617	0.007
0.617	0.007
0.617	0.007
0.618	0.007
0.618	0.007
0.618	0.007
0.619	0.007
0.619	0.007
0.619	0.007
0.62	0.007
0.62	0.007
0.62	0.007
0.621	0.007
0.621	0.007
0.621	0.007
0.622	0.007
0.622	0.007
0.622	0.007
0.623	0.007
0.623	0.007
0.623	0.007
0.624	0.007
0.624	0.007
0.624	0.007
0.625	0.007
0.625	0.00733
0.625	0.00733
0.625	0.00733
0.626	0.00733
0.626	0.00733
0.626	0.00733
0.627	0.00733
0.627	0.00733
0.627	0.00733
0.628	0.00733
0.628	0.00733
0.628	0.00733
0.629	0.00733
0.629	0.00733
0.629	0.00733
0.63	0.00733
0.63	0.00733
0.63	0.00733
0.631	0.00733
0.631	0.00733
0.631	0.00733
0.632	0.00733
0.632	0.00733
0.632	0.00733
0.632	0.00767
0.633	0.00767
0.633	0.00767
0.633	0.008
0.633	0.008
0.634	0.008
0.634	0.008
0.634	0.008
0.635	0.008
0.635	0.008
0.635	0.008
0.635	0.00833
0.636	0.00833
0.636	0.00833
0.636	0.00833
0.637	0.00833
0.637	0.00833
0.637	0.00833
0.638	0.00833
0.638	0.00833
0.638	0.00833
0.639	0.00833
0.639	0.00833
0.639	0.00833
0.64	0.00833
0.64	0.00833
0.64	0.00833
0.641	0.00833
0.641	0.00833
0.641	0.00833
0.642	0.00833
0.642	0.00833
0.642	0.00833
0.642	0.00867
0.643	0.00867
0.643	0.00867
0.643	0.00867
0.644	0.00867
0.644	0.00867
0.644	0.00867
0.645	0.00867
0.645	0.00867
0.645	0.00867
0.646	0.00867
0.646	0.00867
0.646	0.00867
0.647	0.00867
0.647	0.00867
0.647	0.00867
0.648	0.00867
0.648	0.00867
0.648	0.00867
0.649	0.00867
0.649	0.00867
0.649	0.00867
0.65	0.00867
0.65	0.00867
0.65	0.00867
0.651	0.00867
0.651	0.00867
0.651	0.00867
0.652	0.00867
0.652	0.00867
0.652	0.00867
0.653	0.00867
0.653	0.00867
0.653	0.00867
0.654	0.00867
0.654	0.00867
0.654	0.00867
0.655	0.00867
0.655	0.00867
0.655	0.00867
0.656	0.00867
0.656	0.00867
0.656	0.00867
0.657	0.00867
0.657	0.00867
0.657	0.00867
0.658	0.00867
0.658	0.00867
0.658	0.00867
0.659	0.00867
0.659	0.00867
0.659	0.00867
0.66	0.00867
0.66	0.00867
0.66	0.00867
0.661	0.00867
0.661	0.00867
0.661	0.00867
0.662	0.00867
0.662	0.00867
0.662	0.00867
0.663	0.00867
0.663	0.00867
0.663	0.009
0.663	0.009
0.663	0.00933
0.664	0.00933
0.664	0.00933
0.664	0.00933
0.665	0.00933
0.665	0.00967
0.665	0.00967
0.665	0.00967
0.666	0.00967
0.666	0.00967
0.666	0.00967
0.667	0.00967
0.667	0.00967
0.667	0.00967
0.668	0.00967
0.668	0.00967
0.668	0.00967
0.669	0.00967
0.669	0.00967
0.669	0.00967
0.67	0.00967
0.67	0.01
0.67	0.01
0.67	0.01
0.671	0.01
0.671	0.0103
0.671	0.0103
0.671	0.0103
0.672	0.0103
0.672	0.0103
0.672	0.0103
0.673	0.0103
0.673	0.0103
0.673	0.0103
0.674	0.0103
0.674	0.0103
0.674	0.0103
0.675	0.0103
0.675	0.0103
0.675	0.0107
0.675	0.0107
0.676	0.0107
0.676	0.0107
0.676	0.0107
0.677	0.0107
0.677	0.0107
0.677	0.0107
0.678	0.0107
0.678	0.0107
0.678	0.0107
0.679	0.0107
0.679	0.0107
0.679	0.0107
0.68	0.0107
0.68	0.0107
0.68	0.0107
0.681	0.0107
0.681	0.0107
0.681	0.0107
0.682	0.0107
0.682	0.0107
0.682	0.0107
0.683	0.0107
0.683	0.0107
0.683	0.0107
0.684	0.0107
0.684	0.0107
0.684	0.0107
0.685	0.0107
0.685	0.0107
0.685	0.0107
0.686	0.0107
0.686	0.011
0.686	0.011
0.686	0.011
0.687	0.011
0.687	0.011
0.687	0.0113
0.687	0.0113
0.688	0.0113
0.688	0.0113
0.688	0.0113
0.689	0.0113
0.689	0.0113
0.689	0.0113
0.69	0.0113
0.69	0.0113
0.69	0.0113
0.691	0.0113
0.691	0.0113
0.691	0.0113
0.692	0.0113
0.692	0.0113
0.692	0.0113
0.693	0.0113
0.693	0.0113
0.693	0.0113
0.694	0.0113
0.694	0.0113
0.694	0.0113
0.695	0.0113
0.695	0.0113
0.695	0.0113
0.696	0.0113
0.696	0.0113
0.696	0.0113
0.696	0.0117
0.697	0.0117
0.697	0.0117
0.697	0.0117
0.698	0.0117
0.698	0.012
0.698	0.012
0.698	0.012
0.699	0.012
0.699	0.012
0.699	0.0123
0.699	0.0123
0.7	0.0123
0.7	0.0123
0.7	0.0123
0.701	0.0123
0.701	0.0123
0.701	0.0127
0.701	0.0127
0.702	0.0127
0.702	0.0127
0.702	0.0127
0.703	0.0127
0.703	0.0127
0.703	0.0127
0.704	0.0127
0.704	0.0127
0.704	0.0127
0.705	0.0127
0.705	0.0127
0.705	0.0127
0.706	0.0127
0.706	0.0127
0.706	0.0127
0.707	0.0127
0.707	0.0127
0.707	0.0127
0.708	0.0127
0.708	0.0127
0.708	0.0127
0.709	0.0127
0.709	0.0127
0.709	0.0127
0.71	0.0127
0.71	0.0127
0.71	0.013
0.71	0.013
0.711	0.013
0.711	0.013
0.711	0.013
0.712	0.013
0.712	0.013
0.712	0.013
0.713	0.013
0.713	0.013
0.713	0.013
0.714	0.013
0.714	0.013
0.714	0.013
0.715	0.013
0.715	0.013
0.715	0.013
0.716	0.013
0.716	0.0133
0.716	0.0133
0.716	0.0137
0.716	0.0137
0.717	0.0137
0.717	0.0137
0.717	0.0137
0.718	0.0137
0.718	0.0137
0.718	0.0137
0.719	0.0137
0.719	0.014
0.719	0.014
0.719	0.014
0.72	0.014
0.72	0.014
0.72	0.014
0.721	0.014
0.721	0.014
0.721	0.0143
0.721	0.0143
0.722	0.0143
0.722	0.0143
0.722	0.0143
0.723	0.0143
0.723	0.0147
0.723	0.0147
0.723	0.0147
0.724	0.0147
0.724	0.0147
0.724	0.0147
0.725	0.0147
0.725	0.0147
0.725	0.0147
0.726	0.0147
0.726	0.0147
0.726	0.0147
0.727	0.0147
0.727	0.0147
0.727	0.0147
0.728	0.0147
0.728	0.015
0.728	0.015
0.728	0.015
0.729	0.015
0.729	0.015
0.729	0.015
0.73	0.015
0.73	0.015
0.73	0.015
0.731	0.015
0.731	0.015
0.731	0.015
0.732	0.015
0.732	0.015
0.732	0.015
0.733	0.015
0.733	0.015
0.733	0.015
0.734	0.015
0.734	0.015
0.734	0.015
0.735	0.015
0.735	0.015
0.735	0.015
0.736	0.015
0.736	0.015
0.736	0.015
0.737	0.015
0.737	0.015
0.737	0.015
0.738	0.015
0.738	0.015
0.738	0.015
0.739	0.015
0.739	0.015
0.739	0.015
0.74	0.015
0.74	0.015
0.74	0.015
0.741	0.015
0.741	0.015
0.741	0.015
0.742	0.015
0.742	0.015
0.742	0.015
0.743	0.015
0.743	0.015
0.743	0.015
0.743	0.0153
0.744	0.0153
0.744	0.0153
0.744	0.0153
0.745	0.0153
0.745	0.0153
0.745	0.0153
0.746	0.0153
0.746	0.0153
0.746	0.0157
0.746	0.016
0.746	0.016
0.747	0.016
0.747	0.016
0.747	0.016
0.748	0.016
0.748	0.016
0.748	0.016
0.749	0.016
0.749	0.016
0.749	0.016
0.75	0.016
0.75	0.016
0.75	0.0163
0.75	0.0163
0.751	0.0163
0.751	0.0163
0.751	0.0163
0.752	0.0163
0.752	0.0163
0.752	0.0163
0.753	0.0163
0.753	0.0163
0.753	0.0163
0.754	0.0163
0.754	0.0163
0.754	0.0163
0.755	0.0163
0.755	0.0163
0.755	0.0163
0.756	0.0163
0.756	0.0167
0.756	0.0167
0.756	0.0167
0.757	0.0167
0.757	0.0167
0.757	0.0167
0.758	0.0167
0.758	0.017
0.758	0.017
0.758	0.017
0.759	0.017
0.759	0.017
0.759	0.017
0.76	0.017
0.76	0.017
0.76	0.017
0.761	0.017
0.761	0.017
0.761	0.017
0.762	0.017
0.762	0.0173
0.762	0.0173
0.762	0.0173
0.763	0.0173
0.763	0.0177
0.763	0.018
0.763	0.0183
0.763	0.0183
0.763	0.0183
0.764	0.0183
0.764	0.0183
0.764	0.0183
0.765	0.0183
0.765	0.0183
0.765	0.0183
0.766	0.0183
0.766	0.0183
0.766	0.0183
0.767	0.0183
0.767	0.0183
0.767	0.0183
0.767	0.0187
0.768	0.0187
0.768	0.0187
0.768	0.0187
0.768	0.019
0.769	0.019
0.769	0.019
0.769	0.019
0.77	0.019
0.77	0.019
0.77	0.019
0.771	0.019
0.771	0.019
0.771	0.019
0.772	0.019
0.772	0.019
0.772	0.019
0.772	0.0193
0.773	0.0193
0.773	0.0193
0.773	0.0193
0.774	0.0193
0.774	0.0193
0.774	0.0193
0.774	0.0197
0.775	0.0197
0.775	0.0197
0.775	0.0197
0.776	0.0197
0.776	0.0197
0.776	0.0197
0.777	0.0197
0.777	0.0197
0.777	0.0197
0.778	0.0197
0.778	0.0197
0.778	0.0197
0.779	0.0197
0.779	0.0197
0.779	0.0197
0.779	0.02
0.78	0.02
0.78	0.02
0.78	0.02
0.781	0.02
0.781	0.0203
0.781	0.0207
0.781	0.0207
0.781	0.0207
0.782	0.0207
0.782	0.021
0.782	0.021
0.782	0.021
0.783	0.021
0.783	0.021
0.783	0.021
0.784	0.021
0.784	0.021
0.784	0.021
0.784	0.0213
0.785	0.0213
0.785	0.0213
0.785	0.0213
0.786	0.0213
0.786	0.0213
0.786	0.0213
0.787	0.0213
0.787	0.0213
0.787	0.0213
0.788	0.0213
0.788	0.0213
0.788	0.0217
0.788	0.022
0.788	0.022
0.789	0.022
0.789	0.022
0.789	0.022
0.79	0.022
0.79	0.022
0.79	0.022
0.791	0.022
0.791	0.022
0.791	0.022
0.792	0.022
0.792	0.022
0.792	0.022
0.793	0.022
0.793	0.0223
0.793	0.0223
0.793	0.0223
0.794	0.0223
0.794	0.0223
0.794	0.0227
0.794	0.0227
0.795	0.0227
0.795	0.0227
0.795	0.0227
0.795	0.023
0.796	0.023
0.796	0.023
0.796	0.023
0.796	0.0233
0.796	0.0237
0.797	0.0237
0.797	0.0237
0.797	0.0237
0.798	0.0237
0.798	0.0237
0.798	0.0237
0.799	0.0237
0.799	0.024
0.799	0.024
0.799	0.024
0.8	0.024
0.8	0.024
0.8	0.024
0.801	0.024
0.801	0.024
0.801	0.024
0.801	0.0243
0.802	0.0243
0.802	0.0243
0.802	0.0243
0.803	0.0243
0.803	0.0243
0.803	0.0243
0.804	0.0243
0.804	0.0247
0.804	0.0247
0.804	0.0247
0.805	0.0247
0.805	0.0247
0.805	0.0247
0.806	0.0247
0.806	0.0247
0.806	0.025
0.806	0.025
0.807	0.025
0.807	0.025
0.807	0.025
0.808	0.025
0.808	0.025
0.808	0.025
0.809	0.025
0.809	0.025
0.809	0.025
0.81	0.025
0.81	0.025
0.81	0.025
0.811	0.025
0.811	0.025
0.811	0.025
0.811	0.0253
0.812	0.0253
0.812	0.0253
0.812	0.0253
0.813	0.0253
0.813	0.0253
0.813	0.0253
0.813	0.0257
0.814	0.0257
0.814	0.0257
0.814	0.0257
0.815	0.0257
0.815	0.0257
0.815	0.0257
0.816	0.0257
0.816	0.0257
0.816	0.0257
0.817	0.0257
0.817	0.026
0.817	0.026
0.817	0.0263
0.817	0.0263
0.817	0.0267
0.817	0.027
0.818	0.027
0.818	0.027
0.818	0.027
0.819	0.027
0.819	0.027
0.819	0.0273
0.819	0.0277
0.819	0.0277
0.82	0.0277
0.82	0.0277
0.82	0.028
0.82	0.028
0.821	0.028
0.821	0.028
0.821	0.028
0.822	0.028
0.822	0.028
0.822	0.028
0.823	0.028
0.823	0.028
0.823	0.028
0.824	0.028
0.824	0.028
0.824	0.028
0.825	0.028
0.825	0.028
0.825	0.028
0.826	0.028
0.826	0.028
0.826	0.028
0.827	0.028
0.827	0.0283
0.827	0.0283
0.827	0.0283
0.828	0.0283
0.828	0.0283
0.828	0.0283
0.829	0.0283
0.829	0.0287
0.829	0.0287
0.829	0.0287
0.83	0.0287
0.83	0.0287
0.83	0.0287
0.831	0.0287
0.831	0.0287
0.831	0.0287
0.832	0.0287
0.832	0.0287
0.832	0.0287
0.833	0.0287
0.833	0.0287
0.833	0.0287
0.834	0.0287
0.834	0.0287
0.834	0.029
0.834	0.0293
0.834	0.0293
0.835	0.0293
0.835	0.0293
0.835	0.0293
0.836	0.0293
0.836	0.0297
0.836	0.0297
0.836	0.0297
0.837	0.0297
0.837	0.0297
0.837	0.0297
0.838	0.0297
0.838	0.0297
0.838	0.0297
0.839	0.0297
0.839	0.0297
0.839	0.0297
0.839	0.03
0.84	0.03
0.84	0.03
0.84	0.03
0.841	0.03
0.841	0.03
0.841	0.03
0.842	0.03
0.842	0.03
0.842	0.03
0.843	0.03
0.843	0.03
0.843	0.03
0.844	0.03
0.844	0.03
0.844	0.03
0.845	0.03
0.845	0.03
0.845	0.03
0.845	0.0303
0.846	0.0303
0.846	0.0303
0.846	0.0303
0.846	0.0307
0.847	0.0307
0.847	0.0307
0.847	0.031
0.847	0.031
0.848	0.031
0.848	0.0313
0.848	0.0313
0.848	0.0313
0.849	0.0313
0.849	0.0313
0.849	0.0313
0.85	0.0313
0.85	0.0317
0.85	0.0317
0.85	0.0317
0.85	0.032
0.85	0.0323
0.85	0.0327
0.851	0.0327
0.851	0.0327
0.851	0.0327
0.852	0.0327
0.852	0.0327
0.852	0.033
0.852	0.033
0.853	0.033
0.853	0.033
0.853	0.033
0.854	0.033
0.854	0.033
0.854	0.033
0.855	0.033
0.855	0.033
0.855	0.033
0.856	0.033
0.856	0.033
0.856	0.033
0.857	0.033
0.857	0.033
0.857	0.033
0.858	0.033
0.858	0.0333
0.858	0.0333
0.858	0.0333
0.859	0.0333
0.859	0.0337
0.859	0.034
0.859	0.034
0.859	0.034
0.859	0.0343
0.86	0.0343
0.86	0.0347
0.86	0.0347
0.86	0.0347
0.861	0.0347
0.861	0.0347
0.861	0.0347
0.861	0.035
0.862	0.035
0.862	0.035
0.862	0.035
0.863	0.035
0.863	0.0353
0.863	0.0357
0.863	0.036
0.863	0.0363
0.863	0.0367
0.863	0.037
0.863	0.0373
0.863	0.0377
0.863	0.0377
0.863	0.0377
0.864	0.0377
0.864	0.0377
0.864	0.038
0.864	0.038
0.864	0.0383
0.865	0.0383
0.865	0.0383
0.865	0.0383
0.865	0.0387
0.866	0.0387
0.866	0.0387
0.866	0.039
0.866	0.0393
0.866	0.0393
0.867	0.0393
0.867	0.0393
0.867	0.0397
0.867	0.04
0.867	0.04
0.868	0.04
0.868	0.04
0.868	0.0403
0.868	0.0403
0.869	0.0403
0.869	0.0407
0.869	0.0407
0.869	0.041
0.869	0.041
0.87	0.041
0.87	0.041
0.87	0.0413
0.87	0.0413
0.871	0.0413
0.871	0.0413
0.871	0.0413
0.871	0.0417
0.872	0.0417
0.872	0.0417
0.872	0.0417
0.873	0.0417
0.873	0.0417
0.873	0.042
0.873	0.0423
0.873	0.0423
0.873	0.0427
0.873	0.043
0.873	0.0433
0.873	0.0437
0.873	0.044
0.874	0.044
0.874	0.0443
0.874	0.0443
0.874	0.0443
0.875	0.0443
0.875	0.0443
0.875	0.0443
0.876	0.0443
0.876	0.0447
0.876	0.0447
0.876	0.0447
0.877	0.0447
0.877	0.0447
0.877	0.0447
0.877	0.045
0.878	0.045
0.878	0.045
0.878	0.045
0.879	0.045
0.879	0.0453
0.879	0.0453
0.879	0.0453
0.88	0.0453
0.88	0.0453
0.88	0.0457
0.88	0.046
0.88	0.046
0.881	0.046
0.881	0.0463
0.881	0.0463
0.881	0.0467
0.881	0.0467
0.882	0.0467
0.882	0.047
0.882	0.047
0.882	0.047
0.883	0.047
0.883	0.0473
0.883	0.0473
0.883	0.0473
0.883	0.0477
0.884	0.0477
0.884	0.0477
0.884	0.0477
0.884	0.048
0.885	0.048
0.885	0.048
0.885	0.048
0.886	0.048
0.886	0.0483
0.886	0.0483
0.886	0.0483
0.886	0.0487
0.887	0.0487
0.887	0.049
0.887	0.049
0.887	0.0493
0.887	0.0497
0.887	0.0497
0.887	0.05
0.887	0.0503
0.887	0.0507
0.888	0.0507
0.888	0.0507
0.888	0.0507
0.889	0.0507
0.889	0.051
0.889	0.0513
0.889	0.0513
0.889	0.0517
0.889	0.0517
0.89	0.0517
0.89	0.052
0.89	0.0523
0.89	0.0527
0.89	0.053
0.89	0.0533
0.89	0.0533
0.89	0.0533
0.891	0.0533
0.891	0.0537
0.891	0.054
0.891	0.054
0.891	0.0543
0.891	0.0543
0.891	0.0547
0.891	0.055
0.892	0.055
0.892	0.0553
0.892	0.0557
0.892	0.056
0.892	0.0563
0.892	0.0567
0.892	0.0567
0.892	0.057
0.892	0.0573
0.892	0.0577
0.892	0.0577
0.892	0.058
0.892	0.0583
0.893	0.0583
0.893	0.0587
0.893	0.059
0.893	0.0593
0.893	0.0593
0.893	0.0597
0.893	0.06
0.893	0.06
0.893	0.0603
0.893	0.0607
0.894	0.0607
0.894	0.061
0.894	0.0613
0.894	0.0613
0.894	0.0613
0.894	0.0617
0.894	0.062
0.894	0.0623
0.895	0.0623
0.895	0.0623
0.895	0.0623
0.896	0.0623
0.896	0.0627
0.896	0.063
0.896	0.0633
0.896	0.0633
0.896	0.0633
0.897	0.0633
0.897	0.0633
0.897	0.0637
0.897	0.064
0.897	0.064
0.898	0.064
0.898	0.064
0.898	0.064
0.898	0.0643
0.899	0.0643
0.899	0.0647
0.899	0.065
0.899	0.0653
0.899	0.0657
0.899	0.066
0.899	0.0663
0.899	0.0663
0.899	0.0663
0.899	0.0667
0.9	0.0667
0.9	0.067
0.9	0.067
0.9	0.0673
0.9	0.0677
0.9	0.0677
0.9	0.068
0.9	0.0683
0.9	0.0687
0.9	0.069
0.901	0.069
0.901	0.0693
0.901	0.0697
0.901	0.07
0.901	0.07
0.901	0.0703
0.901	0.0703
0.902	0.0703
0.902	0.0703
0.902	0.0707
0.902	0.0707
0.903	0.0707
0.903	0.0707
0.903	0.071
0.903	0.0713
0.903	0.0713
0.903	0.0717
0.904	0.0717
0.904	0.072
0.904	0.072
0.904	0.0723
0.904	0.0723
0.905	0.0723
0.905	0.0727
0.905	0.073
0.905	0.0733
0.905	0.0733
0.905	0.0737
0.905	0.0737
0.906	0.0737
0.906	0.0737
0.906	0.074
0.906	0.0743
0.906	0.0743
0.907	0.0743
0.907	0.0743
0.907	0.0747
0.907	0.0747
0.908	0.0747
0.908	0.075
0.908	0.075
0.908	0.075
0.908	0.0753
0.909	0.0753
0.909	0.0753
0.909	0.0757
0.909	0.076
0.909	0.0763
0.909	0.0763
0.91	0.0763
0.91	0.0767
0.91	0.0767
0.91	0.077
0.91	0.077
0.91	0.0773
0.911	0.0773
0.911	0.0773
0.911	0.0777
0.911	0.078
0.911	0.0783
0.911	0.0787
0.911	0.079
0.911	0.0793
0.911	0.0797
0.911	0.0797
0.911	0.08
0.911	0.0803
0.912	0.0803
0.912	0.0803
0.912	0.0803
0.912	0.0807
0.912	0.081
0.913	0.081
0.913	0.081
0.913	0.0813
0.913	0.0817
0.913	0.082
0.913	0.0823
0.913	0.0827
0.913	0.083
0.913	0.083
0.914	0.083
0.914	0.0833
0.914	0.0837
0.914	0.0837
0.914	0.084
0.914	0.0843
0.914	0.0843
0.914	0.0847
0.914	0.085
0.915	0.085
0.915	0.0853
0.915	0.0853
0.915	0.0853
0.915	0.0857
0.916	0.0857
0.916	0.0857
0.916	0.086
0.916	0.0863
0.916	0.0863
0.916	0.0867
0.917	0.0867
0.917	0.087
0.917	0.087
0.917	0.087
0.918	0.087
0.918	0.087
0.918	0.087
0.918	0.0873
0.918	0.0877
0.918	0.088
0.918	0.0883
0.918	0.0887
0.918	0.089
0.918	0.0893
0.918	0.0897
0.918	0.09
0.919	0.09
0.919	0.0903
0.919	0.0903
0.919	0.0903
0.92	0.0903
0.92	0.0907
0.92	0.0907
0.92	0.091
0.92	0.091
0.92	0.0913
0.921	0.0913
0.921	0.0917
0.921	0.092
0.921	0.092
0.921	0.092
0.922	0.092
0.922	0.0923
0.922	0.0927
0.922	0.0927
0.922	0.093
0.922	0.0933
0.922	0.0933
0.922	0.0937
0.922	0.094
0.923	0.094
0.923	0.0943
0.923	0.0943
0.923	0.0947
0.923	0.0947
0.923	0.095
0.923	0.0953
0.923	0.0957
0.924	0.0957
0.924	0.0957
0.924	0.0957
0.925	0.0957
0.925	0.096
0.925	0.0963
0.925	0.0967
0.925	0.097
0.925	0.097
0.925	0.097
0.926	0.097
0.926	0.0973
0.926	0.0977
0.926	0.0977
0.926	0.0977
0.927	0.0977
0.927	0.098
0.927	0.0983
0.927	0.0983
0.927	0.0983
0.927	0.0987
0.927	0.099
0.928	0.099
0.928	0.099
0.928	0.099
0.929	0.099
0.929	0.0993
0.929	0.0997
0.929	0.1
0.929	0.1
0.929	0.1
0.929	0.101
0.929	0.101
0.929	0.101
0.929	0.101
0.93	0.101
0.93	0.102
0.93	0.102
0.93	0.102
0.93	0.102
0.93	0.103
0.93	0.103
0.93	0.103
0.931	0.103
0.931	0.103
0.931	0.104
0.931	0.104
0.931	0.104
0.931	0.104
0.931	0.105
0.931	0.105
0.931	0.105
0.931	0.106
0.931	0.106
0.932	0.106
0.932	0.106
0.932	0.106
0.932	0.106
0.932	0.106
0.932	0.107
0.932	0.107
0.932	0.107
0.933	0.107
0.933	0.108
0.933	0.108
0.933	0.108
0.933	0.109
0.933	0.109
0.933	0.109
0.933	0.11
0.933	0.11
0.933	0.11
0.933	0.111
0.933	0.111
0.933	0.111
0.933	0.112
0.933	0.112
0.933	0.112
0.933	0.112
0.933	0.113
0.933	0.113
0.933	0.113
0.933	0.113
0.934	0.113
0.934	0.113
0.934	0.113
0.934	0.114
0.935	0.114
0.935	0.114
0.935	0.114
0.935	0.114
0.935	0.114
0.935	0.115
0.935	0.115
0.936	0.115
0.936	0.115
0.936	0.116
0.936	0.116
0.936	0.116
0.936	0.116
0.936	0.117
0.936	0.117
0.936	0.117
0.937	0.117
0.937	0.117
0.937	0.118
0.937	0.118
0.937	0.118
0.937	0.118
0.937	0.119
0.937	0.119
0.937	0.119
0.937	0.119
0.937	0.12
0.937	0.12
0.937	0.12
0.937	0.121
0.937	0.121
0.938	0.121
0.938	0.121
0.938	0.122
0.938	0.122
0.938	0.122
0.938	0.122
0.938	0.122
0.939	0.122
0.939	0.123
0.939	0.123
0.939	0.123
0.939	0.124
0.939	0.124
0.939	0.124
0.939	0.124
0.939	0.125
0.939	0.125
0.939	0.125
0.939	0.125
0.939	0.126
0.939	0.126
0.939	0.126
0.94	0.126
0.94	0.127
0.94	0.127
0.94	0.127
0.94	0.128
0.94	0.128
0.94	0.128
0.94	0.129
0.94	0.129
0.94	0.129
0.94	0.13
0.94	0.13
0.94	0.13
0.94	0.131
0.94	0.131
0.94	0.131
0.94	0.131
0.94	0.132
0.94	0.132
0.94	0.132
0.94	0.133
0.94	0.133
0.94	0.133
0.94	0.133
0.941	0.133
0.941	0.134
0.941	0.134
0.941	0.134
0.941	0.135
0.941	0.135
0.941	0.135
0.941	0.135
0.941	0.135
0.941	0.136
0.941	0.136
0.941	0.136
0.942	0.136
0.942	0.137
0.942	0.137
0.942	0.137
0.942	0.137
0.942	0.137
0.943	0.137
0.943	0.138
0.943	0.138
0.943	0.138
0.943	0.138
0.943	0.139
0.943	0.139
0.943	0.139
0.943	0.139
0.944	0.139
0.944	0.14
0.944	0.14
0.944	0.14
0.944	0.141
0.944	0.141
0.944	0.141
0.944	0.141
0.944	0.142
0.944	0.142
0.944	0.142
0.944	0.143
0.944	0.143
0.944	0.143
0.944	0.143
0.944	0.144
0.944	0.144
0.945	0.144
0.945	0.144
0.945	0.145
0.945	0.145
0.945	0.145
0.945	0.145
0.945	0.146
0.945	0.146
0.945	0.146
0.945	0.146
0.945	0.147
0.945	0.147
0.945	0.147
0.945	0.148
0.946	0.148
0.946	0.148
0.946	0.148
0.946	0.149
0.946	0.149
0.946	0.149
0.946	0.149
0.946	0.149
0.947	0.149
0.947	0.15
0.947	0.15
0.947	0.15
0.947	0.15
0.947	0.15
0.947	0.151
0.947	0.151
0.947	0.151
0.947	0.152
0.947	0.152
0.947	0.152
0.947	0.153
0.947	0.153
0.947	0.153
0.948	0.153
0.948	0.154
0.948	0.154
0.948	0.154
0.948	0.154
0.948	0.155
0.948	0.155
0.948	0.155
0.948	0.156
0.948	0.156
0.948	0.156
0.948	0.156
0.948	0.157
0.948	0.157
0.948	0.157
0.949	0.157
0.949	0.158
0.949	0.158
0.949	0.158
0.949	0.159
0.949	0.159
0.949	0.159
0.949	0.159
0.949	0.16
0.949	0.16
0.949	0.16
0.949	0.161
0.949	0.161
0.949	0.161
0.949	0.161
0.949	0.162
0.949	0.162
0.949	0.162
0.95	0.162
0.95	0.163
0.95	0.163
0.95	0.163
0.95	0.163
0.95	0.164
0.95	0.164
0.95	0.164
0.95	0.164
0.95	0.165
0.95	0.165
0.95	0.165
0.95	0.166
0.951	0.166
0.951	0.166
0.951	0.166
0.951	0.167
0.951	0.167
0.951	0.167
0.951	0.167
0.951	0.168
0.951	0.168
0.951	0.168
0.951	0.169
0.951	0.169
0.951	0.169
0.951	0.17
0.951	0.17
0.951	0.17
0.951	0.171
0.951	0.171
0.951	0.171
0.951	0.172
0.951	0.172
0.951	0.172
0.951	0.173
0.951	0.173
0.951	0.173
0.951	0.174
0.951	0.174
0.951	0.174
0.951	0.174
0.951	0.175
0.951	0.175
0.951	0.175
0.952	0.175
0.952	0.176
0.952	0.176
0.952	0.176
0.952	0.176
0.952	0.177
0.952	0.177
0.952	0.177
0.952	0.178
0.952	0.178
0.952	0.178
0.952	0.178
0.952	0.179
0.952	0.179
0.952	0.179
0.953	0.179
0.953	0.18
0.953	0.18
0.953	0.18
0.953	0.181
0.953	0.181
0.953	0.181
0.953	0.181
0.953	0.182
0.953	0.182
0.953	0.182
0.953	0.183
0.953	0.183
0.953	0.183
0.953	0.183
0.953	0.184
0.953	0.184
0.953	0.184
0.953	0.185
0.953	0.185
0.953	0.185
0.953	0.186
0.953	0.186
0.953	0.186
0.953	0.187
0.953	0.187
0.953	0.187
0.953	0.188
0.953	0.188
0.953	0.188
0.954	0.188
0.954	0.189
0.954	0.189
0.954	0.189
0.954	0.189
0.954	0.189
0.954	0.19
0.954	0.19
0.954	0.19
0.954	0.191
0.954	0.191
0.954	0.191
0.955	0.191
0.955	0.192
0.955	0.192
0.955	0.192
0.955	0.192
0.955	0.193
0.955	0.193
0.955	0.193
0.955	0.194
0.955	0.194
0.955	0.194
0.955	0.195
0.955	0.195
0.955	0.195
0.955	0.195
0.955	0.196
0.955	0.196
0.955	0.196
0.955	0.197
0.955	0.197
0.955	0.197
0.955	0.198
0.955	0.198
0.955	0.198
0.955	0.199
0.955	0.199
0.955	0.199
0.955	0.2
0.955	0.2
0.955	0.2
0.955	0.201
0.955	0.201
0.955	0.201
0.955	0.202
0.955	0.202
0.955	0.202
0.955	0.203
0.955	0.203
0.955	0.203
0.955	0.204
0.955	0.204
0.955	0.204
0.955	0.205
0.955	0.205
0.955	0.205
0.956	0.205
0.956	0.206
0.956	0.206
0.956	0.206
0.956	0.206
0.956	0.207
0.956	0.207
0.956	0.207
0.956	0.208
0.956	0.208
0.956	0.208
0.956	0.208
0.957	0.208
0.957	0.208
0.957	0.209
0.957	0.209
0.957	0.209
0.957	0.209
0.957	0.21
0.957	0.21
0.957	0.21
0.957	0.211
0.957	0.211
0.957	0.211
0.958	0.211
0.958	0.211
0.958	0.212
0.958	0.212
0.958	0.212
0.958	0.213
0.958	0.213
0.958	0.213
0.958	0.213
0.958	0.214
0.958	0.214
0.958	0.214
0.958	0.215
0.958	0.215
0.958	0.215
0.958	0.216
0.958	0.216
0.958	0.216
0.958	0.217
0.958	0.217
0.958	0.217
0.958	0.218
0.958	0.218
0.958	0.218
0.958	0.219
0.958	0.219
0.958	0.219
0.958	0.22
0.958	0.22
0.958	0.22
0.958	0.221
0.958	0.221
0.958	0.221
0.959	0.221
0.959	0.222
0.959	0.222
0.959	0.222
0.959	0.222
0.959	0.223
0.959	0.223
0.959	0.223
0.959	0.224
0.959	0.224
0.959	0.224
0.959	0.225
0.959	0.225
0.959	0.225
0.959	0.225
0.959	0.226
0.959	0.226
0.959	0.226
0.96	0.226
0.96	0.227
0.96	0.227
0.96	0.227
0.96	0.228
0.96	0.228
0.96	0.228
0.96	0.228
0.96	0.229
0.96	0.229
0.96	0.229
0.96	0.23
0.96	0.23
0.96	0.23
0.96	0.23
0.96	0.231
0.96	0.231
0.96	0.231
0.96	0.232
0.96	0.232
0.96	0.232
0.96	0.233
0.96	0.233
0.96	0.233
0.96	0.234
0.96	0.234
0.96	0.234
0.961	0.234
0.961	0.235
0.961	0.235
0.961	0.235
0.961	0.235
0.961	0.236
0.961	0.236
0.961	0.236
0.962	0.236
0.962	0.236
0.962	0.236
0.962	0.237
0.962	0.237
0.962	0.237
0.962	0.238
0.962	0.238
0.962	0.238
0.962	0.239
0.962	0.239
0.962	0.239
0.962	0.24
0.962	0.24
0.962	0.24
0.962	0.241
0.962	0.241
0.962	0.241
0.962	0.242
0.962	0.242
0.962	0.242
0.963	0.242
0.963	0.242
0.963	0.243
0.963	0.243
0.963	0.243
0.963	0.244
0.963	0.244
0.963	0.244
0.963	0.245
0.963	0.245
0.963	0.245
0.963	0.245
0.963	0.245
0.963	0.246
0.963	0.246
0.963	0.246
0.963	0.247
0.963	0.247
0.964	0.247
0.964	0.247
0.964	0.248
0.964	0.248
0.964	0.248
0.964	0.249
0.964	0.249
0.964	0.249
0.964	0.25
0.964	0.25
0.964	0.25
0.964	0.251
0.964	0.251
0.964	0.251
0.964	0.252
0.964	0.252
0.964	0.252
0.964	0.253
0.964	0.253
0.964	0.253
0.964	0.254
0.964	0.254
0.964	0.254
0.964	0.255
0.964	0.255
0.964	0.255
0.964	0.256
0.964	0.256
0.964	0.256
0.964	0.257
0.964	0.257
0.964	0.257
0.964	0.258
0.964	0.258
0.964	0.258
0.964	0.258
0.964	0.259
0.964	0.259
0.964	0.259
0.964	0.26
0.964	0.26
0.964	0.26
0.964	0.26
0.964	0.261
0.964	0.261
0.964	0.261
0.964	0.262
0.964	0.262
0.964	0.262
0.964	0.263
0.964	0.263
0.964	0.263
0.965	0.263
0.965	0.264
0.965	0.264
0.965	0.264
0.965	0.265
0.965	0.265
0.965	0.265
0.965	0.265
0.965	0.266
0.965	0.266
0.965	0.266
0.965	0.267
0.965	0.267
0.965	0.267
0.965	0.268
0.965	0.268
0.965	0.268
0.965	0.269
0.965	0.269
0.965	0.269
0.965	0.27
0.965	0.27
0.965	0.27
0.965	0.271
0.965	0.271
0.965	0.271
0.965	0.272
0.965	0.272
0.965	0.272
0.965	0.273
0.965	0.273
0.965	0.273
0.965	0.274
0.965	0.274
0.965	0.274
0.965	0.275
0.965	0.275
0.965	0.275
0.965	0.276
0.965	0.276
0.965	0.276
0.965	0.277
0.965	0.277
0.965	0.277
0.965	0.278
0.965	0.278
0.965	0.278
0.965	0.279
0.965	0.279
0.965	0.279
0.965	0.28
0.965	0.28
0.965	0.28
0.965	0.281
0.965	0.281
0.965	0.281
0.965	0.281
0.965	0.282
0.965	0.282
0.965	0.282
0.965	0.283
0.965	0.283
0.965	0.283
0.965	0.284
0.965	0.284
0.965	0.284
0.965	0.285
0.965	0.285
0.965	0.285
0.965	0.286
0.966	0.286
0.966	0.286
0.966	0.286
0.966	0.287
0.966	0.287
0.966	0.287
0.966	0.288
0.966	0.288
0.966	0.288
0.966	0.289
0.966	0.289
0.966	0.289
0.966	0.29
0.966	0.29
0.966	0.29
0.966	0.291
0.966	0.291
0.966	0.291
0.966	0.292
0.966	0.292
0.966	0.292
0.966	0.293
0.966	0.293
0.966	0.293
0.966	0.294
0.966	0.294
0.966	0.294
0.966	0.295
0.966	0.295
0.966	0.295
0.966	0.295
0.966	0.295
0.966	0.296
0.966	0.296
0.966	0.296
0.966	0.297
0.966	0.297
0.966	0.297
0.966	0.298
0.966	0.298
0.966	0.298
0.966	0.299
0.966	0.299
0.966	0.299
0.966	0.3
0.966	0.3
0.966	0.3
0.966	0.301
0.966	0.301
0.966	0.301
0.966	0.302
0.967	0.302
0.967	0.302
0.967	0.302
0.967	0.303
0.967	0.303
0.967	0.303
0.967	0.304
0.967	0.304
0.967	0.304
0.967	0.305
0.967	0.305
0.967	0.305
0.967	0.306
0.967	0.306
0.967	0.306
0.967	0.307
0.967	0.307
0.967	0.307
0.967	0.308
0.967	0.308
0.967	0.308
0.967	0.308
0.967	0.309
0.967	0.309
0.967	0.309
0.967	0.309
0.967	0.31
0.967	0.31
0.967	0.31
0.967	0.311
0.967	0.311
0.967	0.311
0.967	0.312
0.967	0.312
0.967	0.312
0.968	0.312
0.968	0.313
0.968	0.313
0.968	0.313
0.968	0.313
0.968	0.314
0.968	0.314
0.968	0.314
0.968	0.315
0.968	0.315
0.968	0.315
0.968	0.316
0.968	0.316
0.968	0.316
0.968	0.316
0.968	0.317
0.968	0.317
0.968	0.317
0.968	0.318
0.968	0.318
0.968	0.318
0.968	0.319
0.969	0.319
0.969	0.319
0.969	0.319
0.969	0.32
0.969	0.32
0.969	0.32
0.969	0.321
0.969	0.321
0.969	0.321
0.969	0.322
0.969	0.322
0.969	0.322
0.969	0.323
0.969	0.323
0.969	0.323
0.969	0.323
0.969	0.324
0.969	0.324
0.969	0.324
0.969	0.325
0.969	0.325
0.969	0.325
0.969	0.326
0.969	0.326
0.969	0.326
0.969	0.327
0.969	0.327
0.969	0.327
0.969	0.328
0.969	0.328
0.969	0.328
0.969	0.329
0.969	0.329
0.969	0.329
0.969	0.33
0.969	0.33
0.969	0.33
0.969	0.331
0.969	0.331
0.969	0.331
0.969	0.332
0.969	0.332
0.969	0.332
0.969	0.333
0.969	0.333
0.969	0.333
0.969	0.334
0.969	0.334
0.969	0.334
0.969	0.335
0.969	0.335
0.969	0.335
0.969	0.336
0.969	0.336
0.969	0.336
0.969	0.337
0.969	0.337
0.969	0.337
0.969	0.338
0.969	0.338
0.969	0.338
0.969	0.338
0.969	0.339
0.969	0.339
0.969	0.339
0.969	0.34
0.969	0.34
0.969	0.34
0.969	0.341
0.969	0.341
0.97	0.341
0.97	0.341
0.97	0.342
0.97	0.342
0.97	0.342
0.97	0.343
0.97	0.343
0.97	0.343
0.97	0.344
0.97	0.344
0.97	0.344
0.97	0.345
0.97	0.345
0.97	0.345
0.97	0.346
0.97	0.346
0.97	0.346
0.97	0.347
0.97	0.347
0.97	0.347
0.97	0.348
0.97	0.348
0.97	0.348
0.97	0.349
0.97	0.349
0.97	0.349
0.97	0.349
0.97	0.349
0.97	0.35
0.97	0.35
0.97	0.35
0.97	0.351
0.97	0.351
0.97	0.351
0.97	0.352
0.97	0.352
0.971	0.352
0.971	0.352
0.971	0.353
0.971	0.353
0.971	0.353
0.971	0.354
0.971	0.354
0.971	0.354
0.971	0.355
0.971	0.355
0.971	0.355
0.971	0.356
0.971	0.356
0.971	0.356
0.971	0.357
0.971	0.357
0.971	0.357
0.971	0.358
0.971	0.358
0.971	0.358
0.971	0.359
0.971	0.359
0.971	0.359
0.971	0.359
0.971	0.36
0.971	0.36
0.971	0.36
0.971	0.361
0.971	0.361
0.971	0.361
0.971	0.362
0.971	0.362
0.971	0.362
0.971	0.363
0.971	0.363
0.971	0.363
0.971	0.363
0.971	0.364
0.971	0.364
0.971	0.364
0.971	0.365
0.971	0.365
0.971	0.365
0.972	0.365
0.972	0.366
0.972	0.366
0.972	0.366
0.972	0.367
0.972	0.367
0.972	0.367
0.972	0.367
0.972	0.368
0.972	0.368
0.972	0.368
0.972	0.369
0.972	0.369
0.972	0.369
0.972	0.37
0.972	0.37
0.972	0.37
0.972	0.371
0.972	0.371
0.972	0.371
0.972	0.371
0.972	0.372
0.972	0.372
0.972	0.372
0.972	0.373
0.972	0.373
0.972	0.373
0.972	0.374
0.972	0.374
0.972	0.374
0.972	0.375
0.972	0.375
0.972	0.375
0.972	0.376
0.972	0.376
0.972	0.376
0.972	0.377
0.972	0.377
0.972	0.377
0.972	0.378
0.972	0.378
0.972	0.378
0.972	0.379
0.972	0.379
0.972	0.379
0.972	0.38
0.972	0.38
0.972	0.38
0.972	0.381
0.972	0.381
0.972	0.381
0.972	0.382
0.972	0.382
0.972	0.382
0.972	0.383
0.972	0.383
0.972	0.383
0.973	0.383
0.973	0.384
0.973	0.384
0.973	0.384
0.973	0.385
0.973	0.385
0.973	0.385
0.973	0.385
0.973	0.386
0.973	0.386
0.973	0.386
0.973	0.386
0.973	0.387
0.973	0.387
0.973	0.387
0.973	0.388
0.973	0.388
0.973	0.388
0.973	0.389
0.973	0.389
0.973	0.389
0.973	0.39
0.973	0.39
0.973	0.39
0.974	0.39
0.974	0.391
0.974	0.391
0.974	0.391
0.974	0.392
0.974	0.392
0.974	0.392
0.974	0.393
0.974	0.393
0.974	0.393
0.974	0.394
0.974	0.394
0.974	0.394
0.974	0.395
0.974	0.395
0.974	0.395
0.974	0.396
0.974	0.396
0.974	0.396
0.974	0.397
0.974	0.397
0.974	0.397
0.974	0.398
0.974	0.398
0.974	0.398
0.974	0.399
0.974	0.399
0.974	0.399
0.974	0.4
0.974	0.4
0.974	0.4
0.974	0.401
0.974	0.401
0.974	0.401
0.974	0.401
0.974	0.402
0.974	0.402
0.974	0.402
0.974	0.403
0.974	0.403
0.974	0.403
0.974	0.404
0.974	0.404
0.974	0.404
0.974	0.405
0.974	0.405
0.974	0.405
0.974	0.406
0.974	0.406
0.974	0.406
0.975	0.406
0.975	0.406
0.975	0.406
0.975	0.407
0.975	0.407
0.975	0.407
0.975	0.408
0.975	0.408
0.975	0.408
0.975	0.409
0.975	0.409
0.975	0.409
0.975	0.409
0.975	0.41
0.975	0.41
0.976	0.41
0.976	0.41
0.976	0.411
0.976	0.411
0.976	0.411
0.976	0.412
0.976	0.412
0.976	0.412
0.976	0.413
0.976	0.413
0.976	0.413
0.976	0.414
0.976	0.414
0.976	0.414
0.976	0.415
0.976	0.415
0.976	0.415
0.976	0.416
0.976	0.416
0.976	0.416
0.976	0.417
0.976	0.417
0.976	0.417
0.976	0.418
0.976	0.418
0.976	0.418
0.976	0.419
0.976	0.419
0.976	0.419
0.976	0.42
0.976	0.42
0.976	0.42
0.976	0.421
0.976	0.421
0.976	0.421
0.976	0.422
0.976	0.422
0.976	0.422
0.976	0.423
0.976	0.423
0.976	0.423
0.976	0.424
0.976	0.424
0.976	0.424
0.976	0.424
0.976	0.425
0.976	0.425
0.976	0.425
0.976	0.425
0.976	0.426
0.976	0.426
0.976	0.426
0.976	0.427
0.977	0.427
0.977	0.427
0.977	0.427
0.977	0.428
0.977	0.428
0.977	0.428
0.977	0.429
0.977	0.429
0.977	0.429
0.977	0.429
0.977	0.43
0.977	0.43
0.977	0.43
0.977	0.431
0.977	0.431
0.977	0.431
0.977	0.432
0.977	0.432
0.977	0.432
0.977	0.433
0.977	0.433
0.977	0.433
0.977	0.434
0.977	0.434
0.977	0.434
0.977	0.435
0.977	0.435
0.977	0.435
0.977	0.435
0.977	0.436
0.977	0.436
0.977	0.436
0.977	0.437
0.977	0.437
0.977	0.437
0.977	0.438
0.977	0.438
0.977	0.438
0.977	0.439
0.977	0.439
0.977	0.439
0.977	0.44
0.977	0.44
0.977	0.44
0.977	0.441
0.978	0.441
0.978	0.441
0.978	0.441
0.978	0.441
0.978	0.442
0.978	0.442
0.978	0.442
0.978	0.442
0.978	0.443
0.978	0.443
0.978	0.443
0.978	0.444
0.978	0.444
0.978	0.444
0.978	0.445
0.979	0.445
0.979	0.445
0.979	0.445
0.979	0.446
0.979	0.446
0.979	0.446
0.979	0.447
0.979	0.447
0.979	0.447
0.979	0.448
0.979	0.448
0.979	0.448
0.979	0.449
0.979	0.449
0.979	0.449
0.979	0.45
0.979	0.45
0.979	0.45
0.979	0.451
0.979	0.451
0.979	0.451
0.979	0.452
0.979	0.452
0.979	0.452
0.979	0.453
0.979	0.453
0.979	0.453
0.979	0.454
0.979	0.454
0.979	0.454
0.979	0.455
0.979	0.455
0.979	0.455
0.979	0.456
0.979	0.456
0.979	0.456
0.979	0.457
0.979	0.457
0.979	0.457
0.979	0.457
0.979	0.458
0.979	0.458
0.979	0.458
0.979	0.459
0.979	0.459
0.979	0.459
0.979	0.46
0.979	0.46
0.979	0.46
0.979	0.461
0.979	0.461
0.979	0.461
0.979	0.462
0.979	0.462
0.979	0.462
0.979	0.463
0.979	0.463
0.979	0.463
0.979	0.464
0.979	0.464
0.979	0.464
0.979	0.465
0.979	0.465
0.979	0.465
0.979	0.465
0.979	0.466
0.979	0.466
0.979	0.466
0.979	0.467
0.98	0.467
0.98	0.467
0.98	0.467
0.98	0.467
0.98	0.468
0.98	0.468
0.98	0.468
0.98	0.468
0.98	0.469
0.98	0.469
0.98	0.469
0.98	0.47
0.98	0.47
0.98	0.47
0.98	0.471
0.98	0.471
0.98	0.471
0.98	0.472
0.98	0.472
0.98	0.472
0.98	0.473
0.98	0.473
0.98	0.473
0.98	0.474
0.98	0.474
0.98	0.474
0.98	0.475
0.98	0.475
0.98	0.475
0.98	0.476
0.98	0.476
0.98	0.476
0.98	0.477
0.981	0.477
0.981	0.477
0.981	0.477
0.981	0.478
0.981	0.478
0.981	0.478
0.981	0.478
0.981	0.478
0.981	0.479
0.981	0.479
0.981	0.479
0.982	0.479
0.982	0.48
0.982	0.48
0.982	0.48
0.982	0.481
0.982	0.481
0.982	0.481
0.982	0.482
0.982	0.482
0.982	0.482
0.982	0.483
0.982	0.483
0.982	0.483
0.982	0.484
0.982	0.484
0.982	0.484
0.982	0.484
0.982	0.485
0.982	0.485
0.982	0.485
0.982	0.486
0.982	0.486
0.982	0.486
0.982	0.486
0.982	0.487
0.982	0.487
0.982	0.487
0.982	0.488
0.982	0.488
0.982	0.488
0.982	0.489
0.982	0.489
0.982	0.489
0.982	0.49
0.982	0.49
0.982	0.49
0.982	0.491
0.982	0.491
0.982	0.491
0.982	0.492
0.982	0.492
0.982	0.492
0.983	0.492
0.983	0.493
0.983	0.493
0.983	0.493
0.983	0.494
0.983	0.494
0.983	0.494
0.983	0.495
0.983	0.495
0.983	0.495
0.983	0.496
0.983	0.496
0.983	0.496
0.983	0.497
0.983	0.497
0.983	0.497
0.983	0.498
0.983	0.498
0.983	0.498
0.983	0.499
0.983	0.499
0.983	0.499
0.983	0.499
0.983	0.5
0.983	0.5
0.983	0.5
0.983	0.501
0.983	0.501
0.983	0.501
0.983	0.502
0.983	0.502
0.983	0.502
0.983	0.503
0.983	0.503
0.983	0.503
0.983	0.503
0.983	0.504
0.984	0.504
0.984	0.504
0.984	0.504
0.984	0.505
0.984	0.505
0.984	0.505
0.984	0.506
0.984	0.506
0.984	0.506
0.984	0.507
0.984	0.507
0.984	0.507
0.984	0.508
0.984	0.508
0.984	0.508
0.984	0.509
0.984	0.509
0.984	0.509
0.984	0.51
0.984	0.51
0.984	0.51
0.984	0.511
0.984	0.511
0.984	0.511
0.984	0.512
0.984	0.512
0.984	0.512
0.984	0.513
0.984	0.513
0.984	0.513
0.984	0.514
0.984	0.514
0.984	0.514
0.984	0.515
0.984	0.515
0.984	0.515
0.984	0.516
0.984	0.516
0.984	0.516
0.984	0.517
0.984	0.517
0.984	0.517
0.984	0.518
0.984	0.518
0.984	0.518
0.984	0.518
0.984	0.519
0.984	0.519
0.984	0.519
0.984	0.52
0.984	0.52
0.984	0.52
0.984	0.521
0.984	0.521
0.984	0.521
0.984	0.522
0.984	0.522
0.984	0.522
0.984	0.523
0.984	0.523
0.984	0.523
0.984	0.524
0.984	0.524
0.984	0.524
0.984	0.524
0.984	0.525
0.984	0.525
0.984	0.525
0.984	0.526
0.984	0.526
0.984	0.526
0.984	0.527
0.984	0.527
0.984	0.527
0.984	0.528
0.985	0.528
0.985	0.528
0.985	0.528
0.985	0.529
0.985	0.529
0.985	0.529
0.985	0.53
0.985	0.53
0.985	0.53
0.985	0.531
0.985	0.531
0.985	0.531
0.985	0.532
0.985	0.532
0.985	0.532
0.985	0.533
0.985	0.533
0.985	0.533
0.985	0.534
0.985	0.534
0.985	0.534
0.985	0.534
0.985	0.535
0.985	0.535
0.985	0.535
0.985	0.536
0.985	0.536
0.985	0.536
0.985	0.537
0.985	0.537
0.985	0.537
0.985	0.538
0.985	0.538
0.985	0.538
0.985	0.539
0.985	0.539
0.985	0.539
0.985	0.539
0.985	0.54
0.985	0.54
0.985	0.54
0.985	0.541
0.985	0.541
0.985	0.541
0.985	0.542
0.985	0.542
0.985	0.542
0.985	0.543
0.985	0.543
0.985	0.543
0.985	0.544
0.985	0.544
0.985	0.544
0.985	0.545
0.985	0.545
0.985	0.545
0.985	0.546
0.985	0.546
0.986	0.546
0.986	0.546
0.986	0.547
0.986	0.547
0.986	0.547
0.986	0.548
0.986	0.548
0.986	0.548
0.986	0.549
0.986	0.549
0.986	0.549
0.986	0.55
0.986	0.55
0.986	0.55
0.986	0.551
0.986	0.551
0.986	0.551
0.986	0.551
0.986	0.552
0.986	0.552
0.986	0.552
0.986	0.553
0.986	0.553
0.986	0.553
0.986	0.554
0.986	0.554
0.986	0.554
0.986	0.555
0.986	0.555
0.986	0.555
0.987	0.555
0.987	0.555
0.987	0.556
0.987	0.556
0.987	0.556
0.987	0.556
0.987	0.557
0.987	0.557
0.987	0.557
0.987	0.557
0.987	0.558
0.987	0.558
0.987	0.558
0.987	0.559
0.987	0.559
0.987	0.559
0.987	0.56
0.987	0.56
0.987	0.56
0.987	0.561
0.987	0.561
0.987	0.561
0.987	0.562
0.987	0.562
0.987	0.562
0.987	0.563
0.988	0.563
0.988	0.563
0.988	0.563
0.988	0.563
0.988	0.564
0.988	0.564
0.988	0.564
0.988	0.564
0.988	0.565
0.988	0.565
0.988	0.565
0.989	0.565
0.989	0.566
0.989	0.566
0.989	0.566
0.989	0.567
0.989	0.567
0.989	0.567
0.989	0.568
0.989	0.568
0.989	0.568
0.989	0.569
0.989	0.569
0.989	0.569
0.989	0.57
0.989	0.57
0.989	0.57
0.989	0.571
0.989	0.571
0.989	0.571
0.989	0.571
0.989	0.572
0.989	0.572
0.989	0.572
0.989	0.573
0.989	0.573
0.989	0.573
0.989	0.574
0.989	0.574
0.989	0.574
0.989	0.575
0.989	0.575
0.989	0.575
0.989	0.576
0.989	0.576
0.989	0.576
0.989	0.577
0.989	0.577
0.989	0.577
0.989	0.578
0.989	0.578
0.989	0.578
0.989	0.579
0.989	0.579
0.989	0.579
0.989	0.58
0.989	0.58
0.989	0.58
0.989	0.581
0.989	0.581
0.989	0.581
0.989	0.582
0.989	0.582
0.989	0.582
0.989	0.583
0.989	0.583
0.989	0.583
0.989	0.583
0.99	0.583
0.99	0.584
0.99	0.584
0.99	0.584
0.99	0.585
0.99	0.585
0.99	0.585
0.99	0.586
0.99	0.586
0.99	0.586
0.99	0.587
0.99	0.587
0.99	0.587
0.99	0.588
0.99	0.588
0.99	0.588
0.99	0.589
0.99	0.589
0.99	0.589
0.99	0.59
0.99	0.59
0.99	0.59
0.99	0.591
0.99	0.591
0.99	0.591
0.99	0.592
0.99	0.592
0.99	0.592
0.99	0.593
0.99	0.593
0.99	0.593
0.99	0.594
0.99	0.594
0.99	0.594
0.99	0.595
0.99	0.595
0.99	0.595
0.99	0.596
0.99	0.596
0.99	0.596
0.99	0.597
0.99	0.597
0.99	0.597
0.99	0.598
0.99	0.598
0.99	0.598
0.99	0.599
0.99	0.599
0.99	0.599
0.99	0.6
0.99	0.6
0.99	0.6
0.99	0.601
0.99	0.601
0.99	0.601
0.99	0.602
0.99	0.602
0.99	0.602
0.99	0.602
0.99	0.603
0.99	0.603
0.99	0.603
0.99	0.604
0.99	0.604
0.99	0.604
0.99	0.605
0.99	0.605
0.99	0.605
0.99	0.605
0.99	0.606
0.99	0.606
0.99	0.606
0.99	0.607
0.99	0.607
0.99	0.607
0.99	0.608
0.99	0.608
0.99	0.608
0.99	0.609
0.99	0.609
0.99	0.609
0.991	0.609
0.991	0.61
0.991	0.61
0.991	0.61
0.991	0.611
0.991	0.611
0.991	0.611
0.991	0.611
0.991	0.612
0.991	0.612
0.991	0.612
0.991	0.613
0.991	0.613
0.991	0.613
0.991	0.614
0.991	0.614
0.991	0.614
0.991	0.615
0.991	0.615
0.991	0.615
0.991	0.616
0.991	0.616
0.991	0.616
0.991	0.617
0.991	0.617
0.991	0.617
0.991	0.618
0.991	0.618
0.991	0.618
0.991	0.619
0.991	0.619
0.991	0.619
0.991	0.62
0.991	0.62
0.991	0.62
0.991	0.62
0.991	0.621
0.991	0.621
0.991	0.621
0.991	0.622
0.991	0.622
0.991	0.622
0.991	0.623
0.991	0.623
0.991	0.623
0.991	0.624
0.991	0.624
0.991	0.624
0.991	0.625
0.991	0.625
0.991	0.625
0.991	0.626
0.991	0.626
0.991	0.626
0.991	0.627
0.991	0.627
0.991	0.627
0.991	0.628
0.991	0.628
0.991	0.628
0.991	0.629
0.991	0.629
0.991	0.629
0.991	0.63
0.991	0.63
0.991	0.63
0.991	0.631
0.991	0.631
0.991	0.631
0.991	0.632
0.991	0.632
0.991	0.632
0.991	0.633
0.991	0.633
0.991	0.633
0.991	0.634
0.991	0.634
0.991	0.634
0.991	0.635
0.991	0.635
0.991	0.635
0.991	0.636
0.991	0.636
0.991	0.636
0.991	0.637
0.991	0.637
0.991	0.637
0.991	0.638
0.991	0.638
0.991	0.638
0.991	0.639
0.991	0.639
0.991	0.639
0.991	0.64
0.991	0.64
0.991	0.64
0.991	0.641
0.991	0.641
0.991	0.641
0.991	0.642
0.991	0.642
0.991	0.642
0.991	0.643
0.991	0.643
0.991	0.643
0.991	0.644
0.991	0.644
0.991	0.644
0.991	0.645
0.991	0.645
0.991	0.645
0.991	0.646
0.991	0.646
0.991	0.646
0.991	0.647
0.991	0.647
0.991	0.647
0.991	0.648
0.991	0.648
0.991	0.648
0.991	0.649
0.991	0.649
0.991	0.649
0.991	0.65
0.991	0.65
0.991	0.65
0.991	0.651
0.991	0.651
0.991	0.651
0.991	0.652
0.991	0.652
0.991	0.652
0.991	0.653
0.991	0.653
0.991	0.653
0.991	0.654
0.991	0.654
0.991	0.654
0.991	0.655
0.991	0.655
0.991	0.655
0.991	0.656
0.991	0.656
0.991	0.656
0.991	0.657
0.991	0.657
0.991	0.657
0.991	0.658
0.992	0.658
0.992	0.658
0.992	0.658
0.992	0.659
0.992	0.659
0.992	0.659
0.992	0.66
0.992	0.66
0.992	0.66
0.992	0.661
0.992	0.661
0.992	0.661
0.992	0.662
0.992	0.662
0.992	0.662
0.992	0.663
0.992	0.663
0.992	0.663
0.992	0.664
0.992	0.664
0.992	0.664
0.992	0.665
0.992	0.665
0.992	0.665
0.992	0.666
0.992	0.666
0.992	0.666
0.992	0.667
0.992	0.667
0.992	0.667
0.992	0.668
0.992	0.668
0.992	0.668
0.992	0.669
0.992	0.669
0.992	0.669
0.992	0.67
0.992	0.67
0.992	0.67
0.992	0.671
0.992	0.671
0.992	0.671
0.992	0.672
0.992	0.672
0.992	0.672
0.992	0.673
0.992	0.673
0.992	0.673
0.992	0.674
0.992	0.674
0.992	0.674
0.992	0.675
0.992	0.675
0.992	0.675
0.992	0.676
0.992	0.676
0.992	0.676
0.992	0.677
0.992	0.677
0.992	0.677
0.992	0.678
0.992	0.678
0.992	0.678
0.992	0.679
0.992	0.679
0.992	0.679
0.992	0.68
0.992	0.68
0.992	0.68
0.992	0.681
0.992	0.681
0.992	0.681
0.992	0.682
0.992	0.682
0.992	0.682
0.992	0.683
0.992	0.683
0.992	0.683
0.992	0.684
0.992	0.684
0.992	0.684
0.992	0.685
0.992	0.685
0.992	0.685
0.992	0.686
0.992	0.686
0.992	0.686
0.992	0.687
0.992	0.687
0.992	0.687
0.992	0.688
0.992	0.688
0.992	0.688
0.992	0.689
0.992	0.689
0.992	0.689
0.992	0.689
0.992	0.69
0.992	0.69
0.992	0.69
0.992	0.691
0.992	0.691
0.992	0.691
0.992	0.692
0.992	0.692
0.992	0.692
0.992	0.693
0.992	0.693
0.992	0.693
0.992	0.693
0.992	0.694
0.992	0.694
0.992	0.694
0.992	0.695
0.992	0.695
0.992	0.695
0.992	0.696
0.992	0.696
0.992	0.696
0.992	0.697
0.992	0.697
0.992	0.697
0.992	0.698
0.992	0.698
0.992	0.698
0.992	0.699
0.992	0.699
0.992	0.699
0.992	0.7
0.992	0.7
0.992	0.7
0.992	0.701
0.992	0.701
0.992	0.701
0.993	0.701
0.993	0.702
0.993	0.702
0.993	0.702
0.993	0.703
0.993	0.703
0.993	0.703
0.993	0.704
0.993	0.704
0.993	0.704
0.993	0.705
0.993	0.705
0.993	0.705
0.993	0.706
0.993	0.706
0.993	0.706
0.993	0.707
0.993	0.707
0.993	0.707
0.993	0.707
0.993	0.708
0.993	0.708
0.993	0.708
0.993	0.709
0.993	0.709
0.993	0.709
0.993	0.71
0.993	0.71
0.993	0.71
0.993	0.711
0.993	0.711
0.993	0.711
0.993	0.712
0.993	0.712
0.993	0.712
0.993	0.713
0.993	0.713
0.993	0.713
0.993	0.714
0.993	0.714
0.993	0.714
0.993	0.715
0.993	0.715
0.993	0.715
0.993	0.716
0.993	0.716
0.993	0.716
0.993	0.717
0.993	0.717
0.993	0.717
0.993	0.718
0.993	0.718
0.993	0.718
0.993	0.719
0.993	0.719
0.993	0.719
0.993	0.72
0.993	0.72
0.993	0.72
0.993	0.721
0.993	0.721
0.993	0.721
0.993	0.722
0.993	0.722
0.993	0.722
0.993	0.723
0.993	0.723
0.993	0.723
0.993	0.724
0.993	0.724
0.993	0.724
0.993	0.725
0.993	0.725
0.993	0.725
0.993	0.726
0.993	0.726
0.993	0.726
0.993	0.727
0.993	0.727
0.993	0.727
0.993	0.728
0.993	0.728
0.993	0.728
0.993	0.729
0.993	0.729
0.993	0.729
0.993	0.73
0.993	0.73
0.993	0.73
0.993	0.731
0.993	0.731
0.993	0.731
0.993	0.732
0.993	0.732
0.993	0.732
0.993	0.733
0.993	0.733
0.993	0.733
0.993	0.734
0.993	0.734
0.993	0.734
0.993	0.735
0.993	0.735
0.993	0.735
0.993	0.736
0.993	0.736
0.993	0.736
0.993	0.736
0.993	0.737
0.993	0.737
0.993	0.737
0.993	0.738
0.993	0.738
0.993	0.738
0.993	0.739
0.993	0.739
0.993	0.739
0.993	0.74
0.993	0.74
0.993	0.74
0.993	0.741
0.993	0.741
0.993	0.741
0.993	0.742
0.993	0.742
0.993	0.742
0.993	0.743
0.993	0.743
0.994	0.743
0.994	0.743
0.994	0.743
0.994	0.744
0.994	0.744
0.994	0.744
0.994	0.744
0.994	0.745
0.994	0.745
0.994	0.745
0.994	0.746
0.994	0.746
0.994	0.746
0.994	0.747
0.994	0.747
0.994	0.747
0.994	0.748
0.994	0.748
0.995	0.748
0.995	0.748
0.995	0.749
0.995	0.749
0.995	0.749
0.995	0.75
0.995	0.75
0.995	0.75
0.995	0.751
0.995	0.751
0.995	0.751
0.995	0.752
0.995	0.752
0.995	0.752
0.995	0.753
0.995	0.753
0.995	0.753
0.995	0.754
0.995	0.754
0.995	0.754
0.995	0.755
0.995	0.755
0.995	0.755
0.995	0.756
0.995	0.756
0.995	0.756
0.995	0.757
0.995	0.757
0.995	0.757
0.995	0.758
0.995	0.758
0.995	0.758
0.995	0.758
0.995	0.759
0.995	0.759
0.995	0.759
0.995	0.76
0.995	0.76
0.995	0.76
0.995	0.761
0.995	0.761
0.995	0.761
0.995	0.762
0.995	0.762
0.995	0.762
0.995	0.763
0.995	0.763
0.995	0.763
0.995	0.763
0.995	0.764
0.995	0.764
0.995	0.764
0.995	0.765
0.995	0.765
0.995	0.765
0.995	0.766
0.995	0.766
0.995	0.766
0.995	0.767
0.995	0.767
0.995	0.767
0.995	0.768
0.995	0.768
0.995	0.768
0.995	0.769
0.995	0.769
0.995	0.769
0.995	0.77
0.995	0.77
0.995	0.77
0.995	0.771
0.995	0.771
0.995	0.771
0.995	0.772
0.995	0.772
0.995	0.772
0.995	0.773
0.995	0.773
0.995	0.773
0.995	0.774
0.995	0.774
0.995	0.774
0.995	0.775
0.995	0.775
0.995	0.775
0.996	0.775
0.996	0.776
0.996	0.776
0.996	0.776
0.996	0.777
0.996	0.777
0.996	0.777
0.996	0.778
0.996	0.778
0.996	0.778
0.996	0.779
0.996	0.779
0.996	0.779
0.996	0.78
0.996	0.78
0.996	0.78
0.996	0.781
0.996	0.781
0.996	0.781
0.996	0.782
0.996	0.782
0.996	0.782
0.996	0.782
0.996	0.783
0.996	0.783
0.996	0.783
0.996	0.784
0.996	0.784
0.996	0.784
0.996	0.785
0.996	0.785
0.996	0.785
0.996	0.786
0.996	0.786
0.996	0.786
0.996	0.787
0.996	0.787
0.996	0.787
0.996	0.788
0.996	0.788
0.996	0.788
0.996	0.789
0.996	0.789
0.996	0.789
0.996	0.79
0.996	0.79
0.996	0.79
0.996	0.791
0.996	0.791
0.996	0.791
0.996	0.792
0.996	0.792
0.996	0.792
0.996	0.793
0.996	0.793
0.996	0.793
0.996	0.794
0.996	0.794
0.996	0.794
0.996	0.795
0.996	0.795
0.996	0.795
0.996	0.795
0.996	0.796
0.996	0.796
0.996	0.796
0.996	0.797
0.996	0.797
0.996	0.797
0.996	0.798
0.996	0.798
0.996	0.798
0.996	0.799
0.996	0.799
0.996	0.799
0.996	0.8
0.996	0.8
0.996	0.8
0.996	0.801
0.996	0.801
0.996	0.801
0.996	0.802
0.997	0.802
0.997	0.802
0.997	0.802
0.997	0.803
0.997	0.803
0.997	0.803
0.997	0.804
0.997	0.804
0.997	0.804
0.997	0.805
0.997	0.805
0.997	0.805
0.997	0.806
0.997	0.806
0.997	0.806
0.997	0.807
0.997	0.807
0.997	0.807
0.997	0.808
0.997	0.808
0.997	0.808
0.997	0.809
0.997	0.809
0.997	0.809
0.997	0.809
0.997	0.81
0.997	0.81
0.997	0.81
0.997	0.811
0.997	0.811
0.997	0.811
0.997	0.812
0.997	0.812
0.997	0.812
0.997	0.813
0.997	0.813
0.997	0.813
0.997	0.814
0.997	0.814
0.997	0.814
0.997	0.815
0.997	0.815
0.997	0.815
0.997	0.816
0.997	0.816
0.997	0.816
0.997	0.817
0.997	0.817
0.997	0.817
0.997	0.818
0.997	0.818
0.997	0.818
0.997	0.819
0.997	0.819
0.997	0.819
0.997	0.82
0.997	0.82
0.997	0.82
0.997	0.821
0.997	0.821
0.997	0.821
0.997	0.822
0.997	0.822
0.997	0.822
0.997	0.823
0.997	0.823
0.997	0.823
0.997	0.824
0.997	0.824
0.997	0.824
0.997	0.825
0.997	0.825
0.997	0.825
0.997	0.825
0.997	0.826
0.997	0.826
0.997	0.826
0.997	0.827
0.997	0.827
0.997	0.827
0.997	0.828
0.997	0.828
0.997	0.828
0.997	0.829
0.997	0.829
0.997	0.829
0.997	0.83
0.997	0.83
0.997	0.83
0.997	0.831
0.997	0.831
0.997	0.831
0.997	0.832
0.997	0.832
0.997	0.832
0.997	0.833
0.998	0.833
0.998	0.833
0.998	0.833
0.998	0.834
0.998	0.834
0.998	0.834
0.998	0.834
0.998	0.835
0.998	0.835
0.998	0.835
0.998	0.836
0.998	0.836
0.998	0.836
0.998	0.837
0.998	0.837
0.998	0.837
0.998	0.838
0.998	0.838
0.998	0.838
0.998	0.839
0.998	0.839
0.998	0.839
0.998	0.839
0.998	0.84
0.998	0.84
0.998	0.84
0.998	0.841
0.998	0.841
0.998	0.841
0.998	0.842
0.998	0.842
0.998	0.842
0.998	0.843
0.998	0.843
0.998	0.843
0.998	0.844
0.998	0.844
0.998	0.844
0.998	0.845
0.998	0.845
0.998	0.845
0.998	0.846
0.998	0.846
0.998	0.846
0.998	0.847
0.998	0.847
0.998	0.847
0.998	0.848
0.998	0.848
0.998	0.848
0.998	0.849
0.998	0.849
0.998	0.849
0.998	0.85
0.998	0.85
0.998	0.85
0.998	0.851
0.998	0.851
0.998	0.851
0.998	0.852
0.998	0.852
0.998	0.852
0.998	0.853
0.998	0.853
0.998	0.853
0.998	0.854
0.998	0.854
0.998	0.854
0.998	0.855
0.998	0.855
0.998	0.855
0.998	0.856
0.998	0.856
0.998	0.856
0.998	0.857
0.998	0.857
0.998	0.857
0.998	0.858
0.998	0.858
0.998	0.858
0.998	0.859
0.998	0.859
0.998	0.859
0.998	0.86
0.998	0.86
0.998	0.86
0.998	0.861
0.998	0.861
0.998	0.861
0.998	0.862
0.998	0.862
0.998	0.862
0.998	0.863
0.998	0.863
0.998	0.863
0.998	0.864
0.998	0.864
0.999	0.864
0.999	0.864
0.999	0.865
0.999	0.865
0.999	0.865
0.999	0.866
0.999	0.866
0.999	0.866
0.999	0.867
0.999	0.867
0.999	0.867
0.999	0.868
0.999	0.868
0.999	0.868
0.999	0.869
0.999	0.869
0.999	0.869
0.999	0.87
0.999	0.87
0.999	0.87
0.999	0.871
0.999	0.871
0.999	0.871
0.999	0.872
0.999	0.872
0.999	0.872
0.999	0.873
0.999	0.873
0.999	0.873
0.999	0.873
0.999	0.874
0.999	0.874
0.999	0.874
0.999	0.875
0.999	0.875
0.999	0.875
0.999	0.876
0.999	0.876
0.999	0.876
0.999	0.877
0.999	0.877
0.999	0.877
0.999	0.878
0.999	0.878
0.999	0.878
0.999	0.879
0.999	0.879
0.999	0.879
0.999	0.88
0.999	0.88
0.999	0.88
0.999	0.881
0.999	0.881
0.999	0.881
0.999	0.882
0.999	0.882
0.999	0.882
0.999	0.883
0.999	0.883
0.999	0.883
0.999	0.884
0.999	0.884
0.999	0.884
0.999	0.884
0.999	0.885
0.999	0.885
0.999	0.885
0.999	0.886
0.999	0.886
0.999	0.886
0.999	0.887
0.999	0.887
0.999	0.887
0.999	0.888
0.999	0.888
0.999	0.888
0.999	0.889
0.999	0.889
0.999	0.889
0.999	0.89
0.999	0.89
0.999	0.89
0.999	0.891
0.999	0.891
0.999	0.891
0.999	0.892
0.999	0.892
0.999	0.892
0.999	0.893
0.999	0.893
0.999	0.893
0.999	0.894
0.999	0.894
0.999	0.894
0.999	0.895
0.999	0.895
0.999	0.895
0.999	0.896
0.999	0.896
0.999	0.896
0.999	0.897
0.999	0.897
0.999	0.897
0.999	0.898
0.999	0.898
0.999	0.898
0.999	0.899
0.999	0.899
0.999	0.899
0.999	0.9
0.999	0.9
0.999	0.9
0.999	0.901
0.999	0.901
0.999	0.901
0.999	0.902
0.999	0.902
0.999	0.902
0.999	0.903
0.999	0.903
0.999	0.903
0.999	0.904
0.999	0.904
0.999	0.904
0.999	0.905
0.999	0.905
0.999	0.905
0.999	0.906
0.999	0.906
0.999	0.906
0.999	0.907
0.999	0.907
0.999	0.907
0.999	0.908
0.999	0.908
0.999	0.908
0.999	0.909
0.999	0.909
0.999	0.909
0.999	0.91
0.999	0.91
0.999	0.91
0.999	0.911
0.999	0.911
0.999	0.911
0.999	0.912
0.999	0.912
0.999	0.912
0.999	0.913
0.999	0.913
0.999	0.913
0.999	0.914
0.999	0.914
0.999	0.914
0.999	0.915
0.999	0.915
0.999	0.915
0.999	0.916
0.999	0.916
0.999	0.916
0.999	0.917
0.999	0.917
0.999	0.917
0.999	0.918
0.999	0.918
0.999	0.918
0.999	0.919
0.999	0.919
0.999	0.919
0.999	0.92
0.999	0.92
0.999	0.92
0.999	0.921
0.999	0.921
0.999	0.921
0.999	0.922
0.999	0.922
0.999	0.922
0.999	0.923
0.999	0.923
0.999	0.923
0.999	0.924
0.999	0.924
0.999	0.924
0.999	0.925
0.999	0.925
0.999	0.925
0.999	0.926
0.999	0.926
0.999	0.926
0.999	0.927
0.999	0.927
0.999	0.927
0.999	0.928
0.999	0.928
0.999	0.928
0.999	0.929
0.999	0.929
0.999	0.929
0.999	0.93
0.999	0.93
0.999	0.93
0.999	0.931
0.999	0.931
0.999	0.931
0.999	0.932
0.999	0.932
0.999	0.932
0.999	0.933
0.999	0.933
0.999	0.933
0.999	0.934
0.999	0.934
0.999	0.934
0.999	0.935
0.999	0.935
1	0.935
1	0.935
1	0.936
1	0.936
1	0.936
1	0.937
1	0.937
1	0.937
1	0.938
1	0.938
1	0.938
1	0.939
1	0.939
1	0.939
1	0.94
1	0.94
1	0.94
1	0.941
1	0.941
1	0.941
1	0.942
1	0.942
1	0.942
1	0.943
1	0.943
1	0.943
1	0.944
1	0.944
1	0.944
1	0.945
1	0.945
1	0.945
1	0.946
1	0.946
1	0.946
1	0.947
1	0.947
1	0.947
1	0.948
1	0.948
1	0.948
1	0.948
1	0.949
1	0.949
1	0.949
1	0.95
1	0.95
1	0.95
1	0.951
1	0.951
1	0.951
1	0.952
1	0.952
1	0.952
1	0.953
1	0.953
1	0.953
1	0.954
1	0.954
1	0.954
1	0.955
1	0.955
1	0.955
1	0.956
1	0.956
1	0.956
1	0.957
1	0.957
1	0.957
1	0.958
1	0.958
1	0.958
1	0.959
1	0.959
1	0.959
1	0.96
1	0.96
1	0.96
1	0.961
1	0.961
1	0.961
1	0.962
1	0.962
1	0.962
1	0.963
1	0.963
1	0.963
1	0.964
1	0.964
1	0.964
1	0.965
1	0.965
1	0.965
1	0.966
1	0.966
1	0.966
1	0.967
1	0.967
1	0.967
1	0.968
1	0.968
1	0.968
1	0.969
1	0.969
1	0.969
1	0.97
1	0.97
1	0.97
1	0.971
1	0.971
1	0.971
1	0.972
1	0.972
1	0.972
1	0.973
1	0.973
1	0.973
1	0.974
1	0.974
1	0.974
1	0.975
1	0.975
1	0.975
1	0.976
1	0.976
1	0.976
1	0.977
1	0.977
1	0.977
1	0.978
1	0.978
1	0.978
1	0.979
1	0.979
1	0.979
1	0.98
1	0.98
1	0.98
1	0.981
1	0.981
1	0.981
1	0.982
1	0.982
1	0.982
1	0.983
1	0.983
1	0.983
1	0.984
1	0.984
1	0.984
1	0.985
1	0.985
1	0.985
1	0.986
1	0.986
1	0.986
1	0.987
1	0.987
1	0.987
1	0.988
1	0.988
1	0.988
1	0.989
1	0.989
1	0.989
1	0.99
1	0.99
1	0.99
1	0.991
1	0.991
1	0.991
1	0.992
1	0.992
1	0.992
1	0.993
1	0.993
1	0.993
1	0.994
1	0.994
1	0.994
1	0.995
1	0.995
1	0.995
1	0.996
1	0.996
1	0.996
1	0.997
1	0.997
1	0.997
1	0.998
1	0.998
1	0.998
1	0.999
1	0.999
1	0.999
1	1
1	1
