0	0
0.000333	0
0.000667	0
0.001	0
0.001333	0
0.001667	0
0.002	0
0.002333	0
0.002667	0
0.003	0
0.003333	0
0.003667	0
0.004	0
0.004333	0
0.004667	0
0.005	0
0.005333	0
0.005667	0
0.006	0
0.006333	0
0.006667	0
0.007	0
0.007333	0
0.007667	0
0.008	0
0.008333	0
0.008667	0
0.009	0
0.009333	0
0.009667	0
0.01	0
0.010333	0
0.010667	0
0.011	0
0.011333	0
0.011667	0
0.012	0
0.012333	0
0.012667	0
0.013	0
0.013333	0
0.013667	0
0.014	0
0.014333	0
0.014667	0
0.015	0
0.015333	0
0.015667	0
0.016	0
0.016333	0
0.016667	0
0.017	0
0.017333	0
0.017667	0
0.018	0
0.018333	0
0.018667	0
0.019	0
0.019333	0
0.019667	0
0.02	0
0.020333	0
0.020667	0
0.021	0
0.021333	0
0.021667	0
0.022	0
0.022333	0
0.022667	0
0.023	0
0.023333	0
0.023667	0
0.024	0
0.024333	0
0.024667	0
0.025	0
0.025333	0
0.025667	0
0.026	0
0.026333	0
0.026667	0
0.027	0
0.027333	0
0.027667	0
0.028	0
0.028333	0
0.028667	0
0.029	0
0.029333	0
0.029667	0
0.03	0
0.030333	0
0.030667	0
0.031	0
0.031333	0
0.031667	0
0.032	0
0.032333	0
0.032667	0
0.033	0
0.033333	0
0.033667	0
0.034	0
0.034333	0
0.034667	0
0.035	0
0.035333	0
0.035667	0
0.036	0
0.036333	0
0.036667	0
0.037	0
0.037333	0
0.037667	0
0.038	0
0.038333	0
0.038667	0
0.039	0
0.039333	0
0.039667	0
0.04	0
0.040333	0
0.040667	0
0.041	0
0.041333	0
0.041667	0
0.042	0
0.042333	0
0.042667	0
0.043	0
0.043333	0
0.043667	0
0.044	0
0.044333	0
0.044667	0
0.045	0
0.045333	0
0.045667	0
0.046	0
0.046333	0
0.046667	0
0.047	0
0.047333	0
0.047667	0
0.048	0
0.048333	0
0.048667	0
0.049	0
0.049333	0
0.049667	0
0.05	0
0.050333	0
0.050667	0
0.051	0
0.051333	0
0.051667	0
0.052	0
0.052333	0
0.052667	0
0.053	0
0.053333	0
0.053667	0
0.054	0
0.054333	0
0.054667	0
0.055	0
0.055333	0
0.055667	0
0.056	0
0.056333	0
0.056667	0
0.057	0
0.057333	0
0.057667	0
0.058	0
0.058333	0
0.058667	0
0.059	0
0.059333	0
0.059667	0
0.06	0
0.060333	0
0.060667	0
0.061	0
0.061333	0
0.061667	0
0.062	0
0.062333	0
0.062667	0
0.063	0
0.063333	0
0.063667	0
0.064	0
0.064333	0
0.064667	0
0.065	0
0.065333	0
0.065667	0
0.066	0
0.066333	0
0.066667	0
0.067	0
0.067333	0
0.067667	0
0.068	0
0.068333	0
0.068667	0
0.069	0
0.069333	0
0.069667	0
0.07	0
0.070333	0
0.070667	0
0.071	0
0.071333	0
0.071667	0
0.072	0
0.072333	0
0.072667	0
0.073	0
0.073333	0
0.073667	0
0.074	0
0.074333	0
0.074667	0
0.075	0
0.075333	0
0.075667	0
0.076	0
0.076333	0
0.076667	0
0.077	0
0.077333	0
0.077667	0
0.078	0
0.078333	0
0.078667	0
0.079	0
0.079333	0
0.079667	0
0.08	0
0.080333	0
0.080667	0
0.081	0
0.081333	0
0.081667	0
0.082	0
0.082333	0
0.082667	0
0.083	0
0.083333	0
0.083667	0
0.084	0
0.084333	0
0.084667	0
0.085	0
0.085333	0
0.085667	0
0.086	0
0.086333	0
0.086667	0
0.087	0
0.087333	0
0.087667	0
0.088	0
0.088333	0
0.088667	0
0.089	0
0.089333	0
0.089667	0
0.09	0
0.090333	0
0.090667	0
0.091	0
0.091333	0
0.091667	0
0.092	0
0.092333	0
0.092667	0
0.093	0
0.093333	0
0.093667	0
0.094	0
0.094333	0
0.094667	0
0.095	0
0.095333	0
0.095667	0
0.096	0
0.096333	0
0.096667	0
0.097	0
0.097333	0
0.097667	0
0.098	0
0.098333	0
0.098667	0
0.099	0
0.099333	0
0.099667	0
0.1	0
0.100333	0
0.100667	0
0.101	0
0.101333	0
0.101667	0
0.102	0
0.102333	0
0.102667	0
0.103	0
0.103333	0
0.103667	0
0.104	0
0.104333	0
0.104667	0
0.105	0
0.105333	0
0.105667	0
0.106	0
0.106333	0
0.106667	0
0.107	0
0.107333	0
0.107667	0
0.108	0
0.108333	0
0.108667	0
0.109	0
0.109333	0
0.109667	0
0.11	0
0.110333	0
0.110667	0
0.111	0
0.111333	0
0.111667	0
0.112	0
0.112333	0
0.112667	0
0.113	0
0.113333	0
0.113667	0
0.114	0
0.114333	0
0.114667	0
0.115	0
0.115333	0
0.115667	0
0.116	0
0.116333	0
0.116667	0
0.117	0
0.117333	0
0.117667	0
0.118	0
0.118333	0
0.118667	0
0.119	0
0.119333	0
0.119667	0
0.12	0
0.120333	0
0.120667	0
0.121	0
0.121333	0
0.121667	0
0.122	0
0.122333	0
0.122667	0
0.123	0
0.123333	0
0.123667	0
0.124	0
0.124333	0
0.124667	0
0.125	0
0.125333	0
0.125667	0
0.126	0
0.126333	0
0.126667	0
0.127	0
0.127333	0
0.127667	0
0.128	0
0.128333	0
0.128667	0
0.129	0
0.129333	0
0.129667	0
0.13	0
0.130333	0
0.130667	0
0.131	0
0.131333	0
0.131667	0
0.132	0
0.132333	0
0.132667	0
0.133	0
0.133333	0
0.133667	0
0.134	0
0.134333	0
0.134667	0
0.135	0
0.135333	0
0.135667	0
0.136	0
0.136333	0
0.136667	0
0.137	0
0.137333	0
0.137667	0
0.138	0
0.138333	0
0.138667	0
0.139	0
0.139333	0
0.139667	0
0.14	0
0.140333	0
0.140667	0
0.141	0
0.141333	0
0.141667	0
0.142	0
0.142333	0
0.142667	0
0.143	0
0.143333	0
0.143667	0
0.144	0
0.144333	0
0.144667	0
0.145	0
0.145333	0
0.145667	0
0.146	0
0.146333	0
0.146667	0
0.147	0
0.147333	0
0.147667	0
0.148	0
0.148333	0
0.148667	0
0.149	0
0.149333	0
0.149667	0
0.15	0
0.150333	0
0.150667	0
0.151	0
0.151333	0
0.151667	0
0.152	0
0.152333	0
0.152667	0
0.153	0
0.153333	0
0.153667	0
0.154	0
0.154333	0
0.154667	0
0.155	0
0.155333	0
0.155667	0
0.156	0
0.156333	0
0.156667	0
0.157	0
0.157333	0
0.157667	0
0.158	0
0.158333	0
0.158667	0
0.159	0
0.159333	0
0.159667	0
0.16	0
0.160333	0
0.160667	0
0.161	0
0.161333	0
0.161667	0
0.162	0
0.162333	0
0.162667	0
0.163	0
0.163333	0
0.163667	0
0.164	0
0.164333	0
0.164667	0
0.165	0
0.165333	0
0.165667	0
0.166	0
0.166333	0
0.166667	0
0.167	0
0.167333	0
0.167667	0
0.168	0
0.168333	0
0.168667	0
0.169	0
0.169333	0
0.169667	0
0.17	0
0.170333	0
0.170667	0
0.171	0
0.171333	0
0.171667	0
0.172	0
0.172333	0
0.172667	0
0.173	0
0.173333	0
0.173667	0
0.174	0
0.174333	0
0.174667	0
0.175	0
0.175333	0
0.175667	0
0.176	0
0.176333	0
0.176667	0
0.177	0
0.177333	0
0.177667	0
0.178	0
0.178333	0
0.178667	0
0.179	0
0.179333	0
0.179667	0
0.18	0
0.180333	0
0.180667	0
0.181	0
0.181333	0
0.181667	0
0.182	0
0.182333	0
0.182667	0
0.183	0
0.183333	0
0.183667	0
0.184	0
0.184333	0
0.184667	0
0.185	0
0.185333	0
0.185667	0
0.186	0
0.186333	0
0.186667	0
0.187	0
0.187333	0
0.187667	0
0.188	0
0.188333	0
0.188667	0
0.189	0
0.189333	0
0.189667	0
0.19	0
0.190333	0
0.190667	0
0.191	0
0.191333	0
0.191667	0
0.192	0
0.192333	0
0.192667	0
0.193	0
0.193333	0
0.193667	0
0.194	0
0.194333	0
0.194667	0
0.195	0
0.195333	0
0.195667	0
0.195667	0.000333
0.196	0.000333
0.196333	0.000333
0.196667	0.000333
0.197	0.000333
0.197333	0.000333
0.197667	0.000333
0.198	0.000333
0.198333	0.000333
0.198667	0.000333
0.199	0.000333
0.199333	0.000333
0.199667	0.000333
0.2	0.000333
0.200333	0.000333
0.200667	0.000333
0.201	0.000333
0.201333	0.000333
0.201667	0.000333
0.202	0.000333
0.202333	0.000333
0.202667	0.000333
0.203	0.000333
0.203333	0.000333
0.203667	0.000333
0.204	0.000333
0.204333	0.000333
0.204667	0.000333
0.205	0.000333
0.205333	0.000333
0.205667	0.000333
0.206	0.000333
0.206333	0.000333
0.206667	0.000333
0.207	0.000333
0.207333	0.000333
0.207667	0.000333
0.208	0.000333
0.208333	0.000333
0.208667	0.000333
0.209	0.000333
0.209333	0.000333
0.209667	0.000333
0.21	0.000333
0.210333	0.000333
0.210667	0.000333
0.211	0.000333
0.211333	0.000333
0.211667	0.000333
0.212	0.000333
0.212333	0.000333
0.212667	0.000333
0.213	0.000333
0.213333	0.000333
0.213667	0.000333
0.214	0.000333
0.214333	0.000333
0.214667	0.000333
0.215	0.000333
0.215333	0.000333
0.215667	0.000333
0.216	0.000333
0.216333	0.000333
0.216667	0.000333
0.217	0.000333
0.217333	0.000333
0.217667	0.000333
0.218	0.000333
0.218333	0.000333
0.218667	0.000333
0.219	0.000333
0.219333	0.000333
0.219667	0.000333
0.22	0.000333
0.220333	0.000333
0.220667	0.000333
0.221	0.000333
0.221333	0.000333
0.221667	0.000333
0.222	0.000333
0.222333	0.000333
0.222667	0.000333
0.223	0.000333
0.223333	0.000333
0.223667	0.000333
0.224	0.000333
0.224333	0.000333
0.224667	0.000333
0.225	0.000333
0.225333	0.000333
0.225667	0.000333
0.226	0.000333
0.226333	0.000333
0.226667	0.000333
0.227	0.000333
0.227333	0.000333
0.227667	0.000333
0.228	0.000333
0.228333	0.000333
0.228667	0.000333
0.229	0.000333
0.229333	0.000333
0.229667	0.000333
0.23	0.000333
0.230333	0.000333
0.230667	0.000333
0.231	0.000333
0.231333	0.000333
0.231667	0.000333
0.232	0.000333
0.232333	0.000333
0.232667	0.000333
0.233	0.000333
0.233333	0.000333
0.233667	0.000333
0.234	0.000333
0.234333	0.000333
0.234667	0.000333
0.235	0.000333
0.235333	0.000333
0.235667	0.000333
0.236	0.000333
0.236333	0.000333
0.236667	0.000333
0.237	0.000333
0.237333	0.000333
0.237667	0.000333
0.238	0.000333
0.238333	0.000333
0.238667	0.000333
0.239	0.000333
0.239333	0.000333
0.239667	0.000333
0.24	0.000333
0.240333	0.000333
0.240667	0.000333
0.241	0.000333
0.241333	0.000333
0.241667	0.000333
0.242	0.000333
0.242333	0.000333
0.242667	0.000333
0.243	0.000333
0.243333	0.000333
0.243667	0.000333
0.244	0.000333
0.244333	0.000333
0.244667	0.000333
0.245	0.000333
0.245333	0.000333
0.245667	0.000333
0.246	0.000333
0.246333	0.000333
0.246667	0.000333
0.247	0.000333
0.247333	0.000333
0.247667	0.000333
0.248	0.000333
0.248333	0.000333
0.248667	0.000333
0.249	0.000333
0.249333	0.000333
0.249667	0.000333
0.25	0.000333
0.250333	0.000333
0.250667	0.000333
0.251	0.000333
0.251333	0.000333
0.251667	0.000333
0.252	0.000333
0.252333	0.000333
0.252667	0.000333
0.253	0.000333
0.253333	0.000333
0.253667	0.000333
0.254	0.000333
0.254333	0.000333
0.254667	0.000333
0.255	0.000333
0.255333	0.000333
0.255667	0.000333
0.256	0.000333
0.256333	0.000333
0.256667	0.000333
0.257	0.000333
0.257333	0.000333
0.257667	0.000333
0.258	0.000333
0.258333	0.000333
0.258667	0.000333
0.259	0.000333
0.259333	0.000333
0.259667	0.000333
0.26	0.000333
0.260333	0.000333
0.260667	0.000333
0.261	0.000333
0.261333	0.000333
0.261667	0.000333
0.262	0.000333
0.262333	0.000333
0.262667	0.000333
0.263	0.000333
0.263333	0.000333
0.263667	0.000333
0.264	0.000333
0.264333	0.000333
0.264667	0.000333
0.265	0.000333
0.265333	0.000333
0.265667	0.000333
0.266	0.000333
0.266333	0.000333
0.266667	0.000333
0.267	0.000333
0.267333	0.000333
0.267667	0.000333
0.268	0.000333
0.268333	0.000333
0.268667	0.000333
0.269	0.000333
0.269333	0.000333
0.269667	0.000333
0.27	0.000333
0.270333	0.000333
0.270667	0.000333
0.271	0.000333
0.271333	0.000333
0.271667	0.000333
0.272	0.000333
0.272333	0.000333
0.272667	0.000333
0.273	0.000333
0.273333	0.000333
0.273667	0.000333
0.274	0.000333
0.274333	0.000333
0.274667	0.000333
0.275	0.000333
0.275333	0.000333
0.275667	0.000333
0.276	0.000333
0.276333	0.000333
0.276667	0.000333
0.277	0.000333
0.277333	0.000333
0.277667	0.000333
0.278	0.000333
0.278333	0.000333
0.278667	0.000333
0.279	0.000333
0.279333	0.000333
0.279667	0.000333
0.28	0.000333
0.280333	0.000333
0.280667	0.000333
0.281	0.000333
0.281333	0.000333
0.281667	0.000333
0.282	0.000333
0.282333	0.000333
0.282667	0.000333
0.283	0.000333
0.283333	0.000333
0.283667	0.000333
0.284	0.000333
0.284333	0.000333
0.284667	0.000333
0.285	0.000333
0.285333	0.000333
0.285667	0.000333
0.286	0.000333
0.286333	0.000333
0.286667	0.000333
0.287	0.000333
0.287333	0.000333
0.287667	0.000333
0.288	0.000333
0.288333	0.000333
0.288667	0.000333
0.289	0.000333
0.289333	0.000333
0.289667	0.000333
0.29	0.000333
0.290333	0.000333
0.290667	0.000333
0.291	0.000333
0.291333	0.000333
0.291667	0.000333
0.292	0.000333
0.292333	0.000333
0.292667	0.000333
0.293	0.000333
0.293333	0.000333
0.293667	0.000333
0.294	0.000333
0.294333	0.000333
0.294667	0.000333
0.295	0.000333
0.295333	0.000333
0.295667	0.000333
0.296	0.000333
0.296333	0.000333
0.296667	0.000333
0.297	0.000333
0.297333	0.000333
0.297667	0.000333
0.298	0.000333
0.298333	0.000333
0.298667	0.000333
0.299	0.000333
0.299333	0.000333
0.299667	0.000333
0.3	0.000333
0.300333	0.000333
0.300667	0.000333
0.301	0.000333
0.301333	0.000333
0.301667	0.000333
0.302	0.000333
0.302333	0.000333
0.302667	0.000333
0.303	0.000333
0.303333	0.000333
0.303667	0.000333
0.304	0.000333
0.304333	0.000333
0.304667	0.000333
0.305	0.000333
0.305333	0.000333
0.305667	0.000333
0.306	0.000333
0.306333	0.000333
0.306667	0.000333
0.307	0.000333
0.307333	0.000333
0.307667	0.000333
0.308	0.000333
0.308333	0.000333
0.308667	0.000333
0.309	0.000333
0.309333	0.000333
0.309667	0.000333
0.31	0.000333
0.310333	0.000333
0.310667	0.000333
0.311	0.000333
0.311333	0.000333
0.311667	0.000333
0.312	0.000333
0.312333	0.000333
0.312667	0.000333
0.313	0.000333
0.313333	0.000333
0.313667	0.000333
0.314	0.000333
0.314333	0.000333
0.314667	0.000333
0.315	0.000333
0.315333	0.000333
0.315667	0.000333
0.316	0.000333
0.316333	0.000333
0.316667	0.000333
0.317	0.000333
0.317333	0.000333
0.317667	0.000333
0.318	0.000333
0.318333	0.000333
0.318667	0.000333
0.319	0.000333
0.319333	0.000333
0.319667	0.000333
0.32	0.000333
0.320333	0.000333
0.320667	0.000333
0.321	0.000333
0.321333	0.000333
0.321667	0.000333
0.322	0.000333
0.322333	0.000333
0.322667	0.000333
0.323	0.000333
0.323333	0.000333
0.323667	0.000333
0.324	0.000333
0.324333	0.000333
0.324667	0.000333
0.325	0.000333
0.325333	0.000333
0.325667	0.000333
0.326	0.000333
0.326333	0.000333
0.326667	0.000333
0.327	0.000333
0.327333	0.000333
0.327667	0.000333
0.328	0.000333
0.328333	0.000333
0.328667	0.000333
0.329	0.000333
0.329333	0.000333
0.329667	0.000333
0.33	0.000333
0.330333	0.000333
0.330667	0.000333
0.331	0.000333
0.331333	0.000333
0.331667	0.000333
0.332	0.000333
0.332333	0.000333
0.332667	0.000333
0.333	0.000333
0.333333	0.000333
0.333667	0.000333
0.334	0.000333
0.334333	0.000333
0.334667	0.000333
0.335	0.000333
0.335333	0.000333
0.335667	0.000333
0.336	0.000333
0.336333	0.000333
0.336667	0.000333
0.337	0.000333
0.337333	0.000333
0.337667	0.000333
0.338	0.000333
0.338333	0.000333
0.338667	0.000333
0.339	0.000333
0.339333	0.000333
0.339667	0.000333
0.34	0.000333
0.340333	0.000333
0.340667	0.000333
0.341	0.000333
0.341333	0.000333
0.341667	0.000333
0.342	0.000333
0.342333	0.000333
0.342667	0.000333
0.343	0.000333
0.343333	0.000333
0.343667	0.000333
0.344	0.000333
0.344333	0.000333
0.344667	0.000333
0.345	0.000333
0.345333	0.000333
0.345667	0.000333
0.346	0.000333
0.346333	0.000333
0.346667	0.000333
0.347	0.000333
0.347333	0.000333
0.347667	0.000333
0.348	0.000333
0.348333	0.000333
0.348667	0.000333
0.348667	0.000667
0.349	0.000667
0.349333	0.000667
0.349667	0.000667
0.35	0.000667
0.350333	0.000667
0.350667	0.000667
0.351	0.000667
0.351333	0.000667
0.351667	0.000667
0.352	0.000667
0.352333	0.000667
0.352667	0.000667
0.353	0.000667
0.353333	0.000667
0.353667	0.000667
0.354	0.000667
0.354333	0.000667
0.354667	0.000667
0.355	0.000667
0.355333	0.000667
0.355667	0.000667
0.356	0.000667
0.356333	0.000667
0.356667	0.000667
0.357	0.000667
0.357333	0.000667
0.357667	0.000667
0.358	0.000667
0.358333	0.000667
0.358667	0.000667
0.359	0.000667
0.359333	0.000667
0.359667	0.000667
0.36	0.000667
0.360333	0.000667
0.360667	0.000667
0.361	0.000667
0.361333	0.000667
0.361667	0.000667
0.362	0.000667
0.362333	0.000667
0.362667	0.000667
0.363	0.000667
0.363333	0.000667
0.363667	0.000667
0.364	0.000667
0.364333	0.000667
0.364667	0.000667
0.365	0.000667
0.365333	0.000667
0.365667	0.000667
0.366	0.000667
0.366333	0.000667
0.366667	0.000667
0.367	0.000667
0.367333	0.000667
0.367667	0.000667
0.368	0.000667
0.368333	0.000667
0.368667	0.000667
0.369	0.000667
0.369333	0.000667
0.369667	0.000667
0.37	0.000667
0.370333	0.000667
0.370667	0.000667
0.371	0.000667
0.371333	0.000667
0.371667	0.000667
0.372	0.000667
0.372333	0.000667
0.372667	0.000667
0.373	0.000667
0.373333	0.000667
0.373667	0.000667
0.374	0.000667
0.374333	0.000667
0.374667	0.000667
0.375	0.000667
0.375333	0.000667
0.375667	0.000667
0.376	0.000667
0.376333	0.000667
0.376667	0.000667
0.377	0.000667
0.377333	0.000667
0.377667	0.000667
0.378	0.000667
0.378333	0.000667
0.378667	0.000667
0.379	0.000667
0.379333	0.000667
0.379667	0.000667
0.38	0.000667
0.380333	0.000667
0.380667	0.000667
0.381	0.000667
0.381333	0.000667
0.381667	0.000667
0.382	0.000667
0.382333	0.000667
0.382667	0.000667
0.383	0.000667
0.383333	0.000667
0.383667	0.000667
0.384	0.000667
0.384333	0.000667
0.384667	0.000667
0.385	0.000667
0.385333	0.000667
0.385667	0.000667
0.386	0.000667
0.386333	0.000667
0.386667	0.000667
0.387	0.000667
0.387333	0.000667
0.387667	0.000667
0.388	0.000667
0.388333	0.000667
0.388667	0.000667
0.389	0.000667
0.389333	0.000667
0.389667	0.000667
0.39	0.000667
0.390333	0.000667
0.390667	0.000667
0.391	0.000667
0.391333	0.000667
0.391667	0.000667
0.392	0.000667
0.392333	0.000667
0.392667	0.000667
0.393	0.000667
0.393333	0.000667
0.393667	0.000667
0.394	0.000667
0.394333	0.000667
0.394667	0.000667
0.395	0.000667
0.395333	0.000667
0.395667	0.000667
0.396	0.000667
0.396333	0.000667
0.396667	0.000667
0.397	0.000667
0.397333	0.000667
0.397667	0.000667
0.398	0.000667
0.398333	0.000667
0.398667	0.000667
0.399	0.000667
0.399333	0.000667
0.399667	0.000667
0.4	0.000667
0.400333	0.000667
0.400667	0.000667
0.401	0.000667
0.401333	0.000667
0.401667	0.000667
0.402	0.000667
0.402333	0.000667
0.402667	0.000667
0.403	0.000667
0.403333	0.000667
0.403667	0.000667
0.404	0.000667
0.404333	0.000667
0.404667	0.000667
0.405	0.000667
0.405333	0.000667
0.405667	0.000667
0.406	0.000667
0.406333	0.000667
0.406667	0.000667
0.407	0.000667
0.407333	0.000667
0.407667	0.000667
0.408	0.000667
0.408333	0.000667
0.408667	0.000667
0.409	0.000667
0.409333	0.000667
0.409667	0.000667
0.41	0.000667
0.410333	0.000667
0.410667	0.000667
0.411	0.000667
0.411333	0.000667
0.411667	0.000667
0.412	0.000667
0.412333	0.000667
0.412667	0.000667
0.413	0.000667
0.413333	0.000667
0.413667	0.000667
0.414	0.000667
0.414333	0.000667
0.414667	0.000667
0.415	0.000667
0.415333	0.000667
0.415667	0.000667
0.416	0.000667
0.416333	0.000667
0.416667	0.000667
0.417	0.000667
0.417333	0.000667
0.417667	0.000667
0.418	0.000667
0.418333	0.000667
0.418667	0.000667
0.419	0.000667
0.419333	0.000667
0.419667	0.000667
0.42	0.000667
0.420333	0.000667
0.420667	0.000667
0.421	0.000667
0.421333	0.000667
0.421667	0.000667
0.422	0.000667
0.422333	0.000667
0.422667	0.000667
0.423	0.000667
0.423333	0.000667
0.423667	0.000667
0.424	0.000667
0.424333	0.000667
0.424667	0.000667
0.425	0.000667
0.425333	0.000667
0.425667	0.000667
0.426	0.000667
0.426333	0.000667
0.426667	0.000667
0.427	0.000667
0.427333	0.000667
0.427667	0.000667
0.428	0.000667
0.428333	0.000667
0.428667	0.000667
0.429	0.000667
0.429333	0.000667
0.429667	0.000667
0.43	0.000667
0.430333	0.000667
0.430667	0.000667
0.431	0.000667
0.431333	0.000667
0.431667	0.000667
0.432	0.000667
0.432333	0.000667
0.432667	0.000667
0.433	0.000667
0.433333	0.000667
0.433667	0.000667
0.434	0.000667
0.434333	0.000667
0.434667	0.000667
0.435	0.000667
0.435333	0.000667
0.435667	0.000667
0.436	0.000667
0.436333	0.000667
0.436667	0.000667
0.437	0.000667
0.437333	0.000667
0.437333	0.001
0.437667	0.001
0.438	0.001
0.438333	0.001
0.438667	0.001
0.439	0.001
0.439333	0.001
0.439667	0.001
0.44	0.001
0.440333	0.001
0.440667	0.001
0.441	0.001
0.441333	0.001
0.441667	0.001
0.442	0.001
0.442333	0.001
0.442667	0.001
0.443	0.001
0.443333	0.001
0.443667	0.001
0.444	0.001
0.444333	0.001
0.444667	0.001
0.445	0.001
0.445333	0.001
0.445667	0.001
0.446	0.001
0.446333	0.001
0.446667	0.001
0.447	0.001
0.447333	0.001
0.447667	0.001
0.448	0.001
0.448333	0.001
0.448667	0.001
0.449	0.001
0.449333	0.001
0.449667	0.001
0.45	0.001
0.450333	0.001
0.450667	0.001
0.451	0.001
0.451333	0.001
0.451667	0.001
0.452	0.001
0.452333	0.001
0.452667	0.001
0.453	0.001
0.453333	0.001
0.453667	0.001
0.454	0.001
0.454333	0.001
0.454667	0.001
0.455	0.001
0.455333	0.001
0.455667	0.001
0.456	0.001
0.456333	0.001
0.456667	0.001
0.457	0.001
0.457333	0.001
0.457667	0.001
0.458	0.001
0.458333	0.001
0.458667	0.001
0.459	0.001
0.459333	0.001
0.459667	0.001
0.46	0.001
0.460333	0.001
0.460667	0.001
0.461	0.001
0.461333	0.001
0.461667	0.001
0.462	0.001
0.462333	0.001
0.462667	0.001
0.463	0.001
0.463333	0.001
0.463667	0.001
0.464	0.001
0.464333	0.001
0.464667	0.001
0.465	0.001
0.465333	0.001
0.465667	0.001
0.466	0.001
0.466333	0.001
0.466667	0.001
0.467	0.001
0.467333	0.001
0.467667	0.001
0.468	0.001
0.468333	0.001
0.468667	0.001
0.469	0.001
0.469333	0.001
0.469667	0.001
0.47	0.001
0.470333	0.001
0.470667	0.001
0.471	0.001
0.471333	0.001
0.471667	0.001
0.472	0.001
0.472333	0.001
0.472667	0.001
0.473	0.001
0.473333	0.001
0.473667	0.001
0.474	0.001
0.474333	0.001
0.474667	0.001
0.475	0.001
0.475333	0.001
0.475667	0.001
0.476	0.001
0.476333	0.001
0.476667	0.001
0.477	0.001
0.477333	0.001
0.477667	0.001
0.478	0.001
0.478333	0.001
0.478667	0.001
0.479	0.001
0.479333	0.001
0.479667	0.001
0.48	0.001
0.480333	0.001
0.480667	0.001
0.481	0.001
0.481333	0.001
0.481667	0.001
0.482	0.001
0.482333	0.001
0.482667	0.001
0.483	0.001
0.483333	0.001
0.483667	0.001
0.484	0.001
0.484333	0.001
0.484667	0.001
0.485	0.001
0.485333	0.001
0.485667	0.001
0.486	0.001
0.486333	0.001
0.486667	0.001
0.487	0.001
0.487333	0.001
0.487667	0.001
0.488	0.001
0.488333	0.001
0.488667	0.001
0.489	0.001
0.489333	0.001
0.489667	0.001
0.49	0.001
0.490333	0.001
0.490667	0.001
0.491	0.001
0.491333	0.001
0.491667	0.001
0.492	0.001
0.492333	0.001
0.492667	0.001
0.493	0.001
0.493333	0.001
0.493667	0.001
0.494	0.001
0.494333	0.001
0.494667	0.001
0.495	0.001
0.495333	0.001
0.495667	0.001
0.496	0.001
0.496333	0.001
0.496667	0.001
0.497	0.001
0.497333	0.001
0.497667	0.001
0.498	0.001
0.498333	0.001
0.498667	0.001
0.499	0.001
0.499333	0.001
0.499667	0.001
0.5	0.001
0.5	0.001333
0.500333	0.001333
0.500667	0.001333
0.501	0.001333
0.501333	0.001333
0.501667	0.001333
0.502	0.001333
0.502333	0.001333
0.502667	0.001333
0.503	0.001333
0.503333	0.001333
0.503667	0.001333
0.504	0.001333
0.504333	0.001333
0.504667	0.001333
0.505	0.001333
0.505333	0.001333
0.505667	0.001333
0.506	0.001333
0.506333	0.001333
0.506667	0.001333
0.507	0.001333
0.507333	0.001333
0.507667	0.001333
0.508	0.001333
0.508333	0.001333
0.508667	0.001333
0.509	0.001333
0.509333	0.001333
0.509667	0.001333
0.51	0.001333
0.510333	0.001333
0.510667	0.001333
0.511	0.001333
0.511333	0.001333
0.511667	0.001333
0.512	0.001333
0.512333	0.001333
0.512667	0.001333
0.513	0.001333
0.513333	0.001333
0.513667	0.001333
0.514	0.001333
0.514333	0.001333
0.514667	0.001333
0.515	0.001333
0.515333	0.001333
0.515667	0.001333
0.516	0.001333
0.516333	0.001333
0.516667	0.001333
0.517	0.001333
0.517333	0.001333
0.517667	0.001333
0.518	0.001333
0.518333	0.001333
0.518667	0.001333
0.519	0.001333
0.519333	0.001333
0.519667	0.001333
0.52	0.001333
0.520333	0.001333
0.520667	0.001333
0.521	0.001333
0.521333	0.001333
0.521667	0.001333
0.522	0.001333
0.522333	0.001333
0.522667	0.001333
0.523	0.001333
0.523333	0.001333
0.523667	0.001333
0.524	0.001333
0.524333	0.001333
0.524667	0.001333
0.525	0.001333
0.525333	0.001333
0.525667	0.001333
0.526	0.001333
0.526333	0.001333
0.526667	0.001333
0.527	0.001333
0.527333	0.001333
0.527667	0.001333
0.528	0.001333
0.528333	0.001333
0.528667	0.001333
0.529	0.001333
0.529333	0.001333
0.529667	0.001333
0.53	0.001333
0.530333	0.001333
0.530667	0.001333
0.531	0.001333
0.531333	0.001333
0.531667	0.001333
0.532	0.001333
0.532333	0.001333
0.532667	0.001333
0.533	0.001333
0.533	0.001667
0.533333	0.001667
0.533667	0.001667
0.534	0.001667
0.534333	0.001667
0.534667	0.001667
0.535	0.001667
0.535333	0.001667
0.535667	0.001667
0.536	0.001667
0.536333	0.001667
0.536667	0.001667
0.537	0.001667
0.537333	0.001667
0.537667	0.001667
0.538	0.001667
0.538333	0.001667
0.538667	0.001667
0.539	0.001667
0.539333	0.001667
0.539667	0.001667
0.54	0.001667
0.540333	0.001667
0.540667	0.001667
0.541	0.001667
0.541333	0.001667
0.541667	0.001667
0.542	0.001667
0.542333	0.001667
0.542667	0.001667
0.543	0.001667
0.543	0.002
0.543333	0.002
0.543667	0.002
0.544	0.002
0.544333	0.002
0.544667	0.002
0.545	0.002
0.545333	0.002
0.545667	0.002
0.546	0.002
0.546333	0.002
0.546667	0.002
0.547	0.002
0.547333	0.002
0.547667	0.002
0.548	0.002
0.548333	0.002
0.548667	0.002
0.549	0.002
0.549333	0.002
0.549667	0.002
0.55	0.002
0.550333	0.002
0.550667	0.002
0.551	0.002
0.551333	0.002
0.551667	0.002
0.552	0.002
0.552333	0.002
0.552667	0.002
0.553	0.002
0.553333	0.002
0.553667	0.002
0.554	0.002
0.554333	0.002
0.554667	0.002
0.555	0.002
0.555333	0.002
0.555667	0.002
0.556	0.002
0.556333	0.002
0.556667	0.002
0.557	0.002
0.557333	0.002
0.557667	0.002
0.558	0.002
0.558333	0.002
0.558667	0.002
0.559	0.002
0.559333	0.002
0.559667	0.002
0.56	0.002
0.560333	0.002
0.560667	0.002
0.561	0.002
0.561333	0.002
0.561667	0.002
0.562	0.002
0.562333	0.002
0.562667	0.002
0.563	0.002
0.563333	0.002
0.563667	0.002
0.564	0.002
0.564333	0.002
0.564667	0.002
0.565	0.002
0.565333	0.002
0.565667	0.002
0.566	0.002
0.566333	0.002
0.566667	0.002
0.567	0.002
0.567333	0.002
0.567667	0.002
0.568	0.002
0.568333	0.002
0.568667	0.002
0.569	0.002
0.569333	0.002
0.569667	0.002
0.57	0.002
0.570333	0.002
0.570667	0.002
0.571	0.002
0.571333	0.002
0.571667	0.002
0.572	0.002
0.572333	0.002
0.572667	0.002
0.573	0.002
0.573333	0.002
0.573667	0.002
0.574	0.002
0.574333	0.002
0.574667	0.002
0.575	0.002
0.575333	0.002
0.575667	0.002
0.576	0.002
0.576333	0.002
0.576667	0.002
0.577	0.002
0.577333	0.002
0.577667	0.002
0.578	0.002
0.578333	0.002
0.578667	0.002
0.579	0.002
0.579333	0.002
0.579667	0.002
0.58	0.002
0.580333	0.002
0.580667	0.002
0.581	0.002
0.581333	0.002
0.581667	0.002
0.582	0.002
0.582333	0.002
0.582667	0.002
0.583	0.002
0.583333	0.002
0.583667	0.002
0.584	0.002
0.584	0.002333
0.584333	0.002333
0.584667	0.002333
0.585	0.002333
0.585333	0.002333
0.585667	0.002333
0.586	0.002333
0.586333	0.002333
0.586667	0.002333
0.587	0.002333
0.587333	0.002333
0.587667	0.002333
0.588	0.002333
0.588333	0.002333
0.588667	0.002333
0.589	0.002333
0.589333	0.002333
0.589667	0.002333
0.59	0.002333
0.590333	0.002333
0.590667	0.002333
0.591	0.002333
0.591333	0.002333
0.591667	0.002333
0.592	0.002333
0.592333	0.002333
0.592667	0.002333
0.593	0.002333
0.593333	0.002333
0.593667	0.002333
0.594	0.002333
0.594333	0.002333
0.594667	0.002333
0.595	0.002333
0.595333	0.002333
0.595667	0.002333
0.596	0.002333
0.596333	0.002333
0.596667	0.002333
0.597	0.002333
0.597333	0.002333
0.597667	0.002333
0.598	0.002333
0.598333	0.002333
0.598667	0.002333
0.599	0.002333
0.599333	0.002333
0.599667	0.002333
0.6	0.002333
0.600333	0.002333
0.600667	0.002333
0.601	0.002333
0.601333	0.002333
0.601667	0.002333
0.602	0.002333
0.602333	0.002333
0.602667	0.002333
0.603	0.002333
0.603333	0.002333
0.603667	0.002333
0.604	0.002333
0.604333	0.002333
0.604667	0.002333
0.605	0.002333
0.605333	0.002333
0.605667	0.002333
0.606	0.002333
0.606333	0.002333
0.606667	0.002333
0.607	0.002333
0.607333	0.002333
0.607667	0.002333
0.608	0.002333
0.608333	0.002333
0.608667	0.002333
0.609	0.002333
0.609333	0.002333
0.609667	0.002333
0.61	0.002333
0.610333	0.002333
0.610667	0.002333
0.611	0.002333
0.611333	0.002333
0.611667	0.002333
0.612	0.002333
0.612333	0.002333
0.612667	0.002333
0.613	0.002333
0.613333	0.002333
0.613667	0.002333
0.614	0.002333
0.614333	0.002333
0.614667	0.002333
0.615	0.002333
0.615333	0.002333
0.615667	0.002333
0.616	0.002333
0.616333	0.002333
0.616667	0.002333
0.617	0.002333
0.617333	0.002333
0.617667	0.002333
0.618	0.002333
0.618333	0.002333
0.618667	0.002333
0.619	0.002333
0.619333	0.002333
0.619667	0.002333
0.62	0.002333
0.620333	0.002333
0.620667	0.002333
0.621	0.002333
0.621333	0.002333
0.621667	0.002333
0.622	0.002333
0.622333	0.002333
0.622667	0.002333
0.623	0.002333
0.623333	0.002333
0.623667	0.002333
0.624	0.002333
0.624333	0.002333
0.624667	0.002333
0.625	0.002333
0.625333	0.002333
0.625667	0.002333
0.626	0.002333
0.626333	0.002333
0.626667	0.002333
0.627	0.002333
0.627333	0.002333
0.627667	0.002333
0.628	0.002333
0.628333	0.002333
0.628667	0.002333
0.629	0.002333
0.629333	0.002333
0.629667	0.002333
0.63	0.002333
0.630333	0.002333
0.630333	0.002667
0.630667	0.002667
0.631	0.002667
0.631333	0.002667
0.631667	0.002667
0.632	0.002667
0.632333	0.002667
0.632667	0.002667
0.633	0.002667
0.633333	0.002667
0.633667	0.002667
0.634	0.002667
0.634333	0.002667
0.634667	0.002667
0.635	0.002667
0.635333	0.002667
0.635667	0.002667
0.636	0.002667
0.636333	0.002667
0.636667	0.002667
0.637	0.002667
0.637333	0.002667
0.637667	0.002667
0.638	0.002667
0.638333	0.002667
0.638667	0.002667
0.639	0.002667
0.639333	0.002667
0.639667	0.002667
0.64	0.002667
0.640333	0.002667
0.640667	0.002667
0.641	0.002667
0.641333	0.002667
0.641667	0.002667
0.642	0.002667
0.642333	0.002667
0.642667	0.002667
0.643	0.002667
0.643333	0.002667
0.643667	0.002667
0.644	0.002667
0.644333	0.002667
0.644667	0.002667
0.645	0.002667
0.645333	0.002667
0.645667	0.002667
0.646	0.002667
0.646333	0.002667
0.646667	0.002667
0.647	0.002667
0.647333	0.002667
0.647667	0.002667
0.648	0.002667
0.648333	0.002667
0.648667	0.002667
0.649	0.002667
0.649333	0.002667
0.649667	0.002667
0.65	0.002667
0.650333	0.002667
0.650667	0.002667
0.651	0.002667
0.651	0.003
0.651333	0.003
0.651667	0.003
0.652	0.003
0.652333	0.003
0.652667	0.003
0.653	0.003
0.653333	0.003
0.653667	0.003
0.654	0.003
0.654333	0.003
0.654667	0.003
0.655	0.003
0.655333	0.003
0.655667	0.003
0.656	0.003
0.656333	0.003
0.656667	0.003
0.657	0.003
0.657333	0.003
0.657667	0.003
0.658	0.003
0.658333	0.003
0.658667	0.003
0.659	0.003
0.659333	0.003
0.659667	0.003
0.66	0.003
0.660333	0.003
0.660667	0.003
0.661	0.003
0.661333	0.003
0.661667	0.003
0.662	0.003
0.662333	0.003
0.662667	0.003
0.663	0.003
0.663333	0.003
0.663667	0.003
0.664	0.003
0.664333	0.003
0.664667	0.003
0.665	0.003
0.665333	0.003
0.665667	0.003
0.666	0.003
0.666333	0.003
0.666667	0.003
0.667	0.003
0.667333	0.003
0.667667	0.003
0.668	0.003
0.668333	0.003
0.668667	0.003
0.669	0.003
0.669333	0.003
0.669667	0.003
0.67	0.003
0.670333	0.003
0.670667	0.003
0.671	0.003
0.671333	0.003
0.671667	0.003
0.672	0.003
0.672333	0.003
0.672667	0.003
0.673	0.003
0.673333	0.003
0.673667	0.003
0.674	0.003
0.674333	0.003
0.674667	0.003
0.675	0.003
0.675333	0.003
0.675667	0.003
0.676	0.003
0.676333	0.003
0.676667	0.003
0.677	0.003
0.677333	0.003
0.677667	0.003
0.678	0.003
0.678333	0.003
0.678667	0.003
0.679	0.003
0.679333	0.003
0.679667	0.003
0.68	0.003
0.680333	0.003
0.680667	0.003
0.681	0.003
0.681333	0.003
0.681667	0.003
0.682	0.003
0.682333	0.003
0.682667	0.003
0.683	0.003
0.683333	0.003
0.683667	0.003
0.684	0.003
0.684333	0.003
0.684667	0.003
0.685	0.003
0.685333	0.003
0.685667	0.003
0.686	0.003
0.686333	0.003
0.686667	0.003
0.687	0.003
0.687333	0.003
0.687667	0.003
0.688	0.003
0.688333	0.003
0.688667	0.003
0.689	0.003
0.689333	0.003
0.689667	0.003
0.69	0.003
0.690333	0.003
0.690667	0.003
0.691	0.003
0.691333	0.003
0.691667	0.003
0.692	0.003
0.692333	0.003
0.692667	0.003
0.693	0.003
0.693333	0.003
0.693667	0.003
0.694	0.003
0.694333	0.003
0.694667	0.003
0.695	0.003
0.695333	0.003
0.695667	0.003
0.696	0.003
0.696333	0.003
0.696667	0.003
0.697	0.003
0.697333	0.003
0.697667	0.003
0.698	0.003
0.698333	0.003
0.698667	0.003
0.699	0.003
0.699333	0.003
0.699667	0.003
0.7	0.003
0.700333	0.003
0.700667	0.003
0.701	0.003
0.701333	0.003
0.701667	0.003
0.702	0.003
0.702333	0.003
0.702667	0.003
0.703	0.003
0.703333	0.003
0.703667	0.003
0.704	0.003
0.704333	0.003
0.704667	0.003
0.705	0.003
0.705333	0.003
0.705667	0.003
0.706	0.003
0.706333	0.003
0.706667	0.003
0.707	0.003
0.707333	0.003
0.707667	0.003
0.708	0.003
0.708333	0.003
0.708667	0.003
0.709	0.003
0.709333	0.003
0.709667	0.003
0.71	0.003
0.710333	0.003
0.710667	0.003
0.711	0.003
0.711333	0.003
0.711667	0.003
0.712	0.003
0.712333	0.003
0.712667	0.003
0.713	0.003
0.713333	0.003
0.713667	0.003
0.713667	0.003333
0.713667	0.003667
0.714	0.003667
0.714333	0.003667
0.714333	0.004
0.714667	0.004
0.715	0.004
0.715333	0.004
0.715667	0.004
0.716	0.004
0.716333	0.004
0.716667	0.004
0.717	0.004
0.717333	0.004
0.717667	0.004
0.718	0.004
0.718333	0.004
0.718667	0.004
0.719	0.004
0.719333	0.004
0.719667	0.004
0.72	0.004
0.720333	0.004
0.720667	0.004
0.721	0.004
0.721333	0.004
0.721667	0.004
0.722	0.004
0.722333	0.004
0.722667	0.004
0.723	0.004
0.723333	0.004
0.723667	0.004
0.724	0.004
0.724333	0.004
0.724333	0.004333
0.724667	0.004333
0.725	0.004333
0.725333	0.004333
0.725667	0.004333
0.726	0.004333
0.726333	0.004333
0.726667	0.004333
0.727	0.004333
0.727333	0.004333
0.727667	0.004333
0.727667	0.004667
0.728	0.004667
0.728333	0.004667
0.728667	0.004667
0.729	0.004667
0.729333	0.004667
0.729667	0.004667
0.73	0.004667
0.730333	0.004667
0.730667	0.004667
0.731	0.004667
0.731333	0.004667
0.731667	0.004667
0.732	0.004667
0.732333	0.004667
0.732667	0.004667
0.733	0.004667
0.733333	0.004667
0.733667	0.004667
0.734	0.004667
0.734333	0.004667
0.734667	0.004667
0.735	0.004667
0.735333	0.004667
0.735667	0.004667
0.736	0.004667
0.736333	0.004667
0.736667	0.004667
0.737	0.004667
0.737333	0.004667
0.737667	0.004667
0.738	0.004667
0.738333	0.004667
0.738667	0.004667
0.739	0.004667
0.739333	0.004667
0.739667	0.004667
0.74	0.004667
0.740333	0.004667
0.740667	0.004667
0.741	0.004667
0.741333	0.004667
0.741667	0.004667
0.742	0.004667
0.742333	0.004667
0.742667	0.004667
0.743	0.004667
0.743333	0.004667
0.743667	0.004667
0.744	0.004667
0.744333	0.004667
0.744667	0.004667
0.745	0.004667
0.745333	0.004667
0.745667	0.004667
0.746	0.004667
0.746	0.005
0.746333	0.005
0.746667	0.005
0.747	0.005
0.747333	0.005
0.747667	0.005
0.747667	0.005333
0.748	0.005333
0.748333	0.005333
0.748667	0.005333
0.749	0.005333
0.749333	0.005333
0.749667	0.005333
0.75	0.005333
0.750333	0.005333
0.750667	0.005333
0.751	0.005333
0.751333	0.005333
0.751333	0.005667
0.751667	0.005667
0.752	0.005667
0.752333	0.005667
0.752667	0.005667
0.753	0.005667
0.753333	0.005667
0.753667	0.005667
0.754	0.005667
0.754333	0.005667
0.754667	0.005667
0.755	0.005667
0.755333	0.005667
0.755667	0.005667
0.756	0.005667
0.756333	0.005667
0.756667	0.005667
0.757	0.005667
0.757333	0.005667
0.757667	0.005667
0.758	0.005667
0.758333	0.005667
0.758667	0.005667
0.759	0.005667
0.759333	0.005667
0.759667	0.005667
0.76	0.005667
0.760333	0.005667
0.760667	0.005667
0.761	0.005667
0.761333	0.005667
0.761667	0.005667
0.762	0.005667
0.762333	0.005667
0.762667	0.005667
0.763	0.005667
0.763333	0.005667
0.763667	0.005667
0.764	0.005667
0.764333	0.005667
0.764667	0.005667
0.765	0.005667
0.765333	0.005667
0.765667	0.005667
0.766	0.005667
0.766333	0.005667
0.766667	0.005667
0.767	0.005667
0.767333	0.005667
0.767667	0.005667
0.768	0.005667
0.768333	0.005667
0.768667	0.005667
0.769	0.005667
0.769333	0.005667
0.769667	0.005667
0.77	0.005667
0.77	0.006
0.770333	0.006
0.770667	0.006
0.771	0.006
0.771333	0.006
0.771333	0.006333
0.771667	0.006333
0.772	0.006333
0.772333	0.006333
0.772667	0.006333
0.773	0.006333
0.773333	0.006333
0.773667	0.006333
0.774	0.006333
0.774333	0.006333
0.774667	0.006333
0.775	0.006333
0.775333	0.006333
0.775667	0.006333
0.776	0.006333
0.776333	0.006333
0.776667	0.006333
0.776667	0.006667
0.777	0.006667
0.777333	0.006667
0.777667	0.006667
0.778	0.006667
0.778	0.007
0.778333	0.007
0.778667	0.007
0.779	0.007
0.779333	0.007
0.779667	0.007
0.78	0.007
0.78	0.007333
0.780333	0.007333
0.780667	0.007333
0.781	0.007333
0.781333	0.007333
0.781667	0.007333
0.782	0.007333
0.782333	0.007333
0.782333	0.007667
0.782667	0.007667
0.783	0.007667
0.783333	0.007667
0.783667	0.007667
0.783667	0.008
0.784	0.008
0.784333	0.008
0.784667	0.008
0.785	0.008
0.785333	0.008
0.785667	0.008
0.786	0.008
0.786333	0.008
0.786667	0.008
0.787	0.008
0.787	0.008333
0.787333	0.008333
0.787667	0.008333
0.788	0.008333
0.788333	0.008333
0.788667	0.008333
0.789	0.008333
0.789333	0.008333
0.789667	0.008333
0.79	0.008333
0.790333	0.008333
0.790333	0.008667
0.790333	0.009
0.790667	0.009
0.791	0.009
0.791333	0.009
0.791667	0.009
0.792	0.009
0.792333	0.009
0.792667	0.009
0.793	0.009
0.793	0.009333
0.793333	0.009333
0.793667	0.009333
0.794	0.009333
0.794333	0.009333
0.794667	0.009333
0.794667	0.009667
0.795	0.009667
0.795333	0.009667
0.795667	0.009667
0.795667	0.01
0.796	0.01
0.796333	0.01
0.796667	0.01
0.797	0.01
0.797333	0.01
0.797667	0.01
0.798	0.01
0.798333	0.01
0.798667	0.01
0.799	0.01
0.799333	0.01
0.799333	0.010333
0.799667	0.010333
0.8	0.010333
0.800333	0.010333
0.800667	0.010333
0.801	0.010333
0.801333	0.010333
0.801667	0.010333
0.802	0.010333
0.802	0.010667
0.802	0.011
0.802333	0.011
0.802667	0.011
0.803	0.011
0.803333	0.011
0.803667	0.011
0.804	0.011
0.804333	0.011
0.804667	0.011
0.805	0.011
0.805333	0.011
0.805667	0.011
0.806	0.011
0.806333	0.011
0.806667	0.011
0.807	0.011
0.807333	0.011
0.807667	0.011
0.808	0.011
0.808333	0.011
0.808667	0.011
0.809	0.011
0.809	0.011333
0.809333	0.011333
0.809667	0.011333
0.81	0.011333
0.810333	0.011333
0.810667	0.011333
0.810667	0.011667
0.811	0.011667
0.811333	0.011667
0.811667	0.011667
0.812	0.011667
0.812333	0.011667
0.812667	0.011667
0.813	0.011667
0.813	0.012
0.813333	0.012
0.813667	0.012
0.814	0.012
0.814333	0.012
0.814667	0.012
0.814667	0.012333
0.815	0.012333
0.815	0.012667
0.815333	0.012667
0.815667	0.012667
0.816	0.012667
0.816333	0.012667
0.816667	0.012667
0.817	0.012667
0.817333	0.012667
0.817667	0.012667
0.818	0.012667
0.818333	0.012667
0.818667	0.012667
0.819	0.012667
0.819333	0.012667
0.819667	0.012667
0.82	0.012667
0.820333	0.012667
0.820667	0.012667
0.820667	0.013
0.821	0.013
0.821333	0.013
0.821667	0.013
0.822	0.013
0.822333	0.013
0.822667	0.013
0.823	0.013
0.823333	0.013
0.823667	0.013
0.824	0.013
0.824333	0.013
0.824333	0.013333
0.824667	0.013333
0.825	0.013333
0.825333	0.013333
0.825667	0.013333
0.826	0.013333
0.826333	0.013333
0.826667	0.013333
0.827	0.013333
0.827333	0.013333
0.827667	0.013333
0.828	0.013333
0.828	0.013667
0.828333	0.013667
0.828667	0.013667
0.829	0.013667
0.829333	0.013667
0.829667	0.013667
0.829667	0.014
0.83	0.014
0.830333	0.014
0.830667	0.014
0.831	0.014
0.831333	0.014
0.831667	0.014
0.832	0.014
0.832	0.014333
0.832333	0.014333
0.832667	0.014333
0.832667	0.014667
0.833	0.014667
0.833333	0.014667
0.833667	0.014667
0.833667	0.015
0.834	0.015
0.834333	0.015
0.834667	0.015
0.835	0.015
0.835333	0.015
0.835667	0.015
0.836	0.015
0.836333	0.015
0.836667	0.015
0.837	0.015
0.837333	0.015
0.837667	0.015
0.838	0.015
0.838333	0.015
0.838667	0.015
0.839	0.015
0.839333	0.015
0.839667	0.015
0.84	0.015
0.840333	0.015
0.840667	0.015
0.841	0.015
0.841333	0.015
0.841333	0.015333
0.841667	0.015333
0.842	0.015333
0.842333	0.015333
0.842667	0.015333
0.843	0.015333
0.843333	0.015333
0.843667	0.015333
0.844	0.015333
0.844333	0.015333
0.844333	0.015667
0.844667	0.015667
0.845	0.015667
0.845333	0.015667
0.845333	0.016
0.845667	0.016
0.846	0.016
0.846333	0.016
0.846333	0.016333
0.846667	0.016333
0.847	0.016333
0.847333	0.016333
0.847667	0.016333
0.848	0.016333
0.848333	0.016333
0.848667	0.016333
0.849	0.016333
0.849333	0.016333
0.849333	0.016667
0.849667	0.016667
0.849667	0.017
0.849667	0.017333
0.849667	0.017667
0.85	0.017667
0.850333	0.017667
0.850667	0.017667
0.851	0.017667
0.851333	0.017667
0.851667	0.017667
0.852	0.017667
0.852333	0.017667
0.852667	0.017667
0.853	0.017667
0.853333	0.017667
0.853667	0.017667
0.854	0.017667
0.854333	0.017667
0.854667	0.017667
0.854667	0.018
0.855	0.018
0.855333	0.018
0.855667	0.018
0.856	0.018
0.856333	0.018
0.856667	0.018
0.857	0.018
0.857333	0.018
0.857667	0.018
0.858	0.018
0.858	0.018333
0.858333	0.018333
0.858667	0.018333
0.858667	0.018667
0.859	0.018667
0.859333	0.018667
0.859667	0.018667
0.86	0.018667
0.860333	0.018667
0.860667	0.018667
0.861	0.018667
0.861333	0.018667
0.861667	0.018667
0.862	0.018667
0.862333	0.018667
0.862667	0.018667
0.863	0.018667
0.863333	0.018667
0.863333	0.019
0.863667	0.019
0.863667	0.019333
0.864	0.019333
0.864333	0.019333
0.864667	0.019333
0.864667	0.019667
0.865	0.019667
0.865333	0.019667
0.865667	0.019667
0.866	0.019667
0.866	0.02
0.866	0.020333
0.866333	0.020333
0.866333	0.020667
0.866667	0.020667
0.866667	0.021
0.866667	0.021333
0.867	0.021333
0.867	0.021667
0.867333	0.021667
0.867667	0.021667
0.868	0.021667
0.868333	0.021667
0.868333	0.022
0.868667	0.022
0.869	0.022
0.869333	0.022
0.869333	0.022333
0.869333	0.022667
0.869667	0.022667
0.87	0.022667
0.870333	0.022667
0.870667	0.022667
0.870667	0.023
0.871	0.023
0.871	0.023333
0.871333	0.023333
0.871667	0.023333
0.872	0.023333
0.872	0.023667
0.872333	0.023667
0.872667	0.023667
0.872667	0.024
0.873	0.024
0.873	0.024333
0.873333	0.024333
0.873333	0.024667
0.873667	0.024667
0.874	0.024667
0.874333	0.024667
0.874667	0.024667
0.874667	0.025
0.874667	0.025333
0.874667	0.025667
0.875	0.025667
0.875333	0.025667
0.875667	0.025667
0.876	0.025667
0.876	0.026
0.876333	0.026
0.876667	0.026
0.876667	0.026333
0.877	0.026333
0.877333	0.026333
0.877667	0.026333
0.878	0.026333
0.878	0.026667
0.878	0.027
0.878333	0.027
0.878667	0.027
0.879	0.027
0.879333	0.027
0.879667	0.027
0.88	0.027
0.88	0.027333
0.880333	0.027333
0.880667	0.027333
0.881	0.027333
0.881333	0.027333
0.881667	0.027333
0.882	0.027333
0.882333	0.027333
0.882667	0.027333
0.882667	0.027667
0.882667	0.028
0.883	0.028
0.883333	0.028
0.883333	0.028333
0.883333	0.028667
0.883667	0.028667
0.884	0.028667
0.884333	0.028667
0.884667	0.028667
0.885	0.028667
0.885	0.029
0.885	0.029333
0.885333	0.029333
0.885667	0.029333
0.886	0.029333
0.886333	0.029333
0.886333	0.029667
0.886333	0.03
0.886333	0.030333
0.886667	0.030333
0.887	0.030333
0.887	0.030667
0.887333	0.030667
0.887667	0.030667
0.888	0.030667
0.888333	0.030667
0.888333	0.031
0.888667	0.031
0.889	0.031
0.889333	0.031
0.889667	0.031
0.89	0.031
0.89	0.031333
0.89	0.031667
0.890333	0.031667
0.890667	0.031667
0.890667	0.032
0.890667	0.032333
0.891	0.032333
0.891333	0.032333
0.891667	0.032333
0.892	0.032333
0.892333	0.032333
0.892667	0.032333
0.892667	0.032667
0.892667	0.033
0.893	0.033
0.893	0.033333
0.893333	0.033333
0.893333	0.033667
0.893667	0.033667
0.894	0.033667
0.894333	0.033667
0.894667	0.033667
0.894667	0.034
0.895	0.034
0.895333	0.034
0.895667	0.034
0.895667	0.034333
0.896	0.034333
0.896333	0.034333
0.896667	0.034333
0.897	0.034333
0.897	0.034667
0.897333	0.034667
0.897667	0.034667
0.898	0.034667
0.898	0.035
0.898	0.035333
0.898	0.035667
0.898333	0.035667
0.898333	0.036
0.898667	0.036
0.898667	0.036333
0.899	0.036333
0.899333	0.036333
0.899667	0.036333
0.9	0.036333
0.9	0.036667
0.900333	0.036667
0.900667	0.036667
0.901	0.036667
0.901333	0.036667
0.901667	0.036667
0.902	0.036667
0.902	0.037
0.902333	0.037
0.902667	0.037
0.902667	0.037333
0.902667	0.037667
0.903	0.037667
0.903333	0.037667
0.903667	0.037667
0.904	0.037667
0.904333	0.037667
0.904333	0.038
0.904333	0.038333
0.904667	0.038333
0.905	0.038333
0.905333	0.038333
0.905333	0.038667
0.905667	0.038667
0.906	0.038667
0.906	0.039
0.906333	0.039
0.906667	0.039
0.907	0.039
0.907333	0.039
0.907667	0.039
0.908	0.039
0.908333	0.039
0.908667	0.039
0.909	0.039
0.909333	0.039
0.909333	0.039333
0.909667	0.039333
0.91	0.039333
0.91	0.039667
0.91	0.04
0.910333	0.04
0.910333	0.040333
0.910667	0.040333
0.910667	0.040667
0.911	0.040667
0.911333	0.040667
0.911333	0.041
0.911333	0.041333
0.911333	0.041667
0.911333	0.042
0.911333	0.042333
0.911333	0.042667
0.911333	0.043
0.911333	0.043333
0.911333	0.043667
0.911667	0.043667
0.911667	0.044
0.912	0.044
0.912333	0.044
0.912667	0.044
0.912667	0.044333
0.913	0.044333
0.913	0.044667
0.913333	0.044667
0.913667	0.044667
0.913667	0.045
0.914	0.045
0.914	0.045333
0.914333	0.045333
0.914667	0.045333
0.914667	0.045667
0.915	0.045667
0.915	0.046
0.915	0.046333
0.915	0.046667
0.915	0.047
0.915333	0.047
0.915333	0.047333
0.915333	0.047667
0.915667	0.047667
0.916	0.047667
0.916	0.048
0.916	0.048333
0.916	0.048667
0.916	0.049
0.916333	0.049
0.916667	0.049
0.916667	0.049333
0.917	0.049333
0.917	0.049667
0.917	0.05
0.917333	0.05
0.917333	0.050333
0.917333	0.050667
0.917333	0.051
0.917667	0.051
0.918	0.051
0.918	0.051333
0.918333	0.051333
0.918333	0.051667
0.918333	0.052
0.918333	0.052333
0.918333	0.052667
0.918333	0.053
0.918333	0.053333
0.918667	0.053333
0.919	0.053333
0.919333	0.053333
0.919667	0.053333
0.919667	0.053667
0.92	0.053667
0.92	0.054
0.92	0.054333
0.92	0.054667
0.92	0.055
0.92	0.055333
0.920333	0.055333
0.920333	0.055667
0.920333	0.056
0.920333	0.056333
0.920333	0.056667
0.920333	0.057
0.920333	0.057333
0.920333	0.057667
0.920667	0.057667
0.920667	0.058
0.921	0.058
0.921333	0.058
0.921333	0.058333
0.921333	0.058667
0.921667	0.058667
0.921667	0.059
0.921667	0.059333
0.921667	0.059667
0.922	0.059667
0.922	0.06
0.922	0.060333
0.922	0.060667
0.922333	0.060667
0.922333	0.061
0.922667	0.061
0.922667	0.061333
0.922667	0.061667
0.922667	0.062
0.923	0.062
0.923333	0.062
0.923667	0.062
0.923667	0.062333
0.923667	0.062667
0.923667	0.063
0.923667	0.063333
0.923667	0.063667
0.924	0.063667
0.924333	0.063667
0.924667	0.063667
0.924667	0.064
0.924667	0.064333
0.924667	0.064667
0.925	0.064667
0.925	0.065
0.925	0.065333
0.925	0.065667
0.925	0.066
0.925	0.066333
0.925	0.066667
0.925333	0.066667
0.925333	0.067
0.925667	0.067
0.925667	0.067333
0.926	0.067333
0.926333	0.067333
0.926333	0.067667
0.926667	0.067667
0.927	0.067667
0.927333	0.067667
0.927667	0.067667
0.928	0.067667
0.928	0.068
0.928333	0.068
0.928333	0.068333
0.928333	0.068667
0.928667	0.068667
0.928667	0.069
0.929	0.069
0.929	0.069333
0.929	0.069667
0.929	0.07
0.929	0.070333
0.929	0.070667
0.929333	0.070667
0.929667	0.070667
0.93	0.070667
0.93	0.071
0.930333	0.071
0.930333	0.071333
0.930667	0.071333
0.930667	0.071667
0.930667	0.072
0.931	0.072
0.931	0.072333
0.931333	0.072333
0.931333	0.072667
0.931667	0.072667
0.932	0.072667
0.932	0.073
0.932	0.073333
0.932333	0.073333
0.932333	0.073667
0.932333	0.074
0.932333	0.074333
0.932667	0.074333
0.932667	0.074667
0.932667	0.075
0.933	0.075
0.933333	0.075
0.933333	0.075333
0.933333	0.075667
0.933333	0.076
0.933333	0.076333
0.933333	0.076667
0.933333	0.077
0.933333	0.077333
0.933333	0.077667
0.933667	0.077667
0.933667	0.078
0.933667	0.078333
0.934	0.078333
0.934	0.078667
0.934	0.079
0.934333	0.079
0.934333	0.079333
0.934667	0.079333
0.935	0.079333
0.935	0.079667
0.935	0.08
0.935	0.080333
0.935	0.080667
0.935	0.081
0.935333	0.081
0.935333	0.081333
0.935333	0.081667
0.935333	0.082
0.935333	0.082333
0.935333	0.082667
0.935333	0.083
0.935667	0.083
0.935667	0.083333
0.935667	0.083667
0.935667	0.084
0.935667	0.084333
0.935667	0.084667
0.935667	0.085
0.936	0.085
0.936	0.085333
0.936	0.085667
0.936	0.086
0.936333	0.086
0.936333	0.086333
0.936333	0.086667
0.936333	0.087
0.936333	0.087333
0.936333	0.087667
0.936667	0.087667
0.936667	0.088
0.936667	0.088333
0.937	0.088333
0.937	0.088667
0.937	0.089
0.937333	0.089
0.937333	0.089333
0.937333	0.089667
0.937667	0.089667
0.937667	0.09
0.938	0.09
0.938	0.090333
0.938333	0.090333
0.938333	0.090667
0.938333	0.091
0.938333	0.091333
0.938333	0.091667
0.938667	0.091667
0.938667	0.092
0.938667	0.092333
0.938667	0.092667
0.938667	0.093
0.938667	0.093333
0.938667	0.093667
0.939	0.093667
0.939	0.094
0.939	0.094333
0.939333	0.094333
0.939333	0.094667
0.939333	0.095
0.939333	0.095333
0.939333	0.095667
0.939333	0.096
0.939667	0.096
0.939667	0.096333
0.939667	0.096667
0.939667	0.097
0.939667	0.097333
0.939667	0.097667
0.939667	0.098
0.939667	0.098333
0.939667	0.098667
0.94	0.098667
0.940333	0.098667
0.940333	0.099
0.940667	0.099
0.940667	0.099333
0.941	0.099333
0.941	0.099667
0.941	0.1
0.941	0.100333
0.941	0.100667
0.941333	0.100667
0.941667	0.100667
0.941667	0.101
0.941667	0.101333
0.941667	0.101667
0.941667	0.102
0.942	0.102
0.942333	0.102
0.942333	0.102333
0.942333	0.102667
0.942333	0.103
0.942333	0.103333
0.942667	0.103333
0.942667	0.103667
0.942667	0.104
0.942667	0.104333
0.942667	0.104667
0.942667	0.105
0.942667	0.105333
0.942667	0.105667
0.942667	0.106
0.943	0.106
0.943	0.106333
0.943	0.106667
0.943	0.107
0.943	0.107333
0.943	0.107667
0.943333	0.107667
0.943667	0.107667
0.944	0.107667
0.944	0.108
0.944	0.108333
0.944	0.108667
0.944	0.109
0.944333	0.109
0.944667	0.109
0.944667	0.109333
0.944667	0.109667
0.945	0.109667
0.945	0.11
0.945	0.110333
0.945	0.110667
0.945	0.111
0.945	0.111333
0.945333	0.111333
0.945333	0.111667
0.945333	0.112
0.945333	0.112333
0.945333	0.112667
0.945667	0.112667
0.945667	0.113
0.945667	0.113333
0.945667	0.113667
0.945667	0.114
0.945667	0.114333
0.945667	0.114667
0.945667	0.115
0.945667	0.115333
0.945667	0.115667
0.945667	0.116
0.945667	0.116333
0.945667	0.116667
0.945667	0.117
0.945667	0.117333
0.945667	0.117667
0.945667	0.118
0.946	0.118
0.946	0.118333
0.946	0.118667
0.946	0.119
0.946	0.119333
0.946	0.119667
0.946	0.12
0.946	0.120333
0.946	0.120667
0.946	0.121
0.946	0.121333
0.946	0.121667
0.946	0.122
0.946	0.122333
0.946	0.122667
0.946	0.123
0.946	0.123333
0.946	0.123667
0.946333	0.123667
0.946333	0.124
0.946333	0.124333
0.946333	0.124667
0.946667	0.124667
0.947	0.124667
0.947	0.125
0.947	0.125333
0.947	0.125667
0.947	0.126
0.947	0.126333
0.947	0.126667
0.947	0.127
0.947	0.127333
0.947	0.127667
0.947333	0.127667
0.947667	0.127667
0.947667	0.128
0.947667	0.128333
0.947667	0.128667
0.947667	0.129
0.947667	0.129333
0.947667	0.129667
0.947667	0.13
0.947667	0.130333
0.947667	0.130667
0.947667	0.131
0.947667	0.131333
0.947667	0.131667
0.948	0.131667
0.948333	0.131667
0.948667	0.131667
0.948667	0.132
0.949	0.132
0.949	0.132333
0.949	0.132667
0.949333	0.132667
0.949333	0.133
0.949667	0.133
0.949667	0.133333
0.949667	0.133667
0.949667	0.134
0.949667	0.134333
0.949667	0.134667
0.949667	0.135
0.949667	0.135333
0.949667	0.135667
0.949667	0.136
0.949667	0.136333
0.949667	0.136667
0.95	0.136667
0.95	0.137
0.950333	0.137
0.950667	0.137
0.951	0.137
0.951	0.137333
0.951333	0.137333
0.951333	0.137667
0.951667	0.137667
0.951667	0.138
0.951667	0.138333
0.951667	0.138667
0.952	0.138667
0.952	0.139
0.952	0.139333
0.952	0.139667
0.952	0.14
0.952	0.140333
0.952	0.140667
0.952	0.141
0.952	0.141333
0.952	0.141667
0.952	0.142
0.952	0.142333
0.952	0.142667
0.952	0.143
0.952	0.143333
0.952	0.143667
0.952	0.144
0.952333	0.144
0.952667	0.144
0.952667	0.144333
0.952667	0.144667
0.952667	0.145
0.952667	0.145333
0.952667	0.145667
0.952667	0.146
0.952667	0.146333
0.952667	0.146667
0.952667	0.147
0.953	0.147
0.953	0.147333
0.953	0.147667
0.953	0.148
0.953	0.148333
0.953	0.148667
0.953	0.149
0.953	0.149333
0.953	0.149667
0.953333	0.149667
0.953333	0.15
0.953667	0.15
0.953667	0.150333
0.954	0.150333
0.954	0.150667
0.954333	0.150667
0.954667	0.150667
0.954667	0.151
0.954667	0.151333
0.954667	0.151667
0.954667	0.152
0.954667	0.152333
0.955	0.152333
0.955	0.152667
0.955333	0.152667
0.955333	0.153
0.955333	0.153333
0.955333	0.153667
0.955333	0.154
0.955333	0.154333
0.955333	0.154667
0.955333	0.155
0.955333	0.155333
0.955333	0.155667
0.955333	0.156
0.955333	0.156333
0.955667	0.156333
0.955667	0.156667
0.955667	0.157
0.956	0.157
0.956	0.157333
0.956333	0.157333
0.956333	0.157667
0.956333	0.158
0.956333	0.158333
0.956333	0.158667
0.956333	0.159
0.956333	0.159333
0.956333	0.159667
0.956333	0.16
0.956667	0.16
0.956667	0.160333
0.956667	0.160667
0.956667	0.161
0.956667	0.161333
0.957	0.161333
0.957	0.161667
0.957333	0.161667
0.957333	0.162
0.957333	0.162333
0.957333	0.162667
0.957667	0.162667
0.958	0.162667
0.958333	0.162667
0.958333	0.163
0.958333	0.163333
0.958333	0.163667
0.958333	0.164
0.958333	0.164333
0.958333	0.164667
0.958333	0.165
0.958333	0.165333
0.958333	0.165667
0.958333	0.166
0.958333	0.166333
0.958667	0.166333
0.958667	0.166667
0.958667	0.167
0.959	0.167
0.959333	0.167
0.959333	0.167333
0.959333	0.167667
0.959667	0.167667
0.96	0.167667
0.96	0.168
0.960333	0.168
0.960333	0.168333
0.960667	0.168333
0.960667	0.168667
0.960667	0.169
0.960667	0.169333
0.960667	0.169667
0.960667	0.17
0.960667	0.170333
0.960667	0.170667
0.960667	0.171
0.960667	0.171333
0.960667	0.171667
0.960667	0.172
0.960667	0.172333
0.960667	0.172667
0.960667	0.173
0.961	0.173
0.961	0.173333
0.961	0.173667
0.961	0.174
0.961	0.174333
0.961	0.174667
0.961333	0.174667
0.961333	0.175
0.961333	0.175333
0.961333	0.175667
0.961667	0.175667
0.961667	0.176
0.961667	0.176333
0.961667	0.176667
0.961667	0.177
0.962	0.177
0.962	0.177333
0.962	0.177667
0.962	0.178
0.962	0.178333
0.962	0.178667
0.962	0.179
0.962	0.179333
0.962	0.179667
0.962	0.18
0.962	0.180333
0.962	0.180667
0.962333	0.180667
0.962333	0.181
0.962333	0.181333
0.962667	0.181333
0.962667	0.181667
0.962667	0.182
0.962667	0.182333
0.962667	0.182667
0.962667	0.183
0.962667	0.183333
0.962667	0.183667
0.962667	0.184
0.963	0.184
0.963333	0.184
0.963333	0.184333
0.963333	0.184667
0.963333	0.185
0.963333	0.185333
0.963333	0.185667
0.963333	0.186
0.963667	0.186
0.963667	0.186333
0.964	0.186333
0.964	0.186667
0.964	0.187
0.964	0.187333
0.964	0.187667
0.964	0.188
0.964	0.188333
0.964	0.188667
0.964	0.189
0.964	0.189333
0.964	0.189667
0.964	0.19
0.964	0.190333
0.964	0.190667
0.964	0.191
0.964	0.191333
0.964333	0.191333
0.964333	0.191667
0.964333	0.192
0.964333	0.192333
0.964333	0.192667
0.964667	0.192667
0.964667	0.193
0.964667	0.193333
0.964667	0.193667
0.964667	0.194
0.965	0.194
0.965	0.194333
0.965	0.194667
0.965	0.195
0.965	0.195333
0.965	0.195667
0.965	0.196
0.965	0.196333
0.965	0.196667
0.965	0.197
0.965	0.197333
0.965333	0.197333
0.965333	0.197667
0.965333	0.198
0.965333	0.198333
0.965333	0.198667
0.965333	0.199
0.965333	0.199333
0.965333	0.199667
0.965333	0.2
0.965667	0.2
0.965667	0.200333
0.965667	0.200667
0.966	0.200667
0.966	0.201
0.966	0.201333
0.966	0.201667
0.966	0.202
0.966	0.202333
0.966	0.202667
0.966	0.203
0.966	0.203333
0.966	0.203667
0.966333	0.203667
0.966667	0.203667
0.966667	0.204
0.966667	0.204333
0.966667	0.204667
0.967	0.204667
0.967333	0.204667
0.967333	0.205
0.967333	0.205333
0.967333	0.205667
0.967333	0.206
0.967333	0.206333
0.967333	0.206667
0.967333	0.207
0.967333	0.207333
0.967333	0.207667
0.967333	0.208
0.967667	0.208
0.967667	0.208333
0.968	0.208333
0.968	0.208667
0.968	0.209
0.968	0.209333
0.968	0.209667
0.968	0.21
0.968	0.210333
0.968	0.210667
0.968	0.211
0.968	0.211333
0.968333	0.211333
0.968333	0.211667
0.968333	0.212
0.968333	0.212333
0.968333	0.212667
0.968333	0.213
0.968333	0.213333
0.968333	0.213667
0.968333	0.214
0.968333	0.214333
0.968667	0.214333
0.968667	0.214667
0.968667	0.215
0.968667	0.215333
0.968667	0.215667
0.968667	0.216
0.968667	0.216333
0.968667	0.216667
0.968667	0.217
0.968667	0.217333
0.968667	0.217667
0.968667	0.218
0.968667	0.218333
0.968667	0.218667
0.968667	0.219
0.968667	0.219333
0.968667	0.219667
0.968667	0.22
0.968667	0.220333
0.968667	0.220667
0.968667	0.221
0.969	0.221
0.969	0.221333
0.969	0.221667
0.969	0.222
0.969	0.222333
0.969	0.222667
0.969	0.223
0.969333	0.223
0.969333	0.223333
0.969333	0.223667
0.969333	0.224
0.969333	0.224333
0.969333	0.224667
0.969333	0.225
0.969333	0.225333
0.969333	0.225667
0.969333	0.226
0.969333	0.226333
0.969333	0.226667
0.969333	0.227
0.969333	0.227333
0.969333	0.227667
0.969333	0.228
0.969333	0.228333
0.969333	0.228667
0.969333	0.229
0.969667	0.229
0.969667	0.229333
0.969667	0.229667
0.969667	0.23
0.969667	0.230333
0.969667	0.230667
0.969667	0.231
0.969667	0.231333
0.969667	0.231667
0.969667	0.232
0.969667	0.232333
0.969667	0.232667
0.969667	0.233
0.969667	0.233333
0.969667	0.233667
0.97	0.233667
0.97	0.234
0.97	0.234333
0.97	0.234667
0.97	0.235
0.97	0.235333
0.97	0.235667
0.97	0.236
0.970333	0.236
0.970333	0.236333
0.970333	0.236667
0.970333	0.237
0.970333	0.237333
0.970333	0.237667
0.970333	0.238
0.970333	0.238333
0.970333	0.238667
0.970333	0.239
0.970333	0.239333
0.970333	0.239667
0.970333	0.24
0.970333	0.240333
0.970333	0.240667
0.970333	0.241
0.970667	0.241
0.970667	0.241333
0.970667	0.241667
0.970667	0.242
0.970667	0.242333
0.970667	0.242667
0.970667	0.243
0.970667	0.243333
0.970667	0.243667
0.970667	0.244
0.971	0.244
0.971	0.244333
0.971	0.244667
0.971	0.245
0.971333	0.245
0.971333	0.245333
0.971333	0.245667
0.971333	0.246
0.971333	0.246333
0.971333	0.246667
0.971333	0.247
0.971333	0.247333
0.971667	0.247333
0.971667	0.247667
0.972	0.247667
0.972	0.248
0.972	0.248333
0.972	0.248667
0.972	0.249
0.972	0.249333
0.972333	0.249333
0.972333	0.249667
0.972667	0.249667
0.972667	0.25
0.972667	0.250333
0.972667	0.250667
0.972667	0.251
0.972667	0.251333
0.972667	0.251667
0.972667	0.252
0.972667	0.252333
0.972667	0.252667
0.973	0.252667
0.973	0.253
0.973	0.253333
0.973333	0.253333
0.973333	0.253667
0.973333	0.254
0.973333	0.254333
0.973333	0.254667
0.973333	0.255
0.973333	0.255333
0.973333	0.255667
0.973333	0.256
0.973667	0.256
0.973667	0.256333
0.973667	0.256667
0.973667	0.257
0.973667	0.257333
0.973667	0.257667
0.973667	0.258
0.973667	0.258333
0.973667	0.258667
0.973667	0.259
0.973667	0.259333
0.973667	0.259667
0.973667	0.26
0.973667	0.260333
0.974	0.260333
0.974	0.260667
0.974	0.261
0.974	0.261333
0.974	0.261667
0.974	0.262
0.974	0.262333
0.974	0.262667
0.974	0.263
0.974	0.263333
0.974	0.263667
0.974	0.264
0.974	0.264333
0.974	0.264667
0.974	0.265
0.974	0.265333
0.974	0.265667
0.974	0.266
0.974	0.266333
0.974	0.266667
0.974333	0.266667
0.974333	0.267
0.974333	0.267333
0.974333	0.267667
0.974333	0.268
0.974333	0.268333
0.974667	0.268333
0.974667	0.268667
0.974667	0.269
0.974667	0.269333
0.974667	0.269667
0.974667	0.27
0.974667	0.270333
0.974667	0.270667
0.974667	0.271
0.974667	0.271333
0.974667	0.271667
0.974667	0.272
0.975	0.272
0.975	0.272333
0.975333	0.272333
0.975667	0.272333
0.975667	0.272667
0.975667	0.273
0.975667	0.273333
0.975667	0.273667
0.975667	0.274
0.975667	0.274333
0.975667	0.274667
0.975667	0.275
0.975667	0.275333
0.975667	0.275667
0.975667	0.276
0.975667	0.276333
0.975667	0.276667
0.975667	0.277
0.976	0.277
0.976	0.277333
0.976	0.277667
0.976	0.278
0.976	0.278333
0.976	0.278667
0.976	0.279
0.976	0.279333
0.976333	0.279333
0.976333	0.279667
0.976333	0.28
0.976667	0.28
0.976667	0.280333
0.976667	0.280667
0.976667	0.281
0.977	0.281
0.977	0.281333
0.977	0.281667
0.977	0.282
0.977	0.282333
0.977	0.282667
0.977333	0.282667
0.977333	0.283
0.977333	0.283333
0.977333	0.283667
0.977333	0.284
0.977333	0.284333
0.977667	0.284333
0.977667	0.284667
0.977667	0.285
0.977667	0.285333
0.977667	0.285667
0.977667	0.286
0.977667	0.286333
0.977667	0.286667
0.977667	0.287
0.977667	0.287333
0.977667	0.287667
0.977667	0.288
0.977667	0.288333
0.977667	0.288667
0.977667	0.289
0.977667	0.289333
0.977667	0.289667
0.978	0.289667
0.978	0.29
0.978	0.290333
0.978	0.290667
0.978	0.291
0.978	0.291333
0.978	0.291667
0.978	0.292
0.978	0.292333
0.978	0.292667
0.978	0.293
0.978333	0.293
0.978333	0.293333
0.978667	0.293333
0.978667	0.293667
0.978667	0.294
0.978667	0.294333
0.978667	0.294667
0.978667	0.295
0.978667	0.295333
0.978667	0.295667
0.978667	0.296
0.979	0.296
0.979	0.296333
0.979	0.296667
0.979	0.297
0.979	0.297333
0.979	0.297667
0.979	0.298
0.979	0.298333
0.979	0.298667
0.979	0.299
0.979	0.299333
0.979	0.299667
0.979	0.3
0.979	0.300333
0.979	0.300667
0.979	0.301
0.979	0.301333
0.979	0.301667
0.979	0.302
0.979	0.302333
0.979	0.302667
0.979	0.303
0.979	0.303333
0.979	0.303667
0.979	0.304
0.979	0.304333
0.979	0.304667
0.979	0.305
0.979	0.305333
0.979333	0.305333
0.979333	0.305667
0.979333	0.306
0.979333	0.306333
0.979333	0.306667
0.979667	0.306667
0.979667	0.307
0.979667	0.307333
0.98	0.307333
0.98	0.307667
0.980333	0.307667
0.980333	0.308
0.980333	0.308333
0.980333	0.308667
0.980333	0.309
0.980333	0.309333
0.980333	0.309667
0.980333	0.31
0.980333	0.310333
0.980333	0.310667
0.980333	0.311
0.980333	0.311333
0.980333	0.311667
0.980333	0.312
0.980333	0.312333
0.980333	0.312667
0.980333	0.313
0.980333	0.313333
0.980333	0.313667
0.980333	0.314
0.980667	0.314
0.980667	0.314333
0.980667	0.314667
0.981	0.314667
0.981	0.315
0.981	0.315333
0.981	0.315667
0.981333	0.315667
0.981667	0.315667
0.981667	0.316
0.982	0.316
0.982	0.316333
0.982	0.316667
0.982	0.317
0.982	0.317333
0.982	0.317667
0.982	0.318
0.982	0.318333
0.982	0.318667
0.982	0.319
0.982	0.319333
0.982	0.319667
0.982	0.32
0.982	0.320333
0.982	0.320667
0.982	0.321
0.982	0.321333
0.982	0.321667
0.982	0.322
0.982	0.322333
0.982	0.322667
0.982	0.323
0.982	0.323333
0.982	0.323667
0.982	0.324
0.982	0.324333
0.982333	0.324333
0.982333	0.324667
0.982333	0.325
0.982667	0.325
0.982667	0.325333
0.982667	0.325667
0.982667	0.326
0.983	0.326
0.983	0.326333
0.983	0.326667
0.983	0.327
0.983	0.327333
0.983	0.327667
0.983	0.328
0.983	0.328333
0.983	0.328667
0.983	0.329
0.983	0.329333
0.983	0.329667
0.983	0.33
0.983	0.330333
0.983	0.330667
0.983	0.331
0.983	0.331333
0.983	0.331667
0.983	0.332
0.983	0.332333
0.983	0.332667
0.983	0.333
0.983	0.333333
0.983	0.333667
0.983	0.334
0.983	0.334333
0.983	0.334667
0.983	0.335
0.983	0.335333
0.983	0.335667
0.983	0.336
0.983	0.336333
0.983	0.336667
0.983	0.337
0.983	0.337333
0.983	0.337667
0.983333	0.337667
0.983333	0.338
0.983333	0.338333
0.983333	0.338667
0.983333	0.339
0.983333	0.339333
0.983667	0.339333
0.983667	0.339667
0.983667	0.34
0.983667	0.340333
0.983667	0.340667
0.983667	0.341
0.983667	0.341333
0.983667	0.341667
0.983667	0.342
0.984	0.342
0.984333	0.342
0.984333	0.342333
0.984333	0.342667
0.984333	0.343
0.984333	0.343333
0.984333	0.343667
0.984333	0.344
0.984333	0.344333
0.984333	0.344667
0.984333	0.345
0.984333	0.345333
0.984333	0.345667
0.984333	0.346
0.984333	0.346333
0.984333	0.346667
0.984333	0.347
0.984333	0.347333
0.984333	0.347667
0.984333	0.348
0.984333	0.348333
0.984333	0.348667
0.984333	0.349
0.984333	0.349333
0.984333	0.349667
0.984333	0.35
0.984333	0.350333
0.984333	0.350667
0.984333	0.351
0.984333	0.351333
0.984333	0.351667
0.984333	0.352
0.984667	0.352
0.984667	0.352333
0.984667	0.352667
0.984667	0.353
0.984667	0.353333
0.984667	0.353667
0.984667	0.354
0.984667	0.354333
0.984667	0.354667
0.984667	0.355
0.984667	0.355333
0.984667	0.355667
0.984667	0.356
0.985	0.356
0.985	0.356333
0.985	0.356667
0.985	0.357
0.985	0.357333
0.985	0.357667
0.985	0.358
0.985	0.358333
0.985	0.358667
0.985	0.359
0.985	0.359333
0.985	0.359667
0.985	0.36
0.985	0.360333
0.985	0.360667
0.985	0.361
0.985	0.361333
0.985	0.361667
0.985	0.362
0.985	0.362333
0.985	0.362667
0.985	0.363
0.985	0.363333
0.985	0.363667
0.985	0.364
0.985333	0.364
0.985333	0.364333
0.985333	0.364667
0.985333	0.365
0.985333	0.365333
0.985333	0.365667
0.985333	0.366
0.985333	0.366333
0.985333	0.366667
0.985333	0.367
0.985333	0.367333
0.985333	0.367667
0.985333	0.368
0.985333	0.368333
0.985333	0.368667
0.985333	0.369
0.985333	0.369333
0.985333	0.369667
0.985333	0.37
0.985333	0.370333
0.985333	0.370667
0.985333	0.371
0.985667	0.371
0.985667	0.371333
0.985667	0.371667
0.985667	0.372
0.985667	0.372333
0.985667	0.372667
0.985667	0.373
0.985667	0.373333
0.985667	0.373667
0.985667	0.374
0.985667	0.374333
0.985667	0.374667
0.985667	0.375
0.985667	0.375333
0.985667	0.375667
0.985667	0.376
0.985667	0.376333
0.985667	0.376667
0.985667	0.377
0.985667	0.377333
0.985667	0.377667
0.986	0.377667
0.986	0.378
0.986333	0.378
0.986333	0.378333
0.986333	0.378667
0.986333	0.379
0.986333	0.379333
0.986333	0.379667
0.986333	0.38
0.986333	0.380333
0.986333	0.380667
0.986333	0.381
0.986333	0.381333
0.986667	0.381333
0.986667	0.381667
0.986667	0.382
0.986667	0.382333
0.986667	0.382667
0.986667	0.383
0.986667	0.383333
0.986667	0.383667
0.986667	0.384
0.986667	0.384333
0.986667	0.384667
0.986667	0.385
0.986667	0.385333
0.986667	0.385667
0.986667	0.386
0.986667	0.386333
0.986667	0.386667
0.986667	0.387
0.987	0.387
0.987	0.387333
0.987	0.387667
0.987	0.388
0.987	0.388333
0.987	0.388667
0.987	0.389
0.987	0.389333
0.987	0.389667
0.987	0.39
0.987	0.390333
0.987	0.390667
0.987	0.391
0.987	0.391333
0.987	0.391667
0.987	0.392
0.987	0.392333
0.987	0.392667
0.987	0.393
0.987	0.393333
0.987	0.393667
0.987	0.394
0.987	0.394333
0.987	0.394667
0.987	0.395
0.987	0.395333
0.987	0.395667
0.987	0.396
0.987	0.396333
0.987	0.396667
0.987	0.397
0.987	0.397333
0.987	0.397667
0.987	0.398
0.987	0.398333
0.987	0.398667
0.987	0.399
0.987	0.399333
0.987	0.399667
0.987	0.4
0.987	0.400333
0.987	0.400667
0.987	0.401
0.987	0.401333
0.987	0.401667
0.987	0.402
0.987	0.402333
0.987	0.402667
0.987	0.403
0.987	0.403333
0.987	0.403667
0.987	0.404
0.987	0.404333
0.987	0.404667
0.987	0.405
0.987	0.405333
0.987	0.405667
0.987	0.406
0.987	0.406333
0.987	0.406667
0.987	0.407
0.987	0.407333
0.987	0.407667
0.987	0.408
0.987	0.408333
0.987333	0.408333
0.987333	0.408667
0.987333	0.409
0.987333	0.409333
0.987333	0.409667
0.987667	0.409667
0.987667	0.41
0.987667	0.410333
0.987667	0.410667
0.987667	0.411
0.987667	0.411333
0.987667	0.411667
0.987667	0.412
0.987667	0.412333
0.987667	0.412667
0.987667	0.413
0.987667	0.413333
0.987667	0.413667
0.987667	0.414
0.987667	0.414333
0.987667	0.414667
0.987667	0.415
0.987667	0.415333
0.987667	0.415667
0.988	0.415667
0.988	0.416
0.988	0.416333
0.988	0.416667
0.988	0.417
0.988	0.417333
0.988	0.417667
0.988	0.418
0.988	0.418333
0.988	0.418667
0.988	0.419
0.988	0.419333
0.988	0.419667
0.988333	0.419667
0.988333	0.42
0.988333	0.420333
0.988333	0.420667
0.988333	0.421
0.988333	0.421333
0.988667	0.421333
0.988667	0.421667
0.988667	0.422
0.988667	0.422333
0.988667	0.422667
0.988667	0.423
0.988667	0.423333
0.988667	0.423667
0.988667	0.424
0.988667	0.424333
0.988667	0.424667
0.988667	0.425
0.988667	0.425333
0.988667	0.425667
0.988667	0.426
0.988667	0.426333
0.988667	0.426667
0.988667	0.427
0.988667	0.427333
0.988667	0.427667
0.988667	0.428
0.988667	0.428333
0.988667	0.428667
0.988667	0.429
0.988667	0.429333
0.988667	0.429667
0.988667	0.43
0.988667	0.430333
0.988667	0.430667
0.988667	0.431
0.988667	0.431333
0.988667	0.431667
0.988667	0.432
0.988667	0.432333
0.988667	0.432667
0.988667	0.433
0.988667	0.433333
0.988667	0.433667
0.988667	0.434
0.988667	0.434333
0.988667	0.434667
0.988667	0.435
0.988667	0.435333
0.988667	0.435667
0.988667	0.436
0.988667	0.436333
0.988667	0.436667
0.988667	0.437
0.989	0.437
0.989	0.437333
0.989	0.437667
0.989	0.438
0.989	0.438333
0.989	0.438667
0.989	0.439
0.989	0.439333
0.989333	0.439333
0.989333	0.439667
0.989333	0.44
0.989667	0.44
0.989667	0.440333
0.989667	0.440667
0.989667	0.441
0.989667	0.441333
0.989667	0.441667
0.989667	0.442
0.989667	0.442333
0.989667	0.442667
0.989667	0.443
0.989667	0.443333
0.989667	0.443667
0.989667	0.444
0.989667	0.444333
0.989667	0.444667
0.989667	0.445
0.99	0.445
0.99	0.445333
0.99	0.445667
0.99	0.446
0.99	0.446333
0.99	0.446667
0.99	0.447
0.99	0.447333
0.99	0.447667
0.99	0.448
0.99	0.448333
0.99	0.448667
0.99	0.449
0.99	0.449333
0.99	0.449667
0.990333	0.449667
0.990333	0.45
0.990333	0.450333
0.990333	0.450667
0.990333	0.451
0.990333	0.451333
0.990667	0.451333
0.990667	0.451667
0.990667	0.452
0.991	0.452
0.991	0.452333
0.991	0.452667
0.991	0.453
0.991	0.453333
0.991	0.453667
0.991	0.454
0.991	0.454333
0.991	0.454667
0.991	0.455
0.991	0.455333
0.991	0.455667
0.991	0.456
0.991	0.456333
0.991	0.456667
0.991	0.457
0.991	0.457333
0.991	0.457667
0.991	0.458
0.991	0.458333
0.991	0.458667
0.991	0.459
0.991	0.459333
0.991	0.459667
0.991333	0.459667
0.991333	0.46
0.991333	0.460333
0.991333	0.460667
0.991333	0.461
0.991333	0.461333
0.991333	0.461667
0.991333	0.462
0.991333	0.462333
0.991333	0.462667
0.991333	0.463
0.991333	0.463333
0.991333	0.463667
0.991333	0.464
0.991333	0.464333
0.991333	0.464667
0.991333	0.465
0.991333	0.465333
0.991333	0.465667
0.991333	0.466
0.991333	0.466333
0.991333	0.466667
0.991333	0.467
0.991333	0.467333
0.991333	0.467667
0.991333	0.468
0.991333	0.468333
0.991333	0.468667
0.991333	0.469
0.991333	0.469333
0.991333	0.469667
0.991333	0.47
0.991333	0.470333
0.991333	0.470667
0.991333	0.471
0.991333	0.471333
0.991333	0.471667
0.991333	0.472
0.991333	0.472333
0.991333	0.472667
0.991333	0.473
0.991333	0.473333
0.991333	0.473667
0.991333	0.474
0.991333	0.474333
0.991333	0.474667
0.991333	0.475
0.991333	0.475333
0.991333	0.475667
0.991333	0.476
0.991333	0.476333
0.991333	0.476667
0.991333	0.477
0.991333	0.477333
0.991333	0.477667
0.991333	0.478
0.991333	0.478333
0.991333	0.478667
0.991333	0.479
0.991333	0.479333
0.991333	0.479667
0.991333	0.48
0.991333	0.480333
0.991333	0.480667
0.991333	0.481
0.991333	0.481333
0.991333	0.481667
0.991333	0.482
0.991333	0.482333
0.991333	0.482667
0.991333	0.483
0.991333	0.483333
0.991333	0.483667
0.991667	0.483667
0.991667	0.484
0.991667	0.484333
0.991667	0.484667
0.991667	0.485
0.991667	0.485333
0.991667	0.485667
0.991667	0.486
0.991667	0.486333
0.991667	0.486667
0.991667	0.487
0.991667	0.487333
0.991667	0.487667
0.991667	0.488
0.991667	0.488333
0.991667	0.488667
0.991667	0.489
0.991667	0.489333
0.991667	0.489667
0.991667	0.49
0.991667	0.490333
0.991667	0.490667
0.991667	0.491
0.992	0.491
0.992	0.491333
0.992	0.491667
0.992	0.492
0.992	0.492333
0.992	0.492667
0.992	0.493
0.992	0.493333
0.992	0.493667
0.992	0.494
0.992	0.494333
0.992	0.494667
0.992	0.495
0.992	0.495333
0.992	0.495667
0.992333	0.495667
0.992333	0.496
0.992333	0.496333
0.992333	0.496667
0.992333	0.497
0.992333	0.497333
0.992333	0.497667
0.992333	0.498
0.992333	0.498333
0.992333	0.498667
0.992333	0.499
0.992333	0.499333
0.992333	0.499667
0.992333	0.5
0.992333	0.500333
0.992333	0.500667
0.992333	0.501
0.992333	0.501333
0.992333	0.501667
0.992333	0.502
0.992333	0.502333
0.992333	0.502667
0.992333	0.503
0.992333	0.503333
0.992333	0.503667
0.992333	0.504
0.992333	0.504333
0.992333	0.504667
0.992333	0.505
0.992333	0.505333
0.992333	0.505667
0.992333	0.506
0.992333	0.506333
0.992333	0.506667
0.992333	0.507
0.992333	0.507333
0.992333	0.507667
0.992333	0.508
0.992333	0.508333
0.992333	0.508667
0.992333	0.509
0.992333	0.509333
0.992333	0.509667
0.992333	0.51
0.992333	0.510333
0.992333	0.510667
0.992333	0.511
0.992333	0.511333
0.992333	0.511667
0.992333	0.512
0.992333	0.512333
0.992333	0.512667
0.992333	0.513
0.992333	0.513333
0.992333	0.513667
0.992333	0.514
0.992333	0.514333
0.992333	0.514667
0.992333	0.515
0.992333	0.515333
0.992333	0.515667
0.992333	0.516
0.992333	0.516333
0.992333	0.516667
0.992333	0.517
0.992333	0.517333
0.992333	0.517667
0.992333	0.518
0.992333	0.518333
0.992333	0.518667
0.992667	0.518667
0.992667	0.519
0.992667	0.519333
0.992667	0.519667
0.992667	0.52
0.992667	0.520333
0.992667	0.520667
0.992667	0.521
0.992667	0.521333
0.992667	0.521667
0.992667	0.522
0.992667	0.522333
0.992667	0.522667
0.992667	0.523
0.992667	0.523333
0.992667	0.523667
0.992667	0.524
0.993	0.524
0.993	0.524333
0.993	0.524667
0.993	0.525
0.993	0.525333
0.993	0.525667
0.993	0.526
0.993	0.526333
0.993	0.526667
0.993	0.527
0.993	0.527333
0.993	0.527667
0.993	0.528
0.993	0.528333
0.993	0.528667
0.993	0.529
0.993	0.529333
0.993	0.529667
0.993	0.53
0.993	0.530333
0.993333	0.530333
0.993333	0.530667
0.993333	0.531
0.993333	0.531333
0.993333	0.531667
0.993333	0.532
0.993333	0.532333
0.993333	0.532667
0.993333	0.533
0.993333	0.533333
0.993333	0.533667
0.993333	0.534
0.993333	0.534333
0.993333	0.534667
0.993333	0.535
0.993333	0.535333
0.993333	0.535667
0.993333	0.536
0.993333	0.536333
0.993333	0.536667
0.993333	0.537
0.993333	0.537333
0.993333	0.537667
0.993333	0.538
0.993333	0.538333
0.993333	0.538667
0.993333	0.539
0.993333	0.539333
0.993333	0.539667
0.993333	0.54
0.993333	0.540333
0.993333	0.540667
0.993333	0.541
0.993333	0.541333
0.993333	0.541667
0.993333	0.542
0.993333	0.542333
0.993333	0.542667
0.993333	0.543
0.993333	0.543333
0.993333	0.543667
0.993333	0.544
0.993333	0.544333
0.993333	0.544667
0.993333	0.545
0.993333	0.545333
0.993333	0.545667
0.993333	0.546
0.993333	0.546333
0.993333	0.546667
0.993333	0.547
0.993333	0.547333
0.993333	0.547667
0.993333	0.548
0.993333	0.548333
0.993333	0.548667
0.993333	0.549
0.993333	0.549333
0.993333	0.549667
0.993333	0.55
0.993333	0.550333
0.993333	0.550667
0.993333	0.551
0.993333	0.551333
0.993333	0.551667
0.993333	0.552
0.993333	0.552333
0.993333	0.552667
0.993333	0.553
0.993333	0.553333
0.993333	0.553667
0.993667	0.553667
0.993667	0.554
0.993667	0.554333
0.993667	0.554667
0.994	0.554667
0.994	0.555
0.994	0.555333
0.994	0.555667
0.994	0.556
0.994	0.556333
0.994	0.556667
0.994	0.557
0.994	0.557333
0.994	0.557667
0.994	0.558
0.994	0.558333
0.994	0.558667
0.994333	0.558667
0.994333	0.559
0.994333	0.559333
0.994333	0.559667
0.994333	0.56
0.994333	0.560333
0.994333	0.560667
0.994333	0.561
0.994333	0.561333
0.994333	0.561667
0.994333	0.562
0.994333	0.562333
0.994333	0.562667
0.994333	0.563
0.994333	0.563333
0.994333	0.563667
0.994333	0.564
0.994333	0.564333
0.994667	0.564333
0.994667	0.564667
0.994667	0.565
0.994667	0.565333
0.994667	0.565667
0.994667	0.566
0.994667	0.566333
0.994667	0.566667
0.994667	0.567
0.994667	0.567333
0.994667	0.567667
0.994667	0.568
0.994667	0.568333
0.994667	0.568667
0.994667	0.569
0.994667	0.569333
0.994667	0.569667
0.994667	0.57
0.994667	0.570333
0.994667	0.570667
0.994667	0.571
0.994667	0.571333
0.994667	0.571667
0.994667	0.572
0.994667	0.572333
0.994667	0.572667
0.994667	0.573
0.994667	0.573333
0.994667	0.573667
0.994667	0.574
0.995	0.574
0.995	0.574333
0.995	0.574667
0.995	0.575
0.995	0.575333
0.995	0.575667
0.995	0.576
0.995	0.576333
0.995	0.576667
0.995	0.577
0.995	0.577333
0.995	0.577667
0.995	0.578
0.995	0.578333
0.995	0.578667
0.995	0.579
0.995	0.579333
0.995	0.579667
0.995	0.58
0.995	0.580333
0.995	0.580667
0.995	0.581
0.995	0.581333
0.995	0.581667
0.995	0.582
0.995	0.582333
0.995	0.582667
0.995	0.583
0.995	0.583333
0.995	0.583667
0.995	0.584
0.995	0.584333
0.995	0.584667
0.995	0.585
0.995	0.585333
0.995	0.585667
0.995	0.586
0.995	0.586333
0.995	0.586667
0.995	0.587
0.995333	0.587
0.995333	0.587333
0.995333	0.587667
0.995333	0.588
0.995333	0.588333
0.995333	0.588667
0.995667	0.588667
0.995667	0.589
0.995667	0.589333
0.995667	0.589667
0.995667	0.59
0.995667	0.590333
0.995667	0.590667
0.995667	0.591
0.995667	0.591333
0.995667	0.591667
0.995667	0.592
0.995667	0.592333
0.995667	0.592667
0.995667	0.593
0.995667	0.593333
0.995667	0.593667
0.995667	0.594
0.995667	0.594333
0.995667	0.594667
0.995667	0.595
0.995667	0.595333
0.995667	0.595667
0.996	0.595667
0.996	0.596
0.996	0.596333
0.996	0.596667
0.996	0.597
0.996	0.597333
0.996	0.597667
0.996	0.598
0.996	0.598333
0.996	0.598667
0.996	0.599
0.996	0.599333
0.996	0.599667
0.996	0.6
0.996	0.600333
0.996333	0.600333
0.996333	0.600667
0.996667	0.600667
0.996667	0.601
0.996667	0.601333
0.996667	0.601667
0.996667	0.602
0.996667	0.602333
0.996667	0.602667
0.996667	0.603
0.996667	0.603333
0.996667	0.603667
0.996667	0.604
0.996667	0.604333
0.996667	0.604667
0.996667	0.605
0.996667	0.605333
0.996667	0.605667
0.996667	0.606
0.996667	0.606333
0.996667	0.606667
0.996667	0.607
0.996667	0.607333
0.996667	0.607667
0.996667	0.608
0.996667	0.608333
0.996667	0.608667
0.996667	0.609
0.996667	0.609333
0.996667	0.609667
0.996667	0.61
0.996667	0.610333
0.996667	0.610667
0.996667	0.611
0.996667	0.611333
0.996667	0.611667
0.996667	0.612
0.996667	0.612333
0.996667	0.612667
0.996667	0.613
0.996667	0.613333
0.996667	0.613667
0.996667	0.614
0.996667	0.614333
0.996667	0.614667
0.996667	0.615
0.996667	0.615333
0.996667	0.615667
0.997	0.615667
0.997	0.616
0.997	0.616333
0.997	0.616667
0.997	0.617
0.997	0.617333
0.997	0.617667
0.997	0.618
0.997	0.618333
0.997	0.618667
0.997	0.619
0.997	0.619333
0.997	0.619667
0.997	0.62
0.997	0.620333
0.997333	0.620333
0.997333	0.620667
0.997333	0.621
0.997333	0.621333
0.997333	0.621667
0.997333	0.622
0.997333	0.622333
0.997333	0.622667
0.997333	0.623
0.997333	0.623333
0.997333	0.623667
0.997333	0.624
0.997333	0.624333
0.997333	0.624667
0.997333	0.625
0.997333	0.625333
0.997333	0.625667
0.997333	0.626
0.997333	0.626333
0.997333	0.626667
0.997333	0.627
0.997333	0.627333
0.997333	0.627667
0.997333	0.628
0.997333	0.628333
0.997333	0.628667
0.997333	0.629
0.997333	0.629333
0.997333	0.629667
0.997333	0.63
0.997333	0.630333
0.997333	0.630667
0.997333	0.631
0.997333	0.631333
0.997333	0.631667
0.997333	0.632
0.997333	0.632333
0.997333	0.632667
0.997333	0.633
0.997333	0.633333
0.997333	0.633667
0.997333	0.634
0.997333	0.634333
0.997333	0.634667
0.997333	0.635
0.997333	0.635333
0.997333	0.635667
0.997333	0.636
0.997333	0.636333
0.997333	0.636667
0.997333	0.637
0.997333	0.637333
0.997333	0.637667
0.997333	0.638
0.997333	0.638333
0.997333	0.638667
0.997333	0.639
0.997333	0.639333
0.997333	0.639667
0.997333	0.64
0.997333	0.640333
0.997333	0.640667
0.997333	0.641
0.997333	0.641333
0.997333	0.641667
0.997333	0.642
0.997333	0.642333
0.997333	0.642667
0.997333	0.643
0.997333	0.643333
0.997333	0.643667
0.997333	0.644
0.997333	0.644333
0.997333	0.644667
0.997333	0.645
0.997333	0.645333
0.997333	0.645667
0.997333	0.646
0.997333	0.646333
0.997333	0.646667
0.997333	0.647
0.997333	0.647333
0.997333	0.647667
0.997333	0.648
0.997333	0.648333
0.997333	0.648667
0.997333	0.649
0.997333	0.649333
0.997333	0.649667
0.997333	0.65
0.997333	0.650333
0.997333	0.650667
0.997333	0.651
0.997333	0.651333
0.997333	0.651667
0.997333	0.652
0.997333	0.652333
0.997333	0.652667
0.997333	0.653
0.997333	0.653333
0.997333	0.653667
0.997333	0.654
0.997333	0.654333
0.997333	0.654667
0.997333	0.655
0.997333	0.655333
0.997333	0.655667
0.997333	0.656
0.997333	0.656333
0.997333	0.656667
0.997333	0.657
0.997333	0.657333
0.997333	0.657667
0.997333	0.658
0.997333	0.658333
0.997333	0.658667
0.997333	0.659
0.997333	0.659333
0.997333	0.659667
0.997333	0.66
0.997333	0.660333
0.997333	0.660667
0.997333	0.661
0.997333	0.661333
0.997333	0.661667
0.997333	0.662
0.997333	0.662333
0.997333	0.662667
0.997333	0.663
0.997333	0.663333
0.997333	0.663667
0.997333	0.664
0.997667	0.664
0.997667	0.664333
0.997667	0.664667
0.997667	0.665
0.997667	0.665333
0.997667	0.665667
0.997667	0.666
0.997667	0.666333
0.997667	0.666667
0.997667	0.667
0.997667	0.667333
0.997667	0.667667
0.997667	0.668
0.997667	0.668333
0.997667	0.668667
0.997667	0.669
0.997667	0.669333
0.997667	0.669667
0.997667	0.67
0.997667	0.670333
0.997667	0.670667
0.997667	0.671
0.997667	0.671333
0.997667	0.671667
0.997667	0.672
0.997667	0.672333
0.997667	0.672667
0.997667	0.673
0.997667	0.673333
0.997667	0.673667
0.997667	0.674
0.997667	0.674333
0.997667	0.674667
0.997667	0.675
0.997667	0.675333
0.997667	0.675667
0.997667	0.676
0.997667	0.676333
0.997667	0.676667
0.998	0.676667
0.998	0.677
0.998	0.677333
0.998	0.677667
0.998	0.678
0.998	0.678333
0.998	0.678667
0.998	0.679
0.998	0.679333
0.998	0.679667
0.998	0.68
0.998	0.680333
0.998	0.680667
0.998	0.681
0.998	0.681333
0.998	0.681667
0.998	0.682
0.998	0.682333
0.998	0.682667
0.998	0.683
0.998	0.683333
0.998	0.683667
0.998	0.684
0.998	0.684333
0.998	0.684667
0.998	0.685
0.998	0.685333
0.998	0.685667
0.998	0.686
0.998	0.686333
0.998	0.686667
0.998	0.687
0.998	0.687333
0.998	0.687667
0.998	0.688
0.998	0.688333
0.998	0.688667
0.998	0.689
0.998	0.689333
0.998	0.689667
0.998	0.69
0.998	0.690333
0.998	0.690667
0.998	0.691
0.998	0.691333
0.998	0.691667
0.998	0.692
0.998	0.692333
0.998	0.692667
0.998	0.693
0.998	0.693333
0.998	0.693667
0.998	0.694
0.998	0.694333
0.998	0.694667
0.998	0.695
0.998	0.695333
0.998	0.695667
0.998	0.696
0.998	0.696333
0.998	0.696667
0.998	0.697
0.998	0.697333
0.998	0.697667
0.998	0.698
0.998	0.698333
0.998	0.698667
0.998	0.699
0.998	0.699333
0.998	0.699667
0.998	0.7
0.998	0.700333
0.998	0.700667
0.998	0.701
0.998	0.701333
0.998	0.701667
0.998	0.702
0.998	0.702333
0.998	0.702667
0.998	0.703
0.998	0.703333
0.998	0.703667
0.998	0.704
0.998	0.704333
0.998	0.704667
0.998	0.705
0.998	0.705333
0.998	0.705667
0.998	0.706
0.998	0.706333
0.998	0.706667
0.998	0.707
0.998	0.707333
0.998	0.707667
0.998	0.708
0.998	0.708333
0.998	0.708667
0.998	0.709
0.998	0.709333
0.998	0.709667
0.998	0.71
0.998	0.710333
0.998	0.710667
0.998	0.711
0.998	0.711333
0.998	0.711667
0.998	0.712
0.998	0.712333
0.998	0.712667
0.998	0.713
0.998	0.713333
0.998	0.713667
0.998	0.714
0.998	0.714333
0.998	0.714667
0.998	0.715
0.998	0.715333
0.998	0.715667
0.998	0.716
0.998	0.716333
0.998	0.716667
0.998	0.717
0.998	0.717333
0.998	0.717667
0.998	0.718
0.998	0.718333
0.998	0.718667
0.998	0.719
0.998	0.719333
0.998	0.719667
0.998	0.72
0.998	0.720333
0.998	0.720667
0.998	0.721
0.998	0.721333
0.998	0.721667
0.998	0.722
0.998	0.722333
0.998	0.722667
0.998	0.723
0.998	0.723333
0.998	0.723667
0.998	0.724
0.998	0.724333
0.998	0.724667
0.998	0.725
0.998	0.725333
0.998	0.725667
0.998	0.726
0.998	0.726333
0.998	0.726667
0.998	0.727
0.998	0.727333
0.998	0.727667
0.998	0.728
0.998	0.728333
0.998	0.728667
0.998	0.729
0.998	0.729333
0.998	0.729667
0.998	0.73
0.998	0.730333
0.998	0.730667
0.998	0.731
0.998	0.731333
0.998	0.731667
0.998	0.732
0.998	0.732333
0.998	0.732667
0.998	0.733
0.998	0.733333
0.998	0.733667
0.998	0.734
0.998	0.734333
0.998	0.734667
0.998	0.735
0.998333	0.735
0.998333	0.735333
0.998333	0.735667
0.998333	0.736
0.998333	0.736333
0.998333	0.736667
0.998333	0.737
0.998333	0.737333
0.998333	0.737667
0.998333	0.738
0.998333	0.738333
0.998333	0.738667
0.998333	0.739
0.998333	0.739333
0.998333	0.739667
0.998333	0.74
0.998333	0.740333
0.998333	0.740667
0.998333	0.741
0.998333	0.741333
0.998333	0.741667
0.998333	0.742
0.998333	0.742333
0.998333	0.742667
0.998333	0.743
0.998333	0.743333
0.998333	0.743667
0.998333	0.744
0.998333	0.744333
0.998333	0.744667
0.998333	0.745
0.998333	0.745333
0.998333	0.745667
0.998333	0.746
0.998333	0.746333
0.998333	0.746667
0.998333	0.747
0.998333	0.747333
0.998333	0.747667
0.998333	0.748
0.998333	0.748333
0.998333	0.748667
0.998333	0.749
0.998333	0.749333
0.998333	0.749667
0.998333	0.75
0.998333	0.750333
0.998333	0.750667
0.998333	0.751
0.998333	0.751333
0.998333	0.751667
0.998333	0.752
0.998333	0.752333
0.998333	0.752667
0.998333	0.753
0.998333	0.753333
0.998333	0.753667
0.998333	0.754
0.998333	0.754333
0.998333	0.754667
0.998333	0.755
0.998333	0.755333
0.998333	0.755667
0.998333	0.756
0.998333	0.756333
0.998333	0.756667
0.998333	0.757
0.998333	0.757333
0.998333	0.757667
0.998333	0.758
0.998333	0.758333
0.998333	0.758667
0.998333	0.759
0.998333	0.759333
0.998333	0.759667
0.998333	0.76
0.998333	0.760333
0.998333	0.760667
0.998333	0.761
0.998333	0.761333
0.998333	0.761667
0.998333	0.762
0.998333	0.762333
0.998333	0.762667
0.998333	0.763
0.998333	0.763333
0.998333	0.763667
0.998333	0.764
0.998333	0.764333
0.998333	0.764667
0.998333	0.765
0.998333	0.765333
0.998333	0.765667
0.998333	0.766
0.998333	0.766333
0.998333	0.766667
0.998333	0.767
0.998333	0.767333
0.998333	0.767667
0.998333	0.768
0.998333	0.768333
0.998333	0.768667
0.998333	0.769
0.998333	0.769333
0.998333	0.769667
0.998333	0.77
0.998333	0.770333
0.998333	0.770667
0.998333	0.771
0.998333	0.771333
0.998333	0.771667
0.998333	0.772
0.998333	0.772333
0.998333	0.772667
0.998333	0.773
0.998333	0.773333
0.998333	0.773667
0.998333	0.774
0.998333	0.774333
0.998333	0.774667
0.998333	0.775
0.998333	0.775333
0.998333	0.775667
0.998333	0.776
0.998333	0.776333
0.998333	0.776667
0.998333	0.777
0.998333	0.777333
0.998333	0.777667
0.998333	0.778
0.998333	0.778333
0.998333	0.778667
0.998333	0.779
0.998333	0.779333
0.998333	0.779667
0.998333	0.78
0.998333	0.780333
0.998333	0.780667
0.998333	0.781
0.998333	0.781333
0.998333	0.781667
0.998333	0.782
0.998333	0.782333
0.998333	0.782667
0.998333	0.783
0.998333	0.783333
0.998333	0.783667
0.998333	0.784
0.998333	0.784333
0.998333	0.784667
0.998333	0.785
0.998333	0.785333
0.998333	0.785667
0.998333	0.786
0.998333	0.786333
0.998333	0.786667
0.998333	0.787
0.998667	0.787
0.998667	0.787333
0.998667	0.787667
0.998667	0.788
0.998667	0.788333
0.998667	0.788667
0.998667	0.789
0.998667	0.789333
0.998667	0.789667
0.998667	0.79
0.998667	0.790333
0.998667	0.790667
0.998667	0.791
0.998667	0.791333
0.998667	0.791667
0.998667	0.792
0.998667	0.792333
0.998667	0.792667
0.998667	0.793
0.998667	0.793333
0.998667	0.793667
0.998667	0.794
0.998667	0.794333
0.998667	0.794667
0.998667	0.795
0.998667	0.795333
0.998667	0.795667
0.998667	0.796
0.998667	0.796333
0.998667	0.796667
0.998667	0.797
0.998667	0.797333
0.998667	0.797667
0.998667	0.798
0.998667	0.798333
0.998667	0.798667
0.998667	0.799
0.998667	0.799333
0.998667	0.799667
0.998667	0.8
0.998667	0.800333
0.998667	0.800667
0.998667	0.801
0.998667	0.801333
0.998667	0.801667
0.998667	0.802
0.998667	0.802333
0.998667	0.802667
0.998667	0.803
0.998667	0.803333
0.998667	0.803667
0.998667	0.804
0.998667	0.804333
0.998667	0.804667
0.998667	0.805
0.998667	0.805333
0.998667	0.805667
0.998667	0.806
0.998667	0.806333
0.998667	0.806667
0.998667	0.807
0.998667	0.807333
0.998667	0.807667
0.998667	0.808
0.998667	0.808333
0.998667	0.808667
0.998667	0.809
0.998667	0.809333
0.998667	0.809667
0.998667	0.81
0.998667	0.810333
0.998667	0.810667
0.998667	0.811
0.998667	0.811333
0.998667	0.811667
0.998667	0.812
0.998667	0.812333
0.998667	0.812667
0.998667	0.813
0.998667	0.813333
0.998667	0.813667
0.998667	0.814
0.998667	0.814333
0.998667	0.814667
0.998667	0.815
0.998667	0.815333
0.998667	0.815667
0.998667	0.816
0.998667	0.816333
0.998667	0.816667
0.998667	0.817
0.998667	0.817333
0.998667	0.817667
0.998667	0.818
0.998667	0.818333
0.998667	0.818667
0.998667	0.819
0.998667	0.819333
0.998667	0.819667
0.998667	0.82
0.998667	0.820333
0.998667	0.820667
0.998667	0.821
0.998667	0.821333
0.998667	0.821667
0.998667	0.822
0.998667	0.822333
0.998667	0.822667
0.998667	0.823
0.998667	0.823333
0.998667	0.823667
0.998667	0.824
0.998667	0.824333
0.998667	0.824667
0.998667	0.825
0.998667	0.825333
0.998667	0.825667
0.998667	0.826
0.998667	0.826333
0.998667	0.826667
0.998667	0.827
0.998667	0.827333
0.998667	0.827667
0.998667	0.828
0.998667	0.828333
0.998667	0.828667
0.998667	0.829
0.998667	0.829333
0.998667	0.829667
0.998667	0.83
0.998667	0.830333
0.998667	0.830667
0.998667	0.831
0.998667	0.831333
0.998667	0.831667
0.998667	0.832
0.998667	0.832333
0.998667	0.832667
0.998667	0.833
0.998667	0.833333
0.998667	0.833667
0.998667	0.834
0.998667	0.834333
0.998667	0.834667
0.998667	0.835
0.998667	0.835333
0.998667	0.835667
0.998667	0.836
0.998667	0.836333
0.998667	0.836667
0.998667	0.837
0.998667	0.837333
0.998667	0.837667
0.998667	0.838
0.998667	0.838333
0.998667	0.838667
0.998667	0.839
0.998667	0.839333
0.998667	0.839667
0.999	0.839667
0.999	0.84
0.999	0.840333
0.999	0.840667
0.999	0.841
0.999	0.841333
0.999	0.841667
0.999	0.842
0.999	0.842333
0.999	0.842667
0.999	0.843
0.999	0.843333
0.999	0.843667
0.999	0.844
0.999	0.844333
0.999	0.844667
0.999333	0.844667
0.999333	0.845
0.999333	0.845333
0.999333	0.845667
0.999333	0.846
0.999333	0.846333
0.999333	0.846667
0.999333	0.847
0.999333	0.847333
0.999333	0.847667
0.999333	0.848
0.999333	0.848333
0.999333	0.848667
0.999333	0.849
0.999333	0.849333
0.999333	0.849667
0.999333	0.85
0.999333	0.850333
0.999333	0.850667
0.999333	0.851
0.999333	0.851333
0.999333	0.851667
0.999333	0.852
0.999333	0.852333
0.999333	0.852667
0.999333	0.853
0.999333	0.853333
0.999333	0.853667
0.999333	0.854
0.999333	0.854333
0.999333	0.854667
0.999333	0.855
0.999333	0.855333
0.999333	0.855667
0.999333	0.856
0.999333	0.856333
0.999333	0.856667
0.999333	0.857
0.999333	0.857333
0.999333	0.857667
0.999333	0.858
0.999333	0.858333
0.999333	0.858667
0.999333	0.859
0.999333	0.859333
0.999333	0.859667
0.999333	0.86
0.999333	0.860333
0.999333	0.860667
0.999333	0.861
0.999333	0.861333
0.999333	0.861667
0.999333	0.862
0.999333	0.862333
0.999333	0.862667
0.999333	0.863
0.999333	0.863333
0.999333	0.863667
0.999333	0.864
0.999333	0.864333
0.999333	0.864667
0.999333	0.865
0.999333	0.865333
0.999333	0.865667
0.999333	0.866
0.999333	0.866333
0.999333	0.866667
0.999333	0.867
0.999333	0.867333
0.999333	0.867667
0.999333	0.868
0.999333	0.868333
0.999333	0.868667
0.999333	0.869
0.999333	0.869333
0.999333	0.869667
0.999333	0.87
0.999333	0.870333
0.999333	0.870667
0.999333	0.871
0.999333	0.871333
0.999333	0.871667
0.999333	0.872
0.999333	0.872333
0.999333	0.872667
0.999333	0.873
0.999333	0.873333
0.999333	0.873667
0.999333	0.874
0.999333	0.874333
0.999333	0.874667
0.999333	0.875
0.999333	0.875333
0.999333	0.875667
0.999333	0.876
0.999333	0.876333
0.999333	0.876667
0.999333	0.877
0.999333	0.877333
0.999333	0.877667
0.999333	0.878
0.999333	0.878333
0.999333	0.878667
0.999333	0.879
0.999333	0.879333
0.999333	0.879667
0.999333	0.88
0.999333	0.880333
0.999333	0.880667
0.999333	0.881
0.999333	0.881333
0.999333	0.881667
0.999333	0.882
0.999333	0.882333
0.999333	0.882667
0.999333	0.883
0.999333	0.883333
0.999333	0.883667
0.999333	0.884
0.999333	0.884333
0.999333	0.884667
0.999333	0.885
0.999333	0.885333
0.999333	0.885667
0.999333	0.886
0.999333	0.886333
0.999333	0.886667
0.999333	0.887
0.999333	0.887333
0.999333	0.887667
0.999333	0.888
0.999333	0.888333
0.999333	0.888667
0.999333	0.889
0.999333	0.889333
0.999333	0.889667
0.999333	0.89
0.999333	0.890333
0.999333	0.890667
0.999333	0.891
0.999333	0.891333
0.999333	0.891667
0.999333	0.892
0.999333	0.892333
0.999333	0.892667
0.999333	0.893
0.999333	0.893333
0.999333	0.893667
0.999333	0.894
0.999333	0.894333
0.999333	0.894667
0.999333	0.895
0.999333	0.895333
0.999333	0.895667
0.999333	0.896
0.999333	0.896333
0.999333	0.896667
0.999333	0.897
0.999333	0.897333
0.999333	0.897667
0.999333	0.898
0.999333	0.898333
0.999333	0.898667
0.999333	0.899
0.999333	0.899333
0.999333	0.899667
0.999333	0.9
0.999333	0.900333
0.999333	0.900667
0.999333	0.901
0.999333	0.901333
0.999333	0.901667
0.999333	0.902
0.999333	0.902333
0.999333	0.902667
0.999333	0.903
0.999333	0.903333
0.999333	0.903667
0.999333	0.904
0.999333	0.904333
0.999333	0.904667
0.999333	0.905
0.999333	0.905333
0.999667	0.905333
0.999667	0.905667
0.999667	0.906
0.999667	0.906333
0.999667	0.906667
0.999667	0.907
0.999667	0.907333
0.999667	0.907667
0.999667	0.908
0.999667	0.908333
0.999667	0.908667
0.999667	0.909
0.999667	0.909333
0.999667	0.909667
0.999667	0.91
0.999667	0.910333
0.999667	0.910667
0.999667	0.911
0.999667	0.911333
0.999667	0.911667
0.999667	0.912
0.999667	0.912333
0.999667	0.912667
0.999667	0.913
0.999667	0.913333
0.999667	0.913667
0.999667	0.914
0.999667	0.914333
0.999667	0.914667
0.999667	0.915
0.999667	0.915333
0.999667	0.915667
0.999667	0.916
0.999667	0.916333
0.999667	0.916667
0.999667	0.917
0.999667	0.917333
0.999667	0.917667
0.999667	0.918
0.999667	0.918333
0.999667	0.918667
0.999667	0.919
0.999667	0.919333
0.999667	0.919667
0.999667	0.92
0.999667	0.920333
0.999667	0.920667
0.999667	0.921
0.999667	0.921333
0.999667	0.921667
0.999667	0.922
0.999667	0.922333
0.999667	0.922667
0.999667	0.923
0.999667	0.923333
0.999667	0.923667
0.999667	0.924
0.999667	0.924333
0.999667	0.924667
0.999667	0.925
0.999667	0.925333
0.999667	0.925667
0.999667	0.926
0.999667	0.926333
0.999667	0.926667
0.999667	0.927
0.999667	0.927333
0.999667	0.927667
0.999667	0.928
0.999667	0.928333
0.999667	0.928667
0.999667	0.929
0.999667	0.929333
0.999667	0.929667
0.999667	0.93
0.999667	0.930333
0.999667	0.930667
0.999667	0.931
0.999667	0.931333
0.999667	0.931667
0.999667	0.932
0.999667	0.932333
0.999667	0.932667
0.999667	0.933
0.999667	0.933333
0.999667	0.933667
0.999667	0.934
0.999667	0.934333
0.999667	0.934667
0.999667	0.935
0.999667	0.935333
0.999667	0.935667
0.999667	0.936
0.999667	0.936333
0.999667	0.936667
0.999667	0.937
0.999667	0.937333
0.999667	0.937667
0.999667	0.938
0.999667	0.938333
0.999667	0.938667
0.999667	0.939
0.999667	0.939333
0.999667	0.939667
0.999667	0.94
0.999667	0.940333
0.999667	0.940667
0.999667	0.941
0.999667	0.941333
0.999667	0.941667
0.999667	0.942
0.999667	0.942333
0.999667	0.942667
0.999667	0.943
0.999667	0.943333
0.999667	0.943667
0.999667	0.944
0.999667	0.944333
0.999667	0.944667
0.999667	0.945
0.999667	0.945333
0.999667	0.945667
0.999667	0.946
0.999667	0.946333
0.999667	0.946667
0.999667	0.947
0.999667	0.947333
0.999667	0.947667
0.999667	0.948
0.999667	0.948333
0.999667	0.948667
0.999667	0.949
0.999667	0.949333
0.999667	0.949667
0.999667	0.95
0.999667	0.950333
0.999667	0.950667
0.999667	0.951
0.999667	0.951333
0.999667	0.951667
0.999667	0.952
0.999667	0.952333
0.999667	0.952667
0.999667	0.953
0.999667	0.953333
0.999667	0.953667
0.999667	0.954
0.999667	0.954333
0.999667	0.954667
0.999667	0.955
0.999667	0.955333
0.999667	0.955667
1	0.955667
1	0.956
1	0.956333
1	0.956667
1	0.957
1	0.957333
1	0.957667
1	0.958
1	0.958333
1	0.958667
1	0.959
1	0.959333
1	0.959667
1	0.96
1	0.960333
1	0.960667
1	0.961
1	0.961333
1	0.961667
1	0.962
1	0.962333
1	0.962667
1	0.963
1	0.963333
1	0.963667
1	0.964
1	0.964333
1	0.964667
1	0.965
1	0.965333
1	0.965667
1	0.966
1	0.966333
1	0.966667
1	0.967
1	0.967333
1	0.967667
1	0.968
1	0.968333
1	0.968667
1	0.969
1	0.969333
1	0.969667
1	0.97
1	0.970333
1	0.970667
1	0.971
1	0.971333
1	0.971667
1	0.972
1	0.972333
1	0.972667
1	0.973
1	0.973333
1	0.973667
1	0.974
1	0.974333
1	0.974667
1	0.975
1	0.975333
1	0.975667
1	0.976
1	0.976333
1	0.976667
1	0.977
1	0.977333
1	0.977667
1	0.978
1	0.978333
1	0.978667
1	0.979
1	0.979333
1	0.979667
1	0.98
1	0.980333
1	0.980667
1	0.981
1	0.981333
1	0.981667
1	0.982
1	0.982333
1	0.982667
1	0.983
1	0.983333
1	0.983667
1	0.984
1	0.984333
1	0.984667
1	0.985
1	0.985333
1	0.985667
1	0.986
1	0.986333
1	0.986667
1	0.987
1	0.987333
1	0.987667
1	0.988
1	0.988333
1	0.988667
1	0.989
1	0.989333
1	0.989667
1	0.99
1	0.990333
1	0.990667
1	0.991
1	0.991333
1	0.991667
1	0.992
1	0.992333
1	0.992667
1	0.993
1	0.993333
1	0.993667
1	0.994
1	0.994333
1	0.994667
1	0.995
1	0.995333
1	0.995667
1	0.996
1	0.996333
1	0.996667
1	0.997
1	0.997333
1	0.997667
1	0.998
1	0.998333
1	0.998667
1	0.999
1	0.999333
1	0.999667
1	1
