0.000000 0.000000
0.000000 0.000000
0.000000 0.000000
0.000000 0.000000
0.000000 0.000000
0.000000 0.000000
0.000000 0.000000
0.000667 0.000000
0.001333 0.000000
0.001667 0.000000
0.001667 0.000000
0.002667 0.000000
0.002667 0.000000
0.003667 0.000000
0.004333 0.000000
0.005333 0.000000
0.006333 0.000000
0.008667 0.000000
0.010333 0.000000
0.013000 0.000000
0.017000 0.000000
0.020667 0.000000
0.023333 0.000000
0.028000 0.000000
0.035333 0.000000
0.042000 0.000000
0.050667 0.000000
0.058000 0.000000
0.066333 0.000000
0.079000 0.000000
0.090667 0.000000
0.104667 0.000000
0.120333 0.000000
0.134667 0.000000
0.149667 0.000000
0.166667 0.000000
0.182667 0.000000
0.199667 0.000000
0.215333 0.000000
0.236000 0.000000
0.257667 0.000000
0.275333 0.000000
0.298667 0.000000
0.325000 0.000000
0.348333 0.000000
0.370333 0.000000
0.393333 0.000000
0.417333 0.000000
0.443000 0.000000
0.465667 0.000000
0.487333 0.000000
0.510667 0.000000
0.535333 0.000000
0.558000 0.000000
0.578000 0.000000
0.600000 0.000000
0.618000 0.000000
0.638667 0.000000
0.661333 0.000000
0.679667 0.000000
0.696667 0.000000
0.711667 0.000000
0.731667 0.000000
0.746667 0.000000
0.763667 0.000000
0.774333 0.000000
0.790333 0.000000
0.803333 0.000000
0.812667 0.000000
0.827333 0.000000
0.838333 0.000000
0.851000 0.000000
0.858667 0.000000
0.868333 0.000000
0.875667 0.000000
0.884000 0.000000
0.891333 0.000000
0.897000 0.000000
0.905667 0.000000
0.914000 0.000000
0.920667 0.000000
0.925333 0.000000
0.930333 0.000000
0.934333 0.000000
0.940000 0.000000
0.942333 0.000000
0.946667 0.000000
0.950667 0.000000
0.953667 0.000000
0.956333 0.000000
0.959000 0.000000
0.960333 0.000000
0.962000 0.000000
0.963667 0.000000
0.966667 0.000000
0.968667 0.000000
0.971000 0.000000
0.973333 0.000000
0.974667 0.000000
0.975333 0.000000
0.976000 0.000000
0.978000 0.000000
0.979000 0.000000
0.981333 0.000000
0.982000 0.000000
0.983667 0.000000
0.983667 0.000000
0.985333 0.000000
0.987000 0.000000
0.987333 0.000000
0.988333 0.000000
0.988667 0.000000
0.989000 0.000000
0.990000 0.000000
0.990667 0.000000
0.990667 0.000000
0.991000 0.000000
0.991000 0.000000
0.991667 0.000000
0.992333 0.000000
0.992667 0.000000
0.993333 0.000000
0.993333 0.000000
0.994333 0.000000
0.994333 0.000000
0.994333 0.000000
0.994333 0.000000
0.994667 0.000000
0.995333 0.000000
0.995333 0.000000
0.995333 0.000000
0.995667 0.000000
0.996000 0.000000
0.996000 0.000000
0.996000 0.000000
0.996000 0.000000
0.996000 0.000000
0.996000 0.000000
0.996000 0.000000
0.996000 0.000000
0.996667 0.000000
0.996667 0.000000
0.996667 0.000000
0.996667 0.000000
0.996667 0.000000
0.996667 0.000333
0.996667 0.000333
0.996667 0.000333
0.996667 0.000333
0.996667 0.000667
0.996667 0.001333
0.996667 0.001667
0.996667 0.002333
0.996667 0.002667
0.996667 0.002667
0.996667 0.003333
0.996667 0.003333
0.996667 0.003667
0.996667 0.005000
0.996667 0.006000
0.997000 0.008000
0.997000 0.010000
0.997000 0.011333
0.997333 0.014000
0.997333 0.015333
0.997333 0.017667
0.997333 0.020000
0.997333 0.022000
0.997333 0.025667
0.997333 0.030000
0.997333 0.035000
0.997333 0.040333
0.997333 0.046000
0.997333 0.049667
0.997333 0.056000
0.997333 0.064000
0.997333 0.072333
0.997333 0.077333
0.997667 0.087333
0.997667 0.097000
0.997667 0.108333
0.997667 0.119000
0.997667 0.131000
0.998000 0.147333
0.998333 0.167000
0.998667 0.181333
0.998667 0.200333
0.998667 0.217000
0.999000 0.231333
0.999000 0.254000
0.999333 0.271667
0.999333 0.294667
0.999333 0.321333
0.999333 0.340667
0.999333 0.360667
0.999333 0.384667
0.999333 0.409667
0.999333 0.436667
0.999333 0.459667
0.999667 0.484000
0.999667 0.504667
0.999667 0.529000
0.999667 0.553333
0.999667 0.579333
1.000000 0.601000
1.000000 0.629000
1.000000 0.656333
1.000000 0.683667
1.000000 0.705000
1.000000 0.734667
1.000000 0.758667
1.000000 0.777333
1.000000 0.795000
1.000000 0.815667
1.000000 0.833000
1.000000 0.849333
1.000000 0.866000
1.000000 0.877667
1.000000 0.889000
1.000000 0.898667
1.000000 0.909000
1.000000 0.919333
1.000000 0.932667
1.000000 0.940000
1.000000 0.948000
1.000000 0.954000
1.000000 0.961667
1.000000 0.967000
1.000000 0.973000
1.000000 0.977000
1.000000 0.978667
1.000000 0.983333
1.000000 0.987667
1.000000 0.989333
1.000000 0.991000
1.000000 0.992000
1.000000 0.993000
1.000000 0.994000
1.000000 0.995333
1.000000 0.996333
1.000000 0.996667
1.000000 0.997667
1.000000 0.997667
1.000000 0.997667
1.000000 0.998667
1.000000 0.999000
1.000000 0.999333
1.000000 0.999667
1.000000 0.999667
1.000000 1.000000
1.000000 1.000000
1.000000 1.000000
1.000000 1.000000
1.000000 1.000000
1.000000 1.000000
1.000000 1.000000
1.000000 1.000000
1.000000 1.000000
1.000000 1.000000
1.000000 1.000000
1.000000 1.000000
1.000000 1.000000
1.000000 1.000000
1.000000 1.000000
1.000000 1.000000
1.000000 1.000000
1.000000 1.000000
1.000000 1.000000
1.000000 1.000000
1.000000 1.000000
1.000000 1.000000
1.000000 1.000000
1.000000 1.000000
1.000000 1.000000
1.000000 1.000000
1.000000 1.000000
1.000000 1.000000
1.000000 1.000000
1.000000 1.000000
1.000000 1.000000
1.000000 1.000000
1.000000 1.000000
1.000000 1.000000
1.000000 1.000000
1.000000 1.000000
1.000000 1.000000
1.000000 1.000000
1.000000 1.000000
1.000000 1.000000
1.000000 1.000000
1.000000 1.000000
1.000000 1.000000
1.000000 1.000000
1.000000 1.000000
1.000000 1.000000
1.000000 1.000000
1.000000 1.000000
1.000000 1.000000
1.000000 1.000000
1.000000 1.000000
1.000000 1.000000
1.000000 1.000000
1.000000 1.000000
1.000000 1.000000
1.000000 1.000000
1.000000 1.000000
1.000000 1.000000
1.000000 1.000000
1.000000 1.000000
1.000000 1.000000
1.000000 1.000000
1.000000 1.000000
1.000000 1.000000
1.000000 1.000000
1.000000 1.000000
1.000000 1.000000
1.000000 1.000000
1.000000 1.000000
1.000000 1.000000
1.000000 1.000000
1.000000 1.000000
1.000000 1.000000
1.000000 1.000000
1.000000 1.000000
1.000000 1.000000
1.000000 1.000000
1.000000 1.000000
1.000000 1.000000
1.000000 1.000000
1.000000 1.000000
1.000000 1.000000
1.000000 1.000000
1.000000 1.000000
1.000000 1.000000
1.000000 1.000000
1.000000 1.000000
1.000000 1.000000
1.000000 1.000000
1.000000 1.000000
1.000000 1.000000
1.000000 1.000000
1.000000 1.000000
1.000000 1.000000
1.000000 1.000000
1.000000 1.000000
1.000000 1.000000
1.000000 1.000000
1.000000 1.000000
1.000000 1.000000
1.000000 1.000000
1.000000 1.000000
1.000000 1.000000
1.000000 1.000000
1.000000 1.000000
1.000000 1.000000
1.000000 1.000000
1.000000 1.000000
1.000000 1.000000
1.000000 1.000000
1.000000 1.000000
1.000000 1.000000
1.000000 1.000000
1.000000 1.000000
1.000000 1.000000
1.000000 1.000000
1.000000 1.000000
1.000000 1.000000
1.000000 1.000000
1.000000 1.000000
1.000000 1.000000
1.000000 1.000000
1.000000 1.000000
1.000000 1.000000
1.000000 1.000000
1.000000 1.000000
1.000000 1.000000
1.000000 1.000000
1.000000 1.000000
1.000000 1.000000
1.000000 1.000000
1.000000 1.000000
1.000000 1.000000
1.000000 1.000000
1.000000 1.000000
1.000000 1.000000
1.000000 1.000000
1.000000 1.000000
1.000000 1.000000
1.000000 1.000000
1.000000 1.000000
1.000000 1.000000
1.000000 1.000000
1.000000 1.000000
1.000000 1.000000
1.000000 1.000000
1.000000 1.000000
1.000000 1.000000
1.000000 1.000000
1.000000 1.000000
1.000000 1.000000
